_ws.col.cls_time,frame.time_relative,tcp.time_relative,frame.number,frame.len,ip.src,tcp.srcport,ip.dst,tcp.dstport,tcp.len,tcp.seq,tcp.ack
"0.000000","0.000000000",,"1","76",,,,,,,
"0.206604","0.206604000",,"2","69","10.0.0.2",,"10.0.0.1",,,,
"0.206616","0.206616000",,"3","69","10.0.0.2",,"10.0.0.1",,,,
"0.209063","0.209063000",,"4","484","10.0.0.1",,"10.0.0.2",,,,
"0.209599","0.209599000",,"5","608","10.0.0.1",,"10.0.0.2",,,,
"0.335023","0.335023000",,"6","76",,,,,,,
"0.394061","0.394061000","0.000000000","7","60","10.0.0.2","40940","95.101.184.27","443","0","0","0"
"0.394863","0.394863000","0.000802000","8","60","95.101.184.27","443","10.0.0.2","40940","0","0","1"
"0.580286","0.580286000","0.186225000","9","52","10.0.0.2","40940","95.101.184.27","443","0","1","1"
"0.580315","0.580315000","0.186254000","10","100","10.0.0.2","40940","95.101.184.27","443","48","1","1"
"0.580333","0.580333000","0.186272000","11","100","10.0.0.2","40940","95.101.184.27","443","48","49","1"
"0.580347","0.580347000","0.186286000","12","100","10.0.0.2","40940","95.101.184.27","443","48","97","1"
"0.580360","0.580360000","0.186299000","13","100","10.0.0.2","40940","95.101.184.27","443","48","145","1"
"0.580374","0.580374000","0.186313000","14","100","10.0.0.2","40940","95.101.184.27","443","48","193","1"
"0.580388","0.580388000","0.186327000","15","100","10.0.0.2","40940","95.101.184.27","443","48","241","1"
"0.580404","0.580404000","0.186343000","16","100","10.0.0.2","40940","95.101.184.27","443","48","289","1"
"0.580418","0.580418000","0.186357000","17","100","10.0.0.2","40940","95.101.184.27","443","48","337","1"
"0.580433","0.580433000","0.186372000","18","74","10.0.0.2","40940","95.101.184.27","443","22","385","1"
"0.581144","0.581144000","0.187083000","19","52","95.101.184.27","443","10.0.0.2","40940","0","1","49"
"0.581182","0.581182000","0.187121000","20","52","95.101.184.27","443","10.0.0.2","40940","0","1","97"
"0.581218","0.581218000","0.187157000","21","52","95.101.184.27","443","10.0.0.2","40940","0","1","145"
"0.581298","0.581298000","0.187237000","22","52","95.101.184.27","443","10.0.0.2","40940","0","1","193"
"0.581311","0.581311000","0.187250000","23","52","95.101.184.27","443","10.0.0.2","40940","0","1","241"
"0.581358","0.581358000","0.187297000","24","52","95.101.184.27","443","10.0.0.2","40940","0","1","289"
"0.581370","0.581370000","0.187309000","25","52","95.101.184.27","443","10.0.0.2","40940","0","1","337"
"0.581414","0.581414000","0.187353000","26","52","95.101.184.27","443","10.0.0.2","40940","0","1","385"
"0.581425","0.581425000","0.187364000","27","52","95.101.184.27","443","10.0.0.2","40940","0","1","407"
"0.583508","0.583508000",,"28","76",,,,,,,
"0.583530","0.583530000",,"29","48",,,,,,,
"0.586159","0.586159000",,"30","76",,,,,,,
"0.620003","0.620003000","0.225942000","31","296","95.101.184.27","443","10.0.0.2","40940","244","1","407"
"0.620040","0.620040000","0.225979000","32","296","95.101.184.27","443","10.0.0.2","40940","244","245","407"
"0.620101","0.620101000","0.226040000","33","296","95.101.184.27","443","10.0.0.2","40940","244","489","407"
"0.620120","0.620120000","0.226059000","34","296","95.101.184.27","443","10.0.0.2","40940","244","733","407"
"0.620173","0.620173000","0.226112000","35","296","95.101.184.27","443","10.0.0.2","40940","244","977","407"
"0.620186","0.620186000","0.226125000","36","280","95.101.184.27","443","10.0.0.2","40940","228","1221","407"
"0.620231","0.620231000","0.226170000","37","296","95.101.184.27","443","10.0.0.2","40940","244","1449","407"
"0.620243","0.620243000","0.226182000","38","296","95.101.184.27","443","10.0.0.2","40940","244","1693","407"
"0.620288","0.620288000","0.226227000","39","296","95.101.184.27","443","10.0.0.2","40940","244","1937","407"
"0.620300","0.620300000","0.226239000","40","296","95.101.184.27","443","10.0.0.2","40940","244","2181","407"
"0.768278","0.768278000","0.374217000","41","52","10.0.0.2","40940","95.101.184.27","443","0","407","245"
"0.768311","0.768311000","0.374250000","42","52","10.0.0.2","40940","95.101.184.27","443","0","407","489"
"0.768334","0.768334000","0.374273000","43","52","10.0.0.2","40940","95.101.184.27","443","0","407","733"
"0.769017","0.769017000","0.374956000","44","296","95.101.184.27","443","10.0.0.2","40940","244","2425","407"
"0.769045","0.769045000","0.374984000","45","296","95.101.184.27","443","10.0.0.2","40940","244","2669","407"
"0.769094","0.769094000","0.375033000","46","296","95.101.184.27","443","10.0.0.2","40940","244","2913","407"
"0.769106","0.769106000","0.375045000","47","296","95.101.184.27","443","10.0.0.2","40940","244","3157","407"
"0.769152","0.769152000","0.375091000","48","296","95.101.184.27","443","10.0.0.2","40940","244","3401","407"
"0.769164","0.769164000","0.375103000","49","296","95.101.184.27","443","10.0.0.2","40940","244","3645","407"
"0.830267","0.830267000","0.436206000","50","52","10.0.0.2","40940","95.101.184.27","443","0","407","977"
"0.830281","0.830281000","0.436220000","51","52","10.0.0.2","40940","95.101.184.27","443","0","407","1221"
"0.830288","0.830288000","0.436227000","52","52","10.0.0.2","40940","95.101.184.27","443","0","407","1449"
"0.830296","0.830296000","0.436235000","53","52","10.0.0.2","40940","95.101.184.27","443","0","407","1693"
"0.830303","0.830303000","0.436242000","54","52","10.0.0.2","40940","95.101.184.27","443","0","407","1937"
"0.830936","0.830936000","0.436875000","55","296","95.101.184.27","443","10.0.0.2","40940","244","3889","407"
"0.830969","0.830969000","0.436908000","56","296","95.101.184.27","443","10.0.0.2","40940","244","4133","407"
"0.831019","0.831019000","0.436958000","57","296","95.101.184.27","443","10.0.0.2","40940","244","4377","407"
"0.831032","0.831032000","0.436971000","58","296","95.101.184.27","443","10.0.0.2","40940","244","4621","407"
"0.831076","0.831076000","0.437015000","59","296","95.101.184.27","443","10.0.0.2","40940","244","4865","407"
"0.831088","0.831088000","0.437027000","60","296","95.101.184.27","443","10.0.0.2","40940","244","5109","407"
"0.831124","0.831124000","0.437063000","61","145","95.101.184.27","443","10.0.0.2","40940","93","5353","407"
"0.893424","0.893424000","0.499363000","62","52","10.0.0.2","40940","95.101.184.27","443","0","407","2181"
"0.893460","0.893460000","0.499399000","63","52","10.0.0.2","40940","95.101.184.27","443","0","407","2425"
"0.955778","0.955778000","0.561717000","64","52","10.0.0.2","40940","95.101.184.27","443","0","407","2669"
"0.955812","0.955812000","0.561751000","65","52","10.0.0.2","40940","95.101.184.27","443","0","407","2913"
"0.955835","0.955835000","0.561774000","66","52","10.0.0.2","40940","95.101.184.27","443","0","407","3157"
"0.955852","0.955852000","0.561791000","67","52","10.0.0.2","40940","95.101.184.27","443","0","407","3401"
"0.955872","0.955872000","0.561811000","68","52","10.0.0.2","40940","95.101.184.27","443","0","407","3645"
"1.018691","1.018691000","0.624630000","69","52","10.0.0.2","40940","95.101.184.27","443","0","407","3889"
"1.018721","1.018721000","0.624660000","70","52","10.0.0.2","40940","95.101.184.27","443","0","407","4865"
"1.080388","1.080388000","0.686327000","71","52","10.0.0.2","40940","95.101.184.27","443","0","407","5446"
"1.080417","1.080417000","0.686356000","72","100","10.0.0.2","40940","95.101.184.27","443","48","407","5446"
"1.080434","1.080434000","0.686373000","73","84","10.0.0.2","40940","95.101.184.27","443","32","455","5446"
"1.080450","1.080450000","0.686389000","74","100","10.0.0.2","40940","95.101.184.27","443","48","487","5446"
"1.080464","1.080464000","0.686403000","75","100","10.0.0.2","40940","95.101.184.27","443","48","535","5446"
"1.080477","1.080477000","0.686416000","76","100","10.0.0.2","40940","95.101.184.27","443","48","583","5446"
"1.081046","1.081046000","0.686985000","77","52","95.101.184.27","443","10.0.0.2","40940","0","5446","455"
"1.081069","1.081069000","0.687008000","78","52","95.101.184.27","443","10.0.0.2","40940","0","5446","487"
"1.081115","1.081115000","0.687054000","79","52","95.101.184.27","443","10.0.0.2","40940","0","5446","535"
"1.081126","1.081126000","0.687065000","80","52","95.101.184.27","443","10.0.0.2","40940","0","5446","583"
"1.081160","1.081160000","0.687099000","81","52","95.101.184.27","443","10.0.0.2","40940","0","5446","631"
"1.100247","1.100247000","0.706186000","82","296","95.101.184.27","443","10.0.0.2","40940","244","5446","631"
"1.100282","1.100282000","0.706221000","83","79","95.101.184.27","443","10.0.0.2","40940","27","5690","631"
"1.100344","1.100344000","0.706283000","84","296","95.101.184.27","443","10.0.0.2","40940","244","5717","631"
"1.100362","1.100362000","0.706301000","85","79","95.101.184.27","443","10.0.0.2","40940","27","5961","631"
"1.159191","1.159191000",,"86","76",,,,,,,
"1.268420","1.268420000","0.874359000","87","53","10.0.0.2","40940","95.101.184.27","443","1","631","5446"
"1.268452","1.268452000","0.874391000","88","52","10.0.0.2","40940","95.101.184.27","443","0","632","5988"
"1.290261","1.290261000","0.896200000","89","296","95.101.184.27","443","10.0.0.2","40940","244","5988","632"
"1.290293","1.290293000","0.896232000","90","296","95.101.184.27","443","10.0.0.2","40940","244","6232","632"
"1.290350","1.290350000","0.896289000","91","296","95.101.184.27","443","10.0.0.2","40940","244","6476","632"
"1.290369","1.290369000","0.896308000","92","296","95.101.184.27","443","10.0.0.2","40940","244","6720","632"
"1.290426","1.290426000","0.896365000","93","296","95.101.184.27","443","10.0.0.2","40940","244","6964","632"
"1.290439","1.290439000","0.896378000","94","296","95.101.184.27","443","10.0.0.2","40940","244","7208","632"
"1.290484","1.290484000","0.896423000","95","296","95.101.184.27","443","10.0.0.2","40940","244","7452","632"
"1.290496","1.290496000","0.896435000","96","296","95.101.184.27","443","10.0.0.2","40940","244","7696","632"
"1.290541","1.290541000","0.896480000","97","296","95.101.184.27","443","10.0.0.2","40940","244","7940","632"
"1.290552","1.290552000","0.896491000","98","296","95.101.184.27","443","10.0.0.2","40940","244","8184","632"
"1.290599","1.290599000","0.896538000","99","296","95.101.184.27","443","10.0.0.2","40940","244","8428","632"
"1.290610","1.290610000","0.896549000","100","264","95.101.184.27","443","10.0.0.2","40940","212","8672","632"
"1.290655","1.290655000","0.896594000","101","296","95.101.184.27","443","10.0.0.2","40940","244","8884","632"
"1.290667","1.290667000","0.896606000","102","296","95.101.184.27","443","10.0.0.2","40940","244","9128","632"
"1.290712","1.290712000","0.896651000","103","296","95.101.184.27","443","10.0.0.2","40940","244","9372","632"
"1.290723","1.290723000","0.896662000","104","296","95.101.184.27","443","10.0.0.2","40940","244","9616","632"
"1.290767","1.290767000","0.896706000","105","296","95.101.184.27","443","10.0.0.2","40940","244","9860","632"
"1.290781","1.290781000","0.896720000","106","296","95.101.184.27","443","10.0.0.2","40940","244","10104","632"
"1.290826","1.290826000","0.896765000","107","296","95.101.184.27","443","10.0.0.2","40940","244","10348","632"
"1.290837","1.290837000","0.896776000","108","296","95.101.184.27","443","10.0.0.2","40940","244","10592","632"
"1.290870","1.290870000","0.896809000","109","296","95.101.184.27","443","10.0.0.2","40940","244","10836","632"
"1.455517","1.455517000","1.061456000","110","52","10.0.0.2","40940","95.101.184.27","443","0","632","7208"
"1.456193","1.456193000","1.062132000","111","296","95.101.184.27","443","10.0.0.2","40940","244","11080","632"
"1.456219","1.456219000","1.062158000","112","296","95.101.184.27","443","10.0.0.2","40940","244","11324","632"
"1.456268","1.456268000","1.062207000","113","296","95.101.184.27","443","10.0.0.2","40940","244","11568","632"
"1.456280","1.456280000","1.062219000","114","296","95.101.184.27","443","10.0.0.2","40940","244","11812","632"
"1.456313","1.456313000","1.062252000","115","296","95.101.184.27","443","10.0.0.2","40940","244","12056","632"
"1.479187","1.479187000",,"116","76",,,,,,,
"1.518730","1.518730000","1.124669000","117","52","10.0.0.2","40940","95.101.184.27","443","0","632","8428"
"1.519513","1.519513000","1.125452000","118","296","95.101.184.27","443","10.0.0.2","40940","244","12300","632"
"1.519548","1.519548000","1.125487000","119","296","95.101.184.27","443","10.0.0.2","40940","244","12544","632"
"1.519605","1.519605000","1.125544000","120","296","95.101.184.27","443","10.0.0.2","40940","244","12788","632"
"1.519625","1.519625000","1.125564000","121","296","95.101.184.27","443","10.0.0.2","40940","244","13032","632"
"1.519683","1.519683000","1.125622000","122","296","95.101.184.27","443","10.0.0.2","40940","244","13276","632"
"1.519704","1.519704000","1.125643000","123","296","95.101.184.27","443","10.0.0.2","40940","244","13520","632"
"1.580483","1.580483000","1.186422000","124","52","10.0.0.2","40940","95.101.184.27","443","0","632","9128"
"1.580514","1.580514000","1.186453000","125","52","10.0.0.2","40940","95.101.184.27","443","0","632","9616"
"1.581185","1.581185000","1.187124000","126","296","95.101.184.27","443","10.0.0.2","40940","244","13764","632"
"1.581226","1.581226000","1.187165000","127","296","95.101.184.27","443","10.0.0.2","40940","244","14008","632"
"1.581278","1.581278000","1.187217000","128","296","95.101.184.27","443","10.0.0.2","40940","244","14252","632"
"1.581290","1.581290000","1.187229000","129","296","95.101.184.27","443","10.0.0.2","40940","244","14496","632"
"1.581324","1.581324000","1.187263000","130","296","95.101.184.27","443","10.0.0.2","40940","244","14740","632"
"1.643885","1.643885000","1.249824000","131","52","10.0.0.2","40940","95.101.184.27","443","0","632","9860"
"1.643909","1.643909000","1.249848000","132","52","10.0.0.2","40940","95.101.184.27","443","0","632","9860"
"1.643960","1.643960000","1.249899000","133","52","10.0.0.2","40940","95.101.184.27","443","0","632","9860"
"1.643976","1.643976000","1.249915000","134","52","10.0.0.2","40940","95.101.184.27","443","0","632","9860"
"1.644438","1.644438000","1.250377000","135","296","95.101.184.27","443","10.0.0.2","40940","244","14984","632"
"1.644472","1.644472000","1.250411000","136","296","95.101.184.27","443","10.0.0.2","40940","244","15228","632"
"1.644521","1.644521000","1.250460000","137","296","95.101.184.27","443","10.0.0.2","40940","244","15472","632"
"1.644533","1.644533000","1.250472000","138","296","95.101.184.27","443","10.0.0.2","40940","244","9860","632"
"1.705363","1.705363000","1.311302000","139","52","10.0.0.2","40940","95.101.184.27","443","0","632","9860"
"1.705395","1.705395000","1.311334000","140","52","10.0.0.2","40940","95.101.184.27","443","0","632","9860"
"1.705413","1.705413000","1.311352000","141","52","10.0.0.2","40940","95.101.184.27","443","0","632","9860"
"1.705429","1.705429000","1.311368000","142","52","10.0.0.2","40940","95.101.184.27","443","0","632","9860"
"1.705443","1.705443000","1.311382000","143","52","10.0.0.2","40940","95.101.184.27","443","0","632","9860"
"1.705985","1.705985000","1.311924000","144","296","95.101.184.27","443","10.0.0.2","40940","244","15716","632"
"1.706022","1.706022000","1.311961000","145","296","95.101.184.27","443","10.0.0.2","40940","244","15960","632"
"1.706073","1.706073000","1.312012000","146","296","95.101.184.27","443","10.0.0.2","40940","244","16204","632"
"1.706085","1.706085000","1.312024000","147","296","95.101.184.27","443","10.0.0.2","40940","244","16448","632"
"1.768907","1.768907000","1.374846000","148","52","10.0.0.2","40940","95.101.184.27","443","0","632","9860"
"1.768970","1.768970000","1.374909000","149","52","10.0.0.2","40940","95.101.184.27","443","0","632","9860"
"1.768983","1.768983000","1.374922000","150","52","10.0.0.2","40940","95.101.184.27","443","0","632","9860"
"1.768994","1.768994000","1.374933000","151","52","10.0.0.2","40940","95.101.184.27","443","0","632","9860"
"1.769005","1.769005000","1.374944000","152","52","10.0.0.2","40940","95.101.184.27","443","0","632","9860"
"1.769423","1.769423000","1.375362000","153","296","95.101.184.27","443","10.0.0.2","40940","244","16692","632"
"1.769458","1.769458000","1.375397000","154","296","95.101.184.27","443","10.0.0.2","40940","244","16936","632"
"1.769495","1.769495000","1.375434000","155","296","95.101.184.27","443","10.0.0.2","40940","244","17180","632"
"1.830261","1.830261000","1.436200000","156","52","10.0.0.2","40940","95.101.184.27","443","0","632","9860"
"1.830291","1.830291000","1.436230000","157","52","10.0.0.2","40940","95.101.184.27","443","0","632","9860"
"1.830309","1.830309000","1.436248000","158","52","10.0.0.2","40940","95.101.184.27","443","0","632","9860"
"1.830325","1.830325000","1.436264000","159","52","10.0.0.2","40940","95.101.184.27","443","0","632","9860"
"1.830339","1.830339000","1.436278000","160","52","10.0.0.2","40940","95.101.184.27","443","0","632","9860"
"1.830831","1.830831000","1.436770000","161","296","95.101.184.27","443","10.0.0.2","40940","244","17424","632"
"1.830867","1.830867000","1.436806000","162","296","95.101.184.27","443","10.0.0.2","40940","244","17668","632"
"1.830907","1.830907000","1.436846000","163","296","95.101.184.27","443","10.0.0.2","40940","244","17912","632"
"1.893743","1.893743000","1.499682000","164","52","10.0.0.2","40940","95.101.184.27","443","0","632","10104"
"1.893766","1.893766000","1.499705000","165","52","10.0.0.2","40940","95.101.184.27","443","0","632","10104"
"1.893781","1.893781000","1.499720000","166","52","10.0.0.2","40940","95.101.184.27","443","0","632","10104"
"1.893796","1.893796000","1.499735000","167","52","10.0.0.2","40940","95.101.184.27","443","0","632","10104"
"1.893810","1.893810000","1.499749000","168","52","10.0.0.2","40940","95.101.184.27","443","0","632","10104"
"1.894356","1.894356000","1.500295000","169","296","95.101.184.27","443","10.0.0.2","40940","244","10104","632"
"1.894394","1.894394000","1.500333000","170","296","95.101.184.27","443","10.0.0.2","40940","244","18156","632"
"1.894444","1.894444000","1.500383000","171","296","95.101.184.27","443","10.0.0.2","40940","244","18400","632"
"1.894456","1.894456000","1.500395000","172","296","95.101.184.27","443","10.0.0.2","40940","244","18644","632"
"1.894491","1.894491000","1.500430000","173","296","95.101.184.27","443","10.0.0.2","40940","244","18888","632"
"1.955878","1.955878000","1.561817000","174","52","10.0.0.2","40940","95.101.184.27","443","0","632","10104"
"1.955904","1.955904000","1.561843000","175","52","10.0.0.2","40940","95.101.184.27","443","0","632","10104"
"1.955938","1.955938000","1.561877000","176","52","10.0.0.2","40940","95.101.184.27","443","0","632","10104"
"1.956467","1.956467000","1.562406000","177","296","95.101.184.27","443","10.0.0.2","40940","244","19132","632"
"1.956503","1.956503000","1.562442000","178","296","95.101.184.27","443","10.0.0.2","40940","244","19376","632"
"1.956542","1.956542000","1.562481000","179","296","95.101.184.27","443","10.0.0.2","40940","244","19620","632"
"2.018520","2.018520000","1.624459000","180","52","10.0.0.2","40940","95.101.184.27","443","0","632","10104"
"2.018550","2.018550000","1.624489000","181","52","10.0.0.2","40940","95.101.184.27","443","0","632","10104"
"2.018568","2.018568000","1.624507000","182","52","10.0.0.2","40940","95.101.184.27","443","0","632","10104"
"2.019055","2.019055000","1.624994000","183","296","95.101.184.27","443","10.0.0.2","40940","244","19864","632"
"2.019091","2.019091000","1.625030000","184","296","95.101.184.27","443","10.0.0.2","40940","244","20108","632"
"2.019130","2.019130000","1.625069000","185","296","95.101.184.27","443","10.0.0.2","40940","244","20352","632"
"2.080430","2.080430000","1.686369000","186","52","10.0.0.2","40940","95.101.184.27","443","0","632","10348"
"2.080465","2.080465000","1.686404000","187","52","10.0.0.2","40940","95.101.184.27","443","0","632","10348"
"2.080486","2.080486000","1.686425000","188","52","10.0.0.2","40940","95.101.184.27","443","0","632","10348"
"2.080502","2.080502000","1.686441000","189","52","10.0.0.2","40940","95.101.184.27","443","0","632","10348"
"2.080521","2.080521000","1.686460000","190","52","10.0.0.2","40940","95.101.184.27","443","0","632","10348"
"2.081022","2.081022000","1.686961000","191","296","95.101.184.27","443","10.0.0.2","40940","244","10348","632"
"2.081057","2.081057000","1.686996000","192","296","95.101.184.27","443","10.0.0.2","40940","244","20596","632"
"2.081107","2.081107000","1.687046000","193","296","95.101.184.27","443","10.0.0.2","40940","244","20840","632"
"2.081119","2.081119000","1.687058000","194","296","95.101.184.27","443","10.0.0.2","40940","244","21084","632"
"2.081165","2.081165000","1.687104000","195","296","95.101.184.27","443","10.0.0.2","40940","244","21328","632"
"2.081178","2.081178000","1.687117000","196","296","95.101.184.27","443","10.0.0.2","40940","244","21572","632"
"2.143225","2.143225000","1.749164000","197","52","10.0.0.2","40940","95.101.184.27","443","0","632","10348"
"2.143253","2.143253000","1.749192000","198","52","10.0.0.2","40940","95.101.184.27","443","0","632","10348"
"2.143271","2.143271000","1.749210000","199","52","10.0.0.2","40940","95.101.184.27","443","0","632","10348"
"2.143867","2.143867000","1.749806000","200","296","95.101.184.27","443","10.0.0.2","40940","244","21816","632"
"2.143903","2.143903000","1.749842000","201","296","95.101.184.27","443","10.0.0.2","40940","244","22060","632"
"2.143975","2.143975000","1.749914000","202","296","95.101.184.27","443","10.0.0.2","40940","244","22304","632"
"2.205639","2.205639000","1.811578000","203","52","10.0.0.2","40940","95.101.184.27","443","0","632","10348"
"2.205669","2.205669000","1.811608000","204","52","10.0.0.2","40940","95.101.184.27","443","0","632","10348"
"2.205685","2.205685000","1.811624000","205","52","10.0.0.2","40940","95.101.184.27","443","0","632","10348"
"2.206134","2.206134000","1.812073000","206","296","95.101.184.27","443","10.0.0.2","40940","244","22548","632"
"2.206170","2.206170000","1.812109000","207","296","95.101.184.27","443","10.0.0.2","40940","244","22792","632"
"2.206206","2.206206000","1.812145000","208","296","95.101.184.27","443","10.0.0.2","40940","244","23036","632"
"2.268758","2.268758000","1.874697000","209","52","10.0.0.2","40940","95.101.184.27","443","0","632","10592"
"2.268788","2.268788000","1.874727000","210","52","10.0.0.2","40940","95.101.184.27","443","0","632","10592"
"2.268806","2.268806000","1.874745000","211","52","10.0.0.2","40940","95.101.184.27","443","0","632","10592"
"2.268821","2.268821000","1.874760000","212","52","10.0.0.2","40940","95.101.184.27","443","0","632","10592"
"2.268836","2.268836000","1.874775000","213","52","10.0.0.2","40940","95.101.184.27","443","0","632","10592"
"2.269352","2.269352000","1.875291000","214","296","95.101.184.27","443","10.0.0.2","40940","244","10592","632"
"2.269389","2.269389000","1.875328000","215","296","95.101.184.27","443","10.0.0.2","40940","244","23280","632"
"2.269441","2.269441000","1.875380000","216","296","95.101.184.27","443","10.0.0.2","40940","244","23524","632"
"2.269453","2.269453000","1.875392000","217","296","95.101.184.27","443","10.0.0.2","40940","244","23768","632"
"2.269502","2.269502000","1.875441000","218","296","95.101.184.27","443","10.0.0.2","40940","244","24012","632"
"2.269515","2.269515000","1.875454000","219","296","95.101.184.27","443","10.0.0.2","40940","244","24256","632"
"2.330741","2.330741000","1.936680000","220","52","10.0.0.2","40940","95.101.184.27","443","0","632","10592"
"2.330773","2.330773000","1.936712000","221","52","10.0.0.2","40940","95.101.184.27","443","0","632","10592"
"2.330792","2.330792000","1.936731000","222","52","10.0.0.2","40940","95.101.184.27","443","0","632","10592"
"2.330812","2.330812000","1.936751000","223","52","10.0.0.2","40940","95.101.184.27","443","0","632","10592"
"2.331337","2.331337000","1.937276000","224","296","95.101.184.27","443","10.0.0.2","40940","244","24500","632"
"2.331373","2.331373000","1.937312000","225","296","95.101.184.27","443","10.0.0.2","40940","244","24744","632"
"2.331422","2.331422000","1.937361000","226","296","95.101.184.27","443","10.0.0.2","40940","244","24988","632"
"2.331435","2.331435000","1.937374000","227","296","95.101.184.27","443","10.0.0.2","40940","244","25232","632"
"2.393790","2.393790000","1.999729000","228","52","10.0.0.2","40940","95.101.184.27","443","0","632","10592"
"2.393824","2.393824000","1.999763000","229","52","10.0.0.2","40940","95.101.184.27","443","0","632","10592"
"2.393842","2.393842000","1.999781000","230","52","10.0.0.2","40940","95.101.184.27","443","0","632","10592"
"2.394336","2.394336000","2.000275000","231","296","95.101.184.27","443","10.0.0.2","40940","244","25476","632"
"2.394414","2.394414000","2.000353000","232","296","95.101.184.27","443","10.0.0.2","40940","244","25720","632"
"2.394427","2.394427000","2.000366000","233","296","95.101.184.27","443","10.0.0.2","40940","244","25964","632"
"2.455153","2.455153000","2.061092000","234","52","10.0.0.2","40940","95.101.184.27","443","0","632","10836"
"2.455183","2.455183000","2.061122000","235","52","10.0.0.2","40940","95.101.184.27","443","0","632","10836"
"2.455200","2.455200000","2.061139000","236","52","10.0.0.2","40940","95.101.184.27","443","0","632","10836"
"2.455215","2.455215000","2.061154000","237","52","10.0.0.2","40940","95.101.184.27","443","0","632","10836"
"2.455229","2.455229000","2.061168000","238","52","10.0.0.2","40940","95.101.184.27","443","0","632","10836"
"2.455733","2.455733000","2.061672000","239","296","95.101.184.27","443","10.0.0.2","40940","244","10836","632"
"2.455767","2.455767000","2.061706000","240","296","95.101.184.27","443","10.0.0.2","40940","244","26208","632"
"2.455819","2.455819000","2.061758000","241","296","95.101.184.27","443","10.0.0.2","40940","244","26452","632"
"2.455833","2.455833000","2.061772000","242","296","95.101.184.27","443","10.0.0.2","40940","244","26696","632"
"2.455880","2.455880000","2.061819000","243","296","95.101.184.27","443","10.0.0.2","40940","244","26940","632"
"2.455896","2.455896000","2.061835000","244","296","95.101.184.27","443","10.0.0.2","40940","244","27184","632"
"2.518210","2.518210000","2.124149000","245","52","10.0.0.2","40940","95.101.184.27","443","0","632","10836"
"2.518245","2.518245000","2.124184000","246","52","10.0.0.2","40940","95.101.184.27","443","0","632","10836"
"2.518264","2.518264000","2.124203000","247","52","10.0.0.2","40940","95.101.184.27","443","0","632","10836"
"2.518279","2.518279000","2.124218000","248","52","10.0.0.2","40940","95.101.184.27","443","0","632","10836"
"2.518295","2.518295000","2.124234000","249","52","10.0.0.2","40940","95.101.184.27","443","0","632","10836"
"2.518786","2.518786000","2.124725000","250","296","95.101.184.27","443","10.0.0.2","40940","244","27428","632"
"2.518822","2.518822000","2.124761000","251","296","95.101.184.27","443","10.0.0.2","40940","244","27672","632"
"2.518873","2.518873000","2.124812000","252","296","95.101.184.27","443","10.0.0.2","40940","244","27916","632"
"2.518885","2.518885000","2.124824000","253","296","95.101.184.27","443","10.0.0.2","40940","244","28160","632"
"2.518950","2.518950000","2.124889000","254","296","95.101.184.27","443","10.0.0.2","40940","244","28404","632"
"2.580253","2.580253000","2.186192000","255","52","10.0.0.2","40940","95.101.184.27","443","0","632","10836"
"2.580287","2.580287000","2.186226000","256","52","10.0.0.2","40940","95.101.184.27","443","0","632","10836"
"2.580309","2.580309000","2.186248000","257","52","10.0.0.2","40940","95.101.184.27","443","0","632","10836"
"2.580803","2.580803000","2.186742000","258","296","95.101.184.27","443","10.0.0.2","40940","244","28648","632"
"2.580838","2.580838000","2.186777000","259","296","95.101.184.27","443","10.0.0.2","40940","244","28892","632"
"2.580876","2.580876000","2.186815000","260","296","95.101.184.27","443","10.0.0.2","40940","244","29136","632"
"2.643681","2.643681000","2.249620000","261","52","10.0.0.2","40940","95.101.184.27","443","0","632","26208"
"2.643711","2.643711000","2.249650000","262","52","10.0.0.2","40940","95.101.184.27","443","0","632","27184"
"2.644318","2.644318000","2.250257000","263","296","95.101.184.27","443","10.0.0.2","40940","244","29380","632"
"2.644362","2.644362000","2.250301000","264","296","95.101.184.27","443","10.0.0.2","40940","244","29624","632"
"2.644427","2.644427000","2.250366000","265","296","95.101.184.27","443","10.0.0.2","40940","244","29868","632"
"2.644445","2.644445000","2.250384000","266","296","95.101.184.27","443","10.0.0.2","40940","244","30112","632"
"2.644503","2.644503000","2.250442000","267","296","95.101.184.27","443","10.0.0.2","40940","244","30356","632"
"2.644521","2.644521000","2.250460000","268","296","95.101.184.27","443","10.0.0.2","40940","244","30600","632"
"2.705511","2.705511000","2.311450000","269","52","10.0.0.2","40940","95.101.184.27","443","0","632","28404"
"2.706109","2.706109000","2.312048000","270","296","95.101.184.27","443","10.0.0.2","40940","244","30844","632"
"2.706145","2.706145000","2.312084000","271","296","95.101.184.27","443","10.0.0.2","40940","244","31088","632"
"2.706196","2.706196000","2.312135000","272","296","95.101.184.27","443","10.0.0.2","40940","244","31332","632"
"2.706208","2.706208000","2.312147000","273","296","95.101.184.27","443","10.0.0.2","40940","244","31576","632"
"2.706253","2.706253000","2.312192000","274","296","95.101.184.27","443","10.0.0.2","40940","244","31820","632"
"2.706265","2.706265000","2.312204000","275","296","95.101.184.27","443","10.0.0.2","40940","244","32064","632"
"2.768578","2.768578000","2.374517000","276","52","10.0.0.2","40940","95.101.184.27","443","0","632","29380"
"2.769177","2.769177000","2.375116000","277","296","95.101.184.27","443","10.0.0.2","40940","244","32308","632"
"2.769213","2.769213000","2.375152000","278","296","95.101.184.27","443","10.0.0.2","40940","244","32552","632"
"2.769263","2.769263000","2.375202000","279","296","95.101.184.27","443","10.0.0.2","40940","244","32796","632"
"2.769275","2.769275000","2.375214000","280","296","95.101.184.27","443","10.0.0.2","40940","244","33040","632"
"2.769308","2.769308000","2.375247000","281","296","95.101.184.27","443","10.0.0.2","40940","244","33284","632"
"2.830147","2.830147000","2.436086000","282","52","10.0.0.2","40940","95.101.184.27","443","0","632","30600"
"2.830769","2.830769000","2.436708000","283","296","95.101.184.27","443","10.0.0.2","40940","244","33528","632"
"2.830806","2.830806000","2.436745000","284","296","95.101.184.27","443","10.0.0.2","40940","244","33772","632"
"2.830856","2.830856000","2.436795000","285","296","95.101.184.27","443","10.0.0.2","40940","244","34016","632"
"2.830868","2.830868000","2.436807000","286","296","95.101.184.27","443","10.0.0.2","40940","244","34260","632"
"2.830902","2.830902000","2.436841000","287","296","95.101.184.27","443","10.0.0.2","40940","244","34504","632"
"2.893869","2.893869000","2.499808000","288","52","10.0.0.2","40940","95.101.184.27","443","0","632","31820"
"2.894595","2.894595000","2.500534000","289","296","95.101.184.27","443","10.0.0.2","40940","244","34748","632"
"2.894640","2.894640000","2.500579000","290","296","95.101.184.27","443","10.0.0.2","40940","244","34992","632"
"2.894704","2.894704000","2.500643000","291","296","95.101.184.27","443","10.0.0.2","40940","244","35236","632"
"2.894723","2.894723000","2.500662000","292","296","95.101.184.27","443","10.0.0.2","40940","244","35480","632"
"2.894768","2.894768000","2.500707000","293","296","95.101.184.27","443","10.0.0.2","40940","244","35724","632"
"2.955785","2.955785000","2.561724000","294","52","10.0.0.2","40940","95.101.184.27","443","0","632","32308"
"2.955814","2.955814000","2.561753000","295","52","10.0.0.2","40940","95.101.184.27","443","0","632","32796"
"2.956465","2.956465000","2.562404000","296","296","95.101.184.27","443","10.0.0.2","40940","244","35968","632"
"2.956501","2.956501000","2.562440000","297","296","95.101.184.27","443","10.0.0.2","40940","244","36212","632"
"2.956554","2.956554000","2.562493000","298","296","95.101.184.27","443","10.0.0.2","40940","244","36456","632"
"2.956566","2.956566000","2.562505000","299","296","95.101.184.27","443","10.0.0.2","40940","244","36700","632"
"2.956599","2.956599000","2.562538000","300","296","95.101.184.27","443","10.0.0.2","40940","244","36944","632"
"3.018804","3.018804000","2.624743000","301","52","10.0.0.2","40940","95.101.184.27","443","0","632","33040"
"3.018836","3.018836000","2.624775000","302","52","10.0.0.2","40940","95.101.184.27","443","0","632","33284"
"3.018855","3.018855000","2.624794000","303","52","10.0.0.2","40940","95.101.184.27","443","0","632","33528"
"3.018873","3.018873000","2.624812000","304","52","10.0.0.2","40940","95.101.184.27","443","0","632","33772"
"3.018888","3.018888000","2.624827000","305","52","10.0.0.2","40940","95.101.184.27","443","0","632","34016"
"3.018904","3.018904000","2.624843000","306","52","10.0.0.2","40940","95.101.184.27","443","0","632","34260"
"3.019291","3.019291000","2.625230000","307","296","95.101.184.27","443","10.0.0.2","40940","244","37188","632"
"3.019317","3.019317000","2.625256000","308","296","95.101.184.27","443","10.0.0.2","40940","244","37432","632"
"3.019521","3.019521000","2.625460000","309","296","95.101.184.27","443","10.0.0.2","40940","244","37676","632"
"3.019555","3.019555000","2.625494000","310","296","95.101.184.27","443","10.0.0.2","40940","244","37920","632"
"3.019605","3.019605000","2.625544000","311","296","95.101.184.27","443","10.0.0.2","40940","244","38164","632"
"3.019617","3.019617000","2.625556000","312","296","95.101.184.27","443","10.0.0.2","40940","244","38408","632"
"3.080416","3.080416000","2.686355000","313","52","10.0.0.2","40940","95.101.184.27","443","0","632","34504"
"3.080444","3.080444000","2.686383000","314","52","10.0.0.2","40940","95.101.184.27","443","0","632","34748"
"3.080463","3.080463000","2.686402000","315","52","10.0.0.2","40940","95.101.184.27","443","0","632","34992"
"3.080478","3.080478000","2.686417000","316","52","10.0.0.2","40940","95.101.184.27","443","0","632","35236"
"3.080491","3.080491000","2.686430000","317","52","10.0.0.2","40940","95.101.184.27","443","0","632","35480"
"3.080899","3.080899000","2.686838000","318","296","95.101.184.27","443","10.0.0.2","40940","244","38652","632"
"3.080995","3.080995000","2.686934000","319","296","95.101.184.27","443","10.0.0.2","40940","244","38896","632"
"3.081009","3.081009000","2.686948000","320","296","95.101.184.27","443","10.0.0.2","40940","244","39140","632"
"3.081055","3.081055000","2.686994000","321","296","95.101.184.27","443","10.0.0.2","40940","244","39384","632"
"3.081067","3.081067000","2.687006000","322","296","95.101.184.27","443","10.0.0.2","40940","244","39628","632"
"3.143194","3.143194000","2.749133000","323","52","10.0.0.2","40940","95.101.184.27","443","0","632","35724"
"3.143224","3.143224000","2.749163000","324","52","10.0.0.2","40940","95.101.184.27","443","0","632","35968"
"3.143243","3.143243000","2.749182000","325","52","10.0.0.2","40940","95.101.184.27","443","0","632","36212"
"3.143259","3.143259000","2.749198000","326","52","10.0.0.2","40940","95.101.184.27","443","0","632","36456"
"3.143275","3.143275000","2.749214000","327","52","10.0.0.2","40940","95.101.184.27","443","0","632","36700"
"3.143783","3.143783000","2.749722000","328","296","95.101.184.27","443","10.0.0.2","40940","244","39872","632"
"3.143821","3.143821000","2.749760000","329","296","95.101.184.27","443","10.0.0.2","40940","244","40116","632"
"3.143872","3.143872000","2.749811000","330","296","95.101.184.27","443","10.0.0.2","40940","244","40360","632"
"3.143883","3.143883000","2.749822000","331","296","95.101.184.27","443","10.0.0.2","40940","244","40604","632"
"3.143953","3.143953000","2.749892000","332","296","95.101.184.27","443","10.0.0.2","40940","244","40848","632"
"3.143968","3.143968000","2.749907000","333","296","95.101.184.27","443","10.0.0.2","40940","244","41092","632"
"3.205321","3.205321000","2.811260000","334","52","10.0.0.2","40940","95.101.184.27","443","0","632","36944"
"3.205353","3.205353000","2.811292000","335","52","10.0.0.2","40940","95.101.184.27","443","0","632","37188"
"3.205375","3.205375000","2.811314000","336","52","10.0.0.2","40940","95.101.184.27","443","0","632","37432"
"3.205394","3.205394000","2.811333000","337","52","10.0.0.2","40940","95.101.184.27","443","0","632","37676"
"3.205410","3.205410000","2.811349000","338","52","10.0.0.2","40940","95.101.184.27","443","0","632","37920"
"3.205885","3.205885000","2.811824000","339","296","95.101.184.27","443","10.0.0.2","40940","244","41336","632"
"3.205962","3.205962000","2.811901000","340","296","95.101.184.27","443","10.0.0.2","40940","244","41580","632"
"3.206016","3.206016000","2.811955000","341","296","95.101.184.27","443","10.0.0.2","40940","244","41824","632"
"3.206028","3.206028000","2.811967000","342","296","95.101.184.27","443","10.0.0.2","40940","244","42068","632"
"3.206062","3.206062000","2.812001000","343","296","95.101.184.27","443","10.0.0.2","40940","244","42312","632"
"3.268661","3.268661000","2.874600000","344","52","10.0.0.2","40940","95.101.184.27","443","0","632","38164"
"3.268687","3.268687000","2.874626000","345","52","10.0.0.2","40940","95.101.184.27","443","0","632","38408"
"3.268704","3.268704000","2.874643000","346","52","10.0.0.2","40940","95.101.184.27","443","0","632","38652"
"3.268716","3.268716000","2.874655000","347","52","10.0.0.2","40940","95.101.184.27","443","0","632","38896"
"3.268727","3.268727000","2.874666000","348","52","10.0.0.2","40940","95.101.184.27","443","0","632","39140"
"3.269231","3.269231000","2.875170000","349","296","95.101.184.27","443","10.0.0.2","40940","244","42556","632"
"3.269266","3.269266000","2.875205000","350","296","95.101.184.27","443","10.0.0.2","40940","244","42800","632"
"3.269317","3.269317000","2.875256000","351","296","95.101.184.27","443","10.0.0.2","40940","244","43044","632"
"3.269328","3.269328000","2.875267000","352","296","95.101.184.27","443","10.0.0.2","40940","244","43288","632"
"3.269362","3.269362000","2.875301000","353","296","95.101.184.27","443","10.0.0.2","40940","244","43532","632"
"3.330794","3.330794000","2.936733000","354","52","10.0.0.2","40940","95.101.184.27","443","0","632","39384"
"3.330828","3.330828000","2.936767000","355","52","10.0.0.2","40940","95.101.184.27","443","0","632","39628"
"3.330849","3.330849000","2.936788000","356","52","10.0.0.2","40940","95.101.184.27","443","0","632","39872"
"3.330865","3.330865000","2.936804000","357","52","10.0.0.2","40940","95.101.184.27","443","0","632","40116"
"3.330880","3.330880000","2.936819000","358","52","10.0.0.2","40940","95.101.184.27","443","0","632","40360"
"3.331376","3.331376000","2.937315000","359","296","95.101.184.27","443","10.0.0.2","40940","244","43776","632"
"3.331413","3.331413000","2.937352000","360","296","95.101.184.27","443","10.0.0.2","40940","244","44020","632"
"3.331464","3.331464000","2.937403000","361","296","95.101.184.27","443","10.0.0.2","40940","244","44264","632"
"3.331477","3.331477000","2.937416000","362","296","95.101.184.27","443","10.0.0.2","40940","244","44508","632"
"3.331522","3.331522000","2.937461000","363","296","95.101.184.27","443","10.0.0.2","40940","244","44752","632"
"3.331534","3.331534000","2.937473000","364","296","95.101.184.27","443","10.0.0.2","40940","244","44996","632"
"3.393762","3.393762000","2.999701000","365","52","10.0.0.2","40940","95.101.184.27","443","0","632","40604"
"3.393791","3.393791000","2.999730000","366","52","10.0.0.2","40940","95.101.184.27","443","0","632","40848"
"3.393810","3.393810000","2.999749000","367","52","10.0.0.2","40940","95.101.184.27","443","0","632","41092"
"3.393825","3.393825000","2.999764000","368","52","10.0.0.2","40940","95.101.184.27","443","0","632","41336"
"3.393843","3.393843000","2.999782000","369","52","10.0.0.2","40940","95.101.184.27","443","0","632","41580"
"3.394302","3.394302000","3.000241000","370","296","95.101.184.27","443","10.0.0.2","40940","244","45240","632"
"3.394380","3.394380000","3.000319000","371","296","95.101.184.27","443","10.0.0.2","40940","244","45484","632"
"3.394394","3.394394000","3.000333000","372","296","95.101.184.27","443","10.0.0.2","40940","244","45728","632"
"3.394440","3.394440000","3.000379000","373","296","95.101.184.27","443","10.0.0.2","40940","244","45972","632"
"3.394452","3.394452000","3.000391000","374","296","95.101.184.27","443","10.0.0.2","40940","244","46216","632"
"3.455374","3.455374000","3.061313000","375","52","10.0.0.2","40940","95.101.184.27","443","0","632","41824"
"3.455389","3.455389000","3.061328000","376","52","10.0.0.2","40940","95.101.184.27","443","0","632","42068"
"3.455396","3.455396000","3.061335000","377","52","10.0.0.2","40940","95.101.184.27","443","0","632","42312"
"3.455404","3.455404000","3.061343000","378","52","10.0.0.2","40940","95.101.184.27","443","0","632","42556"
"3.455412","3.455412000","3.061351000","379","52","10.0.0.2","40940","95.101.184.27","443","0","632","42800"
"3.455747","3.455747000","3.061686000","380","296","95.101.184.27","443","10.0.0.2","40940","244","46460","632"
"3.455765","3.455765000","3.061704000","381","296","95.101.184.27","443","10.0.0.2","40940","244","46704","632"
"3.455788","3.455788000","3.061727000","382","296","95.101.184.27","443","10.0.0.2","40940","244","46948","632"
"3.455794","3.455794000","3.061733000","383","296","95.101.184.27","443","10.0.0.2","40940","244","47192","632"
"3.455809","3.455809000","3.061748000","384","296","95.101.184.27","443","10.0.0.2","40940","244","47436","632"
"3.519046","3.519046000","3.124985000","385","52","10.0.0.2","40940","95.101.184.27","443","0","632","43044"
"3.519079","3.519079000","3.125018000","386","52","10.0.0.2","40940","95.101.184.27","443","0","632","43288"
"3.519098","3.519098000","3.125037000","387","52","10.0.0.2","40940","95.101.184.27","443","0","632","43532"
"3.519114","3.519114000","3.125053000","388","52","10.0.0.2","40940","95.101.184.27","443","0","632","43776"
"3.519130","3.519130000","3.125069000","389","52","10.0.0.2","40940","95.101.184.27","443","0","632","44020"
"3.519604","3.519604000","3.125543000","390","296","95.101.184.27","443","10.0.0.2","40940","244","47680","632"
"3.519641","3.519641000","3.125580000","391","296","95.101.184.27","443","10.0.0.2","40940","244","47924","632"
"3.519694","3.519694000","3.125633000","392","296","95.101.184.27","443","10.0.0.2","40940","244","48168","632"
"3.519707","3.519707000","3.125646000","393","296","95.101.184.27","443","10.0.0.2","40940","244","48412","632"
"3.519740","3.519740000","3.125679000","394","296","95.101.184.27","443","10.0.0.2","40940","244","48656","632"
"3.580949","3.580949000","3.186888000","395","52","10.0.0.2","40940","95.101.184.27","443","0","632","44264"
"3.580996","3.580996000","3.186935000","396","52","10.0.0.2","40940","95.101.184.27","443","0","632","44508"
"3.581017","3.581017000","3.186956000","397","52","10.0.0.2","40940","95.101.184.27","443","0","632","44752"
"3.581034","3.581034000","3.186973000","398","52","10.0.0.2","40940","95.101.184.27","443","0","632","44996"
"3.581049","3.581049000","3.186988000","399","52","10.0.0.2","40940","95.101.184.27","443","0","632","45240"
"3.581522","3.581522000","3.187461000","400","296","95.101.184.27","443","10.0.0.2","40940","244","48900","632"
"3.581560","3.581560000","3.187499000","401","296","95.101.184.27","443","10.0.0.2","40940","244","49144","632"
"3.581610","3.581610000","3.187549000","402","296","95.101.184.27","443","10.0.0.2","40940","244","49388","632"
"3.581622","3.581622000","3.187561000","403","296","95.101.184.27","443","10.0.0.2","40940","244","49632","632"
"3.581668","3.581668000","3.187607000","404","296","95.101.184.27","443","10.0.0.2","40940","244","49876","632"
"3.581680","3.581680000","3.187619000","405","296","95.101.184.27","443","10.0.0.2","40940","244","50120","632"
"3.591011","3.591011000",,"406","48",,,,,,,
"3.643414","3.643414000","3.249353000","407","52","10.0.0.2","40940","95.101.184.27","443","0","632","45484"
"3.643442","3.643442000","3.249381000","408","52","10.0.0.2","40940","95.101.184.27","443","0","632","45728"
"3.643460","3.643460000","3.249399000","409","52","10.0.0.2","40940","95.101.184.27","443","0","632","45972"
"3.643475","3.643475000","3.249414000","410","52","10.0.0.2","40940","95.101.184.27","443","0","632","46216"
"3.643489","3.643489000","3.249428000","411","52","10.0.0.2","40940","95.101.184.27","443","0","632","46460"
"3.644019","3.644019000","3.249958000","412","296","95.101.184.27","443","10.0.0.2","40940","244","50364","632"
"3.644052","3.644052000","3.249991000","413","296","95.101.184.27","443","10.0.0.2","40940","244","50608","632"
"3.644105","3.644105000","3.250044000","414","296","95.101.184.27","443","10.0.0.2","40940","244","50852","632"
"3.644116","3.644116000","3.250055000","415","296","95.101.184.27","443","10.0.0.2","40940","244","51096","632"
"3.644151","3.644151000","3.250090000","416","296","95.101.184.27","443","10.0.0.2","40940","244","51340","632"
"3.705395","3.705395000","3.311334000","417","52","10.0.0.2","40940","95.101.184.27","443","0","632","46704"
"3.705426","3.705426000","3.311365000","418","52","10.0.0.2","40940","95.101.184.27","443","0","632","46948"
"3.705445","3.705445000","3.311384000","419","52","10.0.0.2","40940","95.101.184.27","443","0","632","47192"
"3.705462","3.705462000","3.311401000","420","52","10.0.0.2","40940","95.101.184.27","443","0","632","47436"
"3.705478","3.705478000","3.311417000","421","52","10.0.0.2","40940","95.101.184.27","443","0","632","47680"
"3.705996","3.705996000","3.311935000","422","296","95.101.184.27","443","10.0.0.2","40940","244","51584","632"
"3.706032","3.706032000","3.311971000","423","296","95.101.184.27","443","10.0.0.2","40940","244","51828","632"
"3.706082","3.706082000","3.312021000","424","296","95.101.184.27","443","10.0.0.2","40940","244","52072","632"
"3.706094","3.706094000","3.312033000","425","296","95.101.184.27","443","10.0.0.2","40940","244","52316","632"
"3.706131","3.706131000","3.312070000","426","296","95.101.184.27","443","10.0.0.2","40940","244","52560","632"
"3.768367","3.768367000","3.374306000","427","52","10.0.0.2","40940","95.101.184.27","443","0","632","47924"
"3.768398","3.768398000","3.374337000","428","52","10.0.0.2","40940","95.101.184.27","443","0","632","48168"
"3.768417","3.768417000","3.374356000","429","52","10.0.0.2","40940","95.101.184.27","443","0","632","48412"
"3.768435","3.768435000","3.374374000","430","52","10.0.0.2","40940","95.101.184.27","443","0","632","48656"
"3.768452","3.768452000","3.374391000","431","52","10.0.0.2","40940","95.101.184.27","443","0","632","48900"
"3.768964","3.768964000","3.374903000","432","296","95.101.184.27","443","10.0.0.2","40940","244","52804","632"
"3.769000","3.769000000","3.374939000","433","296","95.101.184.27","443","10.0.0.2","40940","244","53048","632"
"3.769050","3.769050000","3.374989000","434","296","95.101.184.27","443","10.0.0.2","40940","244","53292","632"
"3.769062","3.769062000","3.375001000","435","296","95.101.184.27","443","10.0.0.2","40940","244","53536","632"
"3.769096","3.769096000","3.375035000","436","296","95.101.184.27","443","10.0.0.2","40940","244","53780","632"
"3.830739","3.830739000","3.436678000","437","52","10.0.0.2","40940","95.101.184.27","443","0","632","49144"
"3.830766","3.830766000","3.436705000","438","52","10.0.0.2","40940","95.101.184.27","443","0","632","49388"
"3.830781","3.830781000","3.436720000","439","52","10.0.0.2","40940","95.101.184.27","443","0","632","49632"
"3.830793","3.830793000","3.436732000","440","52","10.0.0.2","40940","95.101.184.27","443","0","632","49876"
"3.830804","3.830804000","3.436743000","441","52","10.0.0.2","40940","95.101.184.27","443","0","632","50120"
"3.831285","3.831285000","3.437224000","442","296","95.101.184.27","443","10.0.0.2","40940","244","54024","632"
"3.831453","3.831453000","3.437392000","443","296","95.101.184.27","443","10.0.0.2","40940","244","54268","632"
"3.831474","3.831474000","3.437413000","444","296","95.101.184.27","443","10.0.0.2","40940","244","54512","632"
"3.831522","3.831522000","3.437461000","445","296","95.101.184.27","443","10.0.0.2","40940","244","54756","632"
"3.831533","3.831533000","3.437472000","446","296","95.101.184.27","443","10.0.0.2","40940","244","55000","632"
"3.831566","3.831566000","3.437505000","447","296","95.101.184.27","443","10.0.0.2","40940","244","55244","632"
"3.893788","3.893788000","3.499727000","448","52","10.0.0.2","40940","95.101.184.27","443","0","632","50364"
"3.893820","3.893820000","3.499759000","449","52","10.0.0.2","40940","95.101.184.27","443","0","632","50608"
"3.893840","3.893840000","3.499779000","450","52","10.0.0.2","40940","95.101.184.27","443","0","632","50852"
"3.893858","3.893858000","3.499797000","451","52","10.0.0.2","40940","95.101.184.27","443","0","632","51096"
"3.893875","3.893875000","3.499814000","452","52","10.0.0.2","40940","95.101.184.27","443","0","632","51340"
"3.894319","3.894319000","3.500258000","453","296","95.101.184.27","443","10.0.0.2","40940","244","55488","632"
"3.894395","3.894395000","3.500334000","454","296","95.101.184.27","443","10.0.0.2","40940","244","55732","632"
"3.894407","3.894407000","3.500346000","455","296","95.101.184.27","443","10.0.0.2","40940","244","55976","632"
"3.894454","3.894454000","3.500393000","456","296","95.101.184.27","443","10.0.0.2","40940","244","56220","632"
"3.894465","3.894465000","3.500404000","457","296","95.101.184.27","443","10.0.0.2","40940","244","56464","632"
"3.955768","3.955768000","3.561707000","458","52","10.0.0.2","40940","95.101.184.27","443","0","632","51584"
"3.955800","3.955800000","3.561739000","459","52","10.0.0.2","40940","95.101.184.27","443","0","632","51828"
"3.955820","3.955820000","3.561759000","460","52","10.0.0.2","40940","95.101.184.27","443","0","632","52072"
"3.955837","3.955837000","3.561776000","461","52","10.0.0.2","40940","95.101.184.27","443","0","632","52316"
"3.955855","3.955855000","3.561794000","462","52","10.0.0.2","40940","95.101.184.27","443","0","632","52560"
"3.956366","3.956366000","3.562305000","463","296","95.101.184.27","443","10.0.0.2","40940","244","56708","632"
"3.956400","3.956400000","3.562339000","464","296","95.101.184.27","443","10.0.0.2","40940","244","56952","632"
"3.956450","3.956450000","3.562389000","465","296","95.101.184.27","443","10.0.0.2","40940","244","57196","632"
"3.956462","3.956462000","3.562401000","466","296","95.101.184.27","443","10.0.0.2","40940","244","57440","632"
"3.956495","3.956495000","3.562434000","467","296","95.101.184.27","443","10.0.0.2","40940","244","57684","632"
"4.018243","4.018243000","3.624182000","468","52","10.0.0.2","40940","95.101.184.27","443","0","632","52804"
"4.018271","4.018271000","3.624210000","469","52","10.0.0.2","40940","95.101.184.27","443","0","632","53048"
"4.018287","4.018287000","3.624226000","470","52","10.0.0.2","40940","95.101.184.27","443","0","632","53292"
"4.018302","4.018302000","3.624241000","471","52","10.0.0.2","40940","95.101.184.27","443","0","632","53536"
"4.018316","4.018316000","3.624255000","472","52","10.0.0.2","40940","95.101.184.27","443","0","632","53780"
"4.018813","4.018813000","3.624752000","473","296","95.101.184.27","443","10.0.0.2","40940","244","57928","632"
"4.018846","4.018846000","3.624785000","474","296","95.101.184.27","443","10.0.0.2","40940","244","58172","632"
"4.018895","4.018895000","3.624834000","475","296","95.101.184.27","443","10.0.0.2","40940","244","58416","632"
"4.018907","4.018907000","3.624846000","476","296","95.101.184.27","443","10.0.0.2","40940","244","58660","632"
"4.018973","4.018973000","3.624912000","477","296","95.101.184.27","443","10.0.0.2","40940","244","58904","632"
"4.080161","4.080161000","3.686100000","478","52","10.0.0.2","40940","95.101.184.27","443","0","632","54024"
"4.080190","4.080190000","3.686129000","479","52","10.0.0.2","40940","95.101.184.27","443","0","632","54268"
"4.080210","4.080210000","3.686149000","480","52","10.0.0.2","40940","95.101.184.27","443","0","632","54512"
"4.080227","4.080227000","3.686166000","481","52","10.0.0.2","40940","95.101.184.27","443","0","632","54756"
"4.080242","4.080242000","3.686181000","482","52","10.0.0.2","40940","95.101.184.27","443","0","632","55000"
"4.080734","4.080734000","3.686673000","483","296","95.101.184.27","443","10.0.0.2","40940","244","59148","632"
"4.080771","4.080771000","3.686710000","484","296","95.101.184.27","443","10.0.0.2","40940","244","59392","632"
"4.080822","4.080822000","3.686761000","485","296","95.101.184.27","443","10.0.0.2","40940","244","59636","632"
"4.080834","4.080834000","3.686773000","486","296","95.101.184.27","443","10.0.0.2","40940","244","59880","632"
"4.080867","4.080867000","3.686806000","487","296","95.101.184.27","443","10.0.0.2","40940","244","60124","632"
"4.143179","4.143179000","3.749118000","488","52","10.0.0.2","40940","95.101.184.27","443","0","632","55244"
"4.143214","4.143214000","3.749153000","489","52","10.0.0.2","40940","95.101.184.27","443","0","632","55488"
"4.143232","4.143232000","3.749171000","490","52","10.0.0.2","40940","95.101.184.27","443","0","632","55732"
"4.143249","4.143249000","3.749188000","491","52","10.0.0.2","40940","95.101.184.27","443","0","632","55976"
"4.143265","4.143265000","3.749204000","492","52","10.0.0.2","40940","95.101.184.27","443","0","632","56220"
"4.143634","4.143634000","3.749573000","493","296","95.101.184.27","443","10.0.0.2","40940","244","60368","632"
"4.143723","4.143723000","3.749662000","494","296","95.101.184.27","443","10.0.0.2","40940","244","60612","632"
"4.143737","4.143737000","3.749676000","495","296","95.101.184.27","443","10.0.0.2","40940","244","60856","632"
"4.143782","4.143782000","3.749721000","496","296","95.101.184.27","443","10.0.0.2","40940","244","61100","632"
"4.143794","4.143794000","3.749733000","497","296","95.101.184.27","443","10.0.0.2","40940","244","61344","632"
"4.205570","4.205570000","3.811509000","498","52","10.0.0.2","40940","95.101.184.27","443","0","632","56464"
"4.205600","4.205600000","3.811539000","499","52","10.0.0.2","40940","95.101.184.27","443","0","632","56708"
"4.205618","4.205618000","3.811557000","500","52","10.0.0.2","40940","95.101.184.27","443","0","632","56952"
"4.205633","4.205633000","3.811572000","501","52","10.0.0.2","40940","95.101.184.27","443","0","632","57196"
"4.205646","4.205646000","3.811585000","502","52","10.0.0.2","40940","95.101.184.27","443","0","632","57440"
"4.206043","4.206043000","3.811982000","503","296","95.101.184.27","443","10.0.0.2","40940","244","61588","632"
"4.206106","4.206106000","3.812045000","504","296","95.101.184.27","443","10.0.0.2","40940","244","61832","632"
"4.206118","4.206118000","3.812057000","505","296","95.101.184.27","443","10.0.0.2","40940","244","62076","632"
"4.206151","4.206151000","3.812090000","506","296","95.101.184.27","443","10.0.0.2","40940","244","62320","632"
"4.206211","4.206211000","3.812150000","507","296","95.101.184.27","443","10.0.0.2","40940","244","62564","632"
"4.268563","4.268563000","3.874502000","508","52","10.0.0.2","40940","95.101.184.27","443","0","632","57684"
"4.268596","4.268596000","3.874535000","509","52","10.0.0.2","40940","95.101.184.27","443","0","632","57928"
"4.268615","4.268615000","3.874554000","510","52","10.0.0.2","40940","95.101.184.27","443","0","632","58172"
"4.268630","4.268630000","3.874569000","511","52","10.0.0.2","40940","95.101.184.27","443","0","632","58416"
"4.268646","4.268646000","3.874585000","512","52","10.0.0.2","40940","95.101.184.27","443","0","632","58660"
"4.269137","4.269137000","3.875076000","513","296","95.101.184.27","443","10.0.0.2","40940","244","62808","632"
"4.269173","4.269173000","3.875112000","514","296","95.101.184.27","443","10.0.0.2","40940","244","63052","632"
"4.269223","4.269223000","3.875162000","515","296","95.101.184.27","443","10.0.0.2","40940","244","63296","632"
"4.269235","4.269235000","3.875174000","516","296","95.101.184.27","443","10.0.0.2","40940","244","63540","632"
"4.269269","4.269269000","3.875208000","517","296","95.101.184.27","443","10.0.0.2","40940","244","63784","632"
"4.330499","4.330499000","3.936438000","518","52","10.0.0.2","40940","95.101.184.27","443","0","632","58904"
"4.330530","4.330530000","3.936469000","519","52","10.0.0.2","40940","95.101.184.27","443","0","632","59148"
"4.330549","4.330549000","3.936488000","520","52","10.0.0.2","40940","95.101.184.27","443","0","632","59392"
"4.330567","4.330567000","3.936506000","521","52","10.0.0.2","40940","95.101.184.27","443","0","632","59636"
"4.330584","4.330584000","3.936523000","522","52","10.0.0.2","40940","95.101.184.27","443","0","632","59880"
"4.331076","4.331076000","3.937015000","523","296","95.101.184.27","443","10.0.0.2","40940","244","64028","632"
"4.331112","4.331112000","3.937051000","524","296","95.101.184.27","443","10.0.0.2","40940","244","64272","632"
"4.331161","4.331161000","3.937100000","525","296","95.101.184.27","443","10.0.0.2","40940","244","64516","632"
"4.331173","4.331173000","3.937112000","526","296","95.101.184.27","443","10.0.0.2","40940","244","64760","632"
"4.331207","4.331207000","3.937146000","527","296","95.101.184.27","443","10.0.0.2","40940","244","65004","632"
"4.393939","4.393939000","3.999878000","528","52","10.0.0.2","40940","95.101.184.27","443","0","632","60124"
"4.393997","4.393997000","3.999936000","529","52","10.0.0.2","40940","95.101.184.27","443","0","632","60368"
"4.394014","4.394014000","3.999953000","530","52","10.0.0.2","40940","95.101.184.27","443","0","632","60612"
"4.394029","4.394029000","3.999968000","531","52","10.0.0.2","40940","95.101.184.27","443","0","632","60856"
"4.394043","4.394043000","3.999982000","532","52","10.0.0.2","40940","95.101.184.27","443","0","632","61100"
"4.394525","4.394525000","4.000464000","533","296","95.101.184.27","443","10.0.0.2","40940","244","65248","632"
"4.394565","4.394565000","4.000504000","534","296","95.101.184.27","443","10.0.0.2","40940","244","65492","632"
"4.394616","4.394616000","4.000555000","535","296","95.101.184.27","443","10.0.0.2","40940","244","65736","632"
"4.394629","4.394629000","4.000568000","536","296","95.101.184.27","443","10.0.0.2","40940","244","65980","632"
"4.394662","4.394662000","4.000601000","537","296","95.101.184.27","443","10.0.0.2","40940","244","66224","632"
"4.455967","4.455967000","4.061906000","538","52","10.0.0.2","40940","95.101.184.27","443","0","632","61344"
"4.456011","4.456011000","4.061950000","539","52","10.0.0.2","40940","95.101.184.27","443","0","632","61588"
"4.456031","4.456031000","4.061970000","540","52","10.0.0.2","40940","95.101.184.27","443","0","632","61832"
"4.456051","4.456051000","4.061990000","541","52","10.0.0.2","40940","95.101.184.27","443","0","632","62076"
"4.456067","4.456067000","4.062006000","542","52","10.0.0.2","40940","95.101.184.27","443","0","632","62320"
"4.456554","4.456554000","4.062493000","543","296","95.101.184.27","443","10.0.0.2","40940","244","66468","632"
"4.456590","4.456590000","4.062529000","544","296","95.101.184.27","443","10.0.0.2","40940","244","66712","632"
"4.456640","4.456640000","4.062579000","545","296","95.101.184.27","443","10.0.0.2","40940","244","66956","632"
"4.456652","4.456652000","4.062591000","546","296","95.101.184.27","443","10.0.0.2","40940","244","67200","632"
"4.456685","4.456685000","4.062624000","547","296","95.101.184.27","443","10.0.0.2","40940","244","67444","632"
"4.518783","4.518783000","4.124722000","548","52","10.0.0.2","40940","95.101.184.27","443","0","632","62564"
"4.518814","4.518814000","4.124753000","549","52","10.0.0.2","40940","95.101.184.27","443","0","632","62808"
"4.518846","4.518846000","4.124785000","550","52","10.0.0.2","40940","95.101.184.27","443","0","632","63052"
"4.518862","4.518862000","4.124801000","551","52","10.0.0.2","40940","95.101.184.27","443","0","632","63296"
"4.518879","4.518879000","4.124818000","552","52","10.0.0.2","40940","95.101.184.27","443","0","632","63540"
"4.519401","4.519401000","4.125340000","553","296","95.101.184.27","443","10.0.0.2","40940","244","67688","632"
"4.519439","4.519439000","4.125378000","554","296","95.101.184.27","443","10.0.0.2","40940","244","67932","632"
"4.519489","4.519489000","4.125428000","555","296","95.101.184.27","443","10.0.0.2","40940","244","68176","632"
"4.519501","4.519501000","4.125440000","556","296","95.101.184.27","443","10.0.0.2","40940","244","68420","632"
"4.519535","4.519535000","4.125474000","557","296","95.101.184.27","443","10.0.0.2","40940","244","68664","632"
"4.580360","4.580360000","4.186299000","558","52","10.0.0.2","40940","95.101.184.27","443","0","632","63784"
"4.580389","4.580389000","4.186328000","559","52","10.0.0.2","40940","95.101.184.27","443","0","632","64028"
"4.580407","4.580407000","4.186346000","560","52","10.0.0.2","40940","95.101.184.27","443","0","632","64272"
"4.580424","4.580424000","4.186363000","561","52","10.0.0.2","40940","95.101.184.27","443","0","632","64516"
"4.580438","4.580438000","4.186377000","562","52","10.0.0.2","40940","95.101.184.27","443","0","632","64760"
"4.581013","4.581013000","4.186952000","563","296","95.101.184.27","443","10.0.0.2","40940","244","68908","632"
"4.581050","4.581050000","4.186989000","564","296","95.101.184.27","443","10.0.0.2","40940","244","69152","632"
"4.581101","4.581101000","4.187040000","565","296","95.101.184.27","443","10.0.0.2","40940","244","69396","632"
"4.581113","4.581113000","4.187052000","566","296","95.101.184.27","443","10.0.0.2","40940","244","69640","632"
"4.581147","4.581147000","4.187086000","567","296","95.101.184.27","443","10.0.0.2","40940","244","69884","632"
"4.643503","4.643503000","4.249442000","568","52","10.0.0.2","40940","95.101.184.27","443","0","632","65004"
"4.643533","4.643533000","4.249472000","569","52","10.0.0.2","40940","95.101.184.27","443","0","632","65248"
"4.643550","4.643550000","4.249489000","570","52","10.0.0.2","40940","95.101.184.27","443","0","632","65492"
"4.643566","4.643566000","4.249505000","571","52","10.0.0.2","40940","95.101.184.27","443","0","632","65736"
"4.643584","4.643584000","4.249523000","572","52","10.0.0.2","40940","95.101.184.27","443","0","632","65980"
"4.644070","4.644070000","4.250009000","573","296","95.101.184.27","443","10.0.0.2","40940","244","70128","632"
"4.644106","4.644106000","4.250045000","574","296","95.101.184.27","443","10.0.0.2","40940","244","70372","632"
"4.644157","4.644157000","4.250096000","575","296","95.101.184.27","443","10.0.0.2","40940","244","70616","632"
"4.644169","4.644169000","4.250108000","576","296","95.101.184.27","443","10.0.0.2","40940","244","70860","632"
"4.644203","4.644203000","4.250142000","577","296","95.101.184.27","443","10.0.0.2","40940","244","71104","632"
"4.705208","4.705208000","4.311147000","578","52","10.0.0.2","40940","95.101.184.27","443","0","632","66224"
"4.705237","4.705237000","4.311176000","579","52","10.0.0.2","40940","95.101.184.27","443","0","632","66468"
"4.705254","4.705254000","4.311193000","580","52","10.0.0.2","40940","95.101.184.27","443","0","632","66712"
"4.705269","4.705269000","4.311208000","581","52","10.0.0.2","40940","95.101.184.27","443","0","632","66956"
"4.705283","4.705283000","4.311222000","582","52","10.0.0.2","40940","95.101.184.27","443","0","632","67200"
"4.705770","4.705770000","4.311709000","583","296","95.101.184.27","443","10.0.0.2","40940","244","71348","632"
"4.705807","4.705807000","4.311746000","584","296","95.101.184.27","443","10.0.0.2","40940","244","71592","632"
"4.705856","4.705856000","4.311795000","585","296","95.101.184.27","443","10.0.0.2","40940","244","71836","632"
"4.705868","4.705868000","4.311807000","586","296","95.101.184.27","443","10.0.0.2","40940","244","72080","632"
"4.705902","4.705902000","4.311841000","587","296","95.101.184.27","443","10.0.0.2","40940","244","72324","632"
"4.768753","4.768753000","4.374692000","588","52","10.0.0.2","40940","95.101.184.27","443","0","632","67444"
"4.768781","4.768781000","4.374720000","589","52","10.0.0.2","40940","95.101.184.27","443","0","632","67688"
"4.768797","4.768797000","4.374736000","590","52","10.0.0.2","40940","95.101.184.27","443","0","632","67932"
"4.768813","4.768813000","4.374752000","591","52","10.0.0.2","40940","95.101.184.27","443","0","632","68176"
"4.768826","4.768826000","4.374765000","592","52","10.0.0.2","40940","95.101.184.27","443","0","632","68420"
"4.769371","4.769371000","4.375310000","593","296","95.101.184.27","443","10.0.0.2","40940","244","72568","632"
"4.769408","4.769408000","4.375347000","594","296","95.101.184.27","443","10.0.0.2","40940","244","72812","632"
"4.769457","4.769457000","4.375396000","595","296","95.101.184.27","443","10.0.0.2","40940","244","73056","632"
"4.769469","4.769469000","4.375408000","596","296","95.101.184.27","443","10.0.0.2","40940","244","73300","632"
"4.769503","4.769503000","4.375442000","597","296","95.101.184.27","443","10.0.0.2","40940","244","73544","632"
"4.830908","4.830908000","4.436847000","598","52","10.0.0.2","40940","95.101.184.27","443","0","632","68664"
"4.830977","4.830977000","4.436916000","599","52","10.0.0.2","40940","95.101.184.27","443","0","632","68908"
"4.830997","4.830997000","4.436936000","600","52","10.0.0.2","40940","95.101.184.27","443","0","632","69152"
"4.831011","4.831011000","4.436950000","601","52","10.0.0.2","40940","95.101.184.27","443","0","632","69396"
"4.831023","4.831023000","4.436962000","602","52","10.0.0.2","40940","95.101.184.27","443","0","632","69640"
"4.831400","4.831400000","4.437339000","603","296","95.101.184.27","443","10.0.0.2","40940","244","73788","632"
"4.831436","4.831436000","4.437375000","604","296","95.101.184.27","443","10.0.0.2","40940","244","74032","632"
"4.831487","4.831487000","4.437426000","605","296","95.101.184.27","443","10.0.0.2","40940","244","74276","632"
"4.831499","4.831499000","4.437438000","606","296","95.101.184.27","443","10.0.0.2","40940","244","74520","632"
"4.831533","4.831533000","4.437472000","607","296","95.101.184.27","443","10.0.0.2","40940","244","74764","632"
"4.871159","4.871159000",,"608","48",,,,,,,
"4.893764","4.893764000","4.499703000","609","52","10.0.0.2","40940","95.101.184.27","443","0","632","69884"
"4.893785","4.893785000","4.499724000","610","52","10.0.0.2","40940","95.101.184.27","443","0","632","70128"
"4.893796","4.893796000","4.499735000","611","52","10.0.0.2","40940","95.101.184.27","443","0","632","70372"
"4.893808","4.893808000","4.499747000","612","52","10.0.0.2","40940","95.101.184.27","443","0","632","70616"
"4.893819","4.893819000","4.499758000","613","52","10.0.0.2","40940","95.101.184.27","443","0","632","70860"
"4.894231","4.894231000","4.500170000","614","296","95.101.184.27","443","10.0.0.2","40940","244","75008","632"
"4.894266","4.894266000","4.500205000","615","296","95.101.184.27","443","10.0.0.2","40940","244","75252","632"
"4.894319","4.894319000","4.500258000","616","296","95.101.184.27","443","10.0.0.2","40940","244","75496","632"
"4.894331","4.894331000","4.500270000","617","296","95.101.184.27","443","10.0.0.2","40940","244","75740","632"
"4.894364","4.894364000","4.500303000","618","296","95.101.184.27","443","10.0.0.2","40940","244","75984","632"
"4.955208","4.955208000","4.561147000","619","52","10.0.0.2","40940","95.101.184.27","443","0","632","71104"
"4.955237","4.955237000","4.561176000","620","52","10.0.0.2","40940","95.101.184.27","443","0","632","71348"
"4.955256","4.955256000","4.561195000","621","52","10.0.0.2","40940","95.101.184.27","443","0","632","71836"
"4.955271","4.955271000","4.561210000","622","52","10.0.0.2","40940","95.101.184.27","443","0","632","72080"
"4.955790","4.955790000","4.561729000","623","296","95.101.184.27","443","10.0.0.2","40940","244","76228","632"
"4.955816","4.955816000","4.561755000","624","296","95.101.184.27","443","10.0.0.2","40940","244","76472","632"
"4.955864","4.955864000","4.561803000","625","296","95.101.184.27","443","10.0.0.2","40940","244","76716","632"
"4.955875","4.955875000","4.561814000","626","296","95.101.184.27","443","10.0.0.2","40940","244","76960","632"
"4.955909","4.955909000","4.561848000","627","296","95.101.184.27","443","10.0.0.2","40940","244","77204","632"
"5.018340","5.018340000","4.624279000","628","52","10.0.0.2","40940","95.101.184.27","443","0","632","72324"
"5.018371","5.018371000","4.624310000","629","52","10.0.0.2","40940","95.101.184.27","443","0","632","72568"
"5.018393","5.018393000","4.624332000","630","52","10.0.0.2","40940","95.101.184.27","443","0","632","72812"
"5.018411","5.018411000","4.624350000","631","52","10.0.0.2","40940","95.101.184.27","443","0","632","73056"
"5.018429","5.018429000","4.624368000","632","52","10.0.0.2","40940","95.101.184.27","443","0","632","73300"
"5.018954","5.018954000","4.624893000","633","296","95.101.184.27","443","10.0.0.2","40940","244","77448","632"
"5.018977","5.018977000","4.624916000","634","296","95.101.184.27","443","10.0.0.2","40940","244","77692","632"
"5.019025","5.019025000","4.624964000","635","296","95.101.184.27","443","10.0.0.2","40940","244","77936","632"
"5.019037","5.019037000","4.624976000","636","296","95.101.184.27","443","10.0.0.2","40940","244","78180","632"
"5.019070","5.019070000","4.625009000","637","296","95.101.184.27","443","10.0.0.2","40940","244","78424","632"
"5.080848","5.080848000","4.686787000","638","52","10.0.0.2","40940","95.101.184.27","443","0","632","73544"
"5.080866","5.080866000","4.686805000","639","52","10.0.0.2","40940","95.101.184.27","443","0","632","73788"
"5.080878","5.080878000","4.686817000","640","52","10.0.0.2","40940","95.101.184.27","443","0","632","74032"
"5.080889","5.080889000","4.686828000","641","52","10.0.0.2","40940","95.101.184.27","443","0","632","74276"
"5.080900","5.080900000","4.686839000","642","52","10.0.0.2","40940","95.101.184.27","443","0","632","74520"
"5.081462","5.081462000","4.687401000","643","296","95.101.184.27","443","10.0.0.2","40940","244","78668","632"
"5.081484","5.081484000","4.687423000","644","296","95.101.184.27","443","10.0.0.2","40940","244","78912","632"
"5.081536","5.081536000","4.687475000","645","296","95.101.184.27","443","10.0.0.2","40940","244","79156","632"
"5.081547","5.081547000","4.687486000","646","296","95.101.184.27","443","10.0.0.2","40940","244","79400","632"
"5.081580","5.081580000","4.687519000","647","296","95.101.184.27","443","10.0.0.2","40940","244","79644","632"
"5.143868","5.143868000","4.749807000","648","52","10.0.0.2","40940","95.101.184.27","443","0","632","74764"
"5.143898","5.143898000","4.749837000","649","52","10.0.0.2","40940","95.101.184.27","443","0","632","75008"
"5.143941","5.143941000","4.749880000","650","52","10.0.0.2","40940","95.101.184.27","443","0","632","75252"
"5.143972","5.143972000","4.749911000","651","52","10.0.0.2","40940","95.101.184.27","443","0","632","75496"
"5.143991","5.143991000","4.749930000","652","52","10.0.0.2","40940","95.101.184.27","443","0","632","75740"
"5.144441","5.144441000","4.750380000","653","296","95.101.184.27","443","10.0.0.2","40940","244","79888","632"
"5.144462","5.144462000","4.750401000","654","296","95.101.184.27","443","10.0.0.2","40940","244","80132","632"
"5.144509","5.144509000","4.750448000","655","296","95.101.184.27","443","10.0.0.2","40940","244","80376","632"
"5.144521","5.144521000","4.750460000","656","296","95.101.184.27","443","10.0.0.2","40940","244","80620","632"
"5.144554","5.144554000","4.750493000","657","296","95.101.184.27","443","10.0.0.2","40940","244","80864","632"
"5.205780","5.205780000","4.811719000","658","52","10.0.0.2","40940","95.101.184.27","443","0","632","75984"
"5.205811","5.205811000","4.811750000","659","52","10.0.0.2","40940","95.101.184.27","443","0","632","76228"
"5.205831","5.205831000","4.811770000","660","52","10.0.0.2","40940","95.101.184.27","443","0","632","76472"
"5.205847","5.205847000","4.811786000","661","52","10.0.0.2","40940","95.101.184.27","443","0","632","76716"
"5.205864","5.205864000","4.811803000","662","52","10.0.0.2","40940","95.101.184.27","443","0","632","76960"
"5.206383","5.206383000","4.812322000","663","296","95.101.184.27","443","10.0.0.2","40940","244","81108","632"
"5.206407","5.206407000","4.812346000","664","296","95.101.184.27","443","10.0.0.2","40940","244","81352","632"
"5.206454","5.206454000","4.812393000","665","296","95.101.184.27","443","10.0.0.2","40940","244","81596","632"
"5.206467","5.206467000","4.812406000","666","296","95.101.184.27","443","10.0.0.2","40940","244","81840","632"
"5.206502","5.206502000","4.812441000","667","296","95.101.184.27","443","10.0.0.2","40940","244","82084","632"
"5.268291","5.268291000","4.874230000","668","52","10.0.0.2","40940","95.101.184.27","443","0","632","77204"
"5.268321","5.268321000","4.874260000","669","52","10.0.0.2","40940","95.101.184.27","443","0","632","77448"
"5.268339","5.268339000","4.874278000","670","52","10.0.0.2","40940","95.101.184.27","443","0","632","77692"
"5.268355","5.268355000","4.874294000","671","52","10.0.0.2","40940","95.101.184.27","443","0","632","77936"
"5.268369","5.268369000","4.874308000","672","52","10.0.0.2","40940","95.101.184.27","443","0","632","78180"
"5.268868","5.268868000","4.874807000","673","296","95.101.184.27","443","10.0.0.2","40940","244","82328","632"
"5.268892","5.268892000","4.874831000","674","296","95.101.184.27","443","10.0.0.2","40940","244","82572","632"
"5.268969","5.268969000","4.874908000","675","296","95.101.184.27","443","10.0.0.2","40940","244","82816","632"
"5.268983","5.268983000","4.874922000","676","296","95.101.184.27","443","10.0.0.2","40940","244","83060","632"
"5.269017","5.269017000","4.874956000","677","296","95.101.184.27","443","10.0.0.2","40940","244","83304","632"
"5.330233","5.330233000","4.936172000","678","52","10.0.0.2","40940","95.101.184.27","443","0","632","78424"
"5.330264","5.330264000","4.936203000","679","52","10.0.0.2","40940","95.101.184.27","443","0","632","78668"
"5.330283","5.330283000","4.936222000","680","52","10.0.0.2","40940","95.101.184.27","443","0","632","78912"
"5.330299","5.330299000","4.936238000","681","52","10.0.0.2","40940","95.101.184.27","443","0","632","79156"
"5.330313","5.330313000","4.936252000","682","52","10.0.0.2","40940","95.101.184.27","443","0","632","79400"
"5.330792","5.330792000","4.936731000","683","296","95.101.184.27","443","10.0.0.2","40940","244","83548","632"
"5.330815","5.330815000","4.936754000","684","296","95.101.184.27","443","10.0.0.2","40940","244","83792","632"
"5.330863","5.330863000","4.936802000","685","296","95.101.184.27","443","10.0.0.2","40940","244","84036","632"
"5.330875","5.330875000","4.936814000","686","296","95.101.184.27","443","10.0.0.2","40940","244","84280","632"
"5.330908","5.330908000","4.936847000","687","296","95.101.184.27","443","10.0.0.2","40940","244","84524","632"
"5.394091","5.394091000","5.000030000","688","52","10.0.0.2","40940","95.101.184.27","443","0","632","79644"
"5.394124","5.394124000","5.000063000","689","52","10.0.0.2","40940","95.101.184.27","443","0","632","79888"
"5.394142","5.394142000","5.000081000","690","52","10.0.0.2","40940","95.101.184.27","443","0","632","80132"
"5.394157","5.394157000","5.000096000","691","52","10.0.0.2","40940","95.101.184.27","443","0","632","80376"
"5.394170","5.394170000","5.000109000","692","52","10.0.0.2","40940","95.101.184.27","443","0","632","80620"
"5.394730","5.394730000","5.000669000","693","296","95.101.184.27","443","10.0.0.2","40940","244","84768","632"
"5.394753","5.394753000","5.000692000","694","296","95.101.184.27","443","10.0.0.2","40940","244","85012","632"
"5.394804","5.394804000","5.000743000","695","296","95.101.184.27","443","10.0.0.2","40940","244","85256","632"
"5.394816","5.394816000","5.000755000","696","296","95.101.184.27","443","10.0.0.2","40940","244","85500","632"
"5.394850","5.394850000","5.000789000","697","296","95.101.184.27","443","10.0.0.2","40940","244","85744","632"
"5.455829","5.455829000","5.061768000","698","52","10.0.0.2","40940","95.101.184.27","443","0","632","80864"
"5.455860","5.455860000","5.061799000","699","52","10.0.0.2","40940","95.101.184.27","443","0","632","81108"
"5.455878","5.455878000","5.061817000","700","52","10.0.0.2","40940","95.101.184.27","443","0","632","81352"
"5.455894","5.455894000","5.061833000","701","52","10.0.0.2","40940","95.101.184.27","443","0","632","81596"
"5.455908","5.455908000","5.061847000","702","52","10.0.0.2","40940","95.101.184.27","443","0","632","81840"
"5.456468","5.456468000","5.062407000","703","296","95.101.184.27","443","10.0.0.2","40940","244","85988","632"
"5.456494","5.456494000","5.062433000","704","296","95.101.184.27","443","10.0.0.2","40940","244","86232","632"
"5.456543","5.456543000","5.062482000","705","296","95.101.184.27","443","10.0.0.2","40940","244","86476","632"
"5.456555","5.456555000","5.062494000","706","296","95.101.184.27","443","10.0.0.2","40940","244","86720","632"
"5.456588","5.456588000","5.062527000","707","296","95.101.184.27","443","10.0.0.2","40940","244","86964","632"
"5.518708","5.518708000","5.124647000","708","52","10.0.0.2","40940","95.101.184.27","443","0","632","82084"
"5.518738","5.518738000","5.124677000","709","52","10.0.0.2","40940","95.101.184.27","443","0","632","82328"
"5.518756","5.518756000","5.124695000","710","52","10.0.0.2","40940","95.101.184.27","443","0","632","82572"
"5.518773","5.518773000","5.124712000","711","52","10.0.0.2","40940","95.101.184.27","443","0","632","82816"
"5.518788","5.518788000","5.124727000","712","52","10.0.0.2","40940","95.101.184.27","443","0","632","83060"
"5.519220","5.519220000","5.125159000","713","296","95.101.184.27","443","10.0.0.2","40940","244","87208","632"
"5.519248","5.519248000","5.125187000","714","296","95.101.184.27","443","10.0.0.2","40940","244","87452","632"
"5.519344","5.519344000","5.125283000","715","296","95.101.184.27","443","10.0.0.2","40940","244","87696","632"
"5.519360","5.519360000","5.125299000","716","296","95.101.184.27","443","10.0.0.2","40940","244","87940","632"
"5.519393","5.519393000","5.125332000","717","296","95.101.184.27","443","10.0.0.2","40940","244","88184","632"
"5.580699","5.580699000","5.186638000","718","52","10.0.0.2","40940","95.101.184.27","443","0","632","83304"
"5.580734","5.580734000","5.186673000","719","52","10.0.0.2","40940","95.101.184.27","443","0","632","83548"
"5.580752","5.580752000","5.186691000","720","52","10.0.0.2","40940","95.101.184.27","443","0","632","83792"
"5.580767","5.580767000","5.186706000","721","52","10.0.0.2","40940","95.101.184.27","443","0","632","84036"
"5.580782","5.580782000","5.186721000","722","52","10.0.0.2","40940","95.101.184.27","443","0","632","84280"
"5.581270","5.581270000","5.187209000","723","296","95.101.184.27","443","10.0.0.2","40940","244","88428","632"
"5.581306","5.581306000","5.187245000","724","296","95.101.184.27","443","10.0.0.2","40940","244","88672","632"
"5.581358","5.581358000","5.187297000","725","296","95.101.184.27","443","10.0.0.2","40940","244","88916","632"
"5.581370","5.581370000","5.187309000","726","296","95.101.184.27","443","10.0.0.2","40940","244","89160","632"
"5.581403","5.581403000","5.187342000","727","296","95.101.184.27","443","10.0.0.2","40940","244","89404","632"
"5.643353","5.643353000","5.249292000","728","52","10.0.0.2","40940","95.101.184.27","443","0","632","84524"
"5.643382","5.643382000","5.249321000","729","52","10.0.0.2","40940","95.101.184.27","443","0","632","84768"
"5.643399","5.643399000","5.249338000","730","52","10.0.0.2","40940","95.101.184.27","443","0","632","85012"
"5.643414","5.643414000","5.249353000","731","52","10.0.0.2","40940","95.101.184.27","443","0","632","85256"
"5.643428","5.643428000","5.249367000","732","52","10.0.0.2","40940","95.101.184.27","443","0","632","85500"
"5.643967","5.643967000","5.249906000","733","296","95.101.184.27","443","10.0.0.2","40940","244","89648","632"
"5.644005","5.644005000","5.249944000","734","296","95.101.184.27","443","10.0.0.2","40940","244","89892","632"
"5.644057","5.644057000","5.249996000","735","296","95.101.184.27","443","10.0.0.2","40940","244","90136","632"
"5.644069","5.644069000","5.250008000","736","296","95.101.184.27","443","10.0.0.2","40940","244","90380","632"
"5.644102","5.644102000","5.250041000","737","296","95.101.184.27","443","10.0.0.2","40940","244","90624","632"
"5.705427","5.705427000","5.311366000","738","52","10.0.0.2","40940","95.101.184.27","443","0","632","85744"
"5.705463","5.705463000","5.311402000","739","52","10.0.0.2","40940","95.101.184.27","443","0","632","85988"
"5.705480","5.705480000","5.311419000","740","52","10.0.0.2","40940","95.101.184.27","443","0","632","86232"
"5.705495","5.705495000","5.311434000","741","52","10.0.0.2","40940","95.101.184.27","443","0","632","86476"
"5.705511","5.705511000","5.311450000","742","52","10.0.0.2","40940","95.101.184.27","443","0","632","86720"
"5.705986","5.705986000","5.311925000","743","296","95.101.184.27","443","10.0.0.2","40940","244","90868","632"
"5.706023","5.706023000","5.311962000","744","296","95.101.184.27","443","10.0.0.2","40940","244","91112","632"
"5.706074","5.706074000","5.312013000","745","296","95.101.184.27","443","10.0.0.2","40940","244","91356","632"
"5.706086","5.706086000","5.312025000","746","296","95.101.184.27","443","10.0.0.2","40940","244","91600","632"
"5.706120","5.706120000","5.312059000","747","296","95.101.184.27","443","10.0.0.2","40940","244","91844","632"
"5.768226","5.768226000","5.374165000","748","52","10.0.0.2","40940","95.101.184.27","443","0","632","86964"
"5.768256","5.768256000","5.374195000","749","52","10.0.0.2","40940","95.101.184.27","443","0","632","87208"
"5.768274","5.768274000","5.374213000","750","52","10.0.0.2","40940","95.101.184.27","443","0","632","87452"
"5.768293","5.768293000","5.374232000","751","52","10.0.0.2","40940","95.101.184.27","443","0","632","87696"
"5.768307","5.768307000","5.374246000","752","52","10.0.0.2","40940","95.101.184.27","443","0","632","87940"
"5.768671","5.768671000","5.374610000","753","296","95.101.184.27","443","10.0.0.2","40940","244","92088","632"
"5.768699","5.768699000","5.374638000","754","296","95.101.184.27","443","10.0.0.2","40940","244","92332","632"
"5.768792","5.768792000","5.374731000","755","296","95.101.184.27","443","10.0.0.2","40940","244","92576","632"
"5.768807","5.768807000","5.374746000","756","296","95.101.184.27","443","10.0.0.2","40940","244","92820","632"
"5.768840","5.768840000","5.374779000","757","296","95.101.184.27","443","10.0.0.2","40940","244","93064","632"
"5.830791","5.830791000","5.436730000","758","52","10.0.0.2","40940","95.101.184.27","443","0","632","88184"
"5.830821","5.830821000","5.436760000","759","52","10.0.0.2","40940","95.101.184.27","443","0","632","88428"
"5.830839","5.830839000","5.436778000","760","52","10.0.0.2","40940","95.101.184.27","443","0","632","88672"
"5.830854","5.830854000","5.436793000","761","52","10.0.0.2","40940","95.101.184.27","443","0","632","88916"
"5.830867","5.830867000","5.436806000","762","52","10.0.0.2","40940","95.101.184.27","443","0","632","89160"
"5.831451","5.831451000","5.437390000","763","296","95.101.184.27","443","10.0.0.2","40940","244","93308","632"
"5.831489","5.831489000","5.437428000","764","296","95.101.184.27","443","10.0.0.2","40940","244","93552","632"
"5.831539","5.831539000","5.437478000","765","296","95.101.184.27","443","10.0.0.2","40940","244","93796","632"
"5.831551","5.831551000","5.437490000","766","296","95.101.184.27","443","10.0.0.2","40940","244","94040","632"
"5.831586","5.831586000","5.437525000","767","296","95.101.184.27","443","10.0.0.2","40940","244","94284","632"
"5.893944","5.893944000","5.499883000","768","52","10.0.0.2","40940","95.101.184.27","443","0","632","89404"
"5.894000","5.894000000","5.499939000","769","52","10.0.0.2","40940","95.101.184.27","443","0","632","89648"
"5.894020","5.894020000","5.499959000","770","52","10.0.0.2","40940","95.101.184.27","443","0","632","89892"
"5.894037","5.894037000","5.499976000","771","52","10.0.0.2","40940","95.101.184.27","443","0","632","90136"
"5.894048","5.894048000","5.499987000","772","52","10.0.0.2","40940","95.101.184.27","443","0","632","90380"
"5.894476","5.894476000","5.500415000","773","296","95.101.184.27","443","10.0.0.2","40940","244","94528","632"
"5.894512","5.894512000","5.500451000","774","296","95.101.184.27","443","10.0.0.2","40940","244","94772","632"
"5.894561","5.894561000","5.500500000","775","296","95.101.184.27","443","10.0.0.2","40940","244","95016","632"
"5.894573","5.894573000","5.500512000","776","296","95.101.184.27","443","10.0.0.2","40940","244","95260","632"
"5.894607","5.894607000","5.500546000","777","296","95.101.184.27","443","10.0.0.2","40940","244","95504","632"
"5.955431","5.955431000","5.561370000","778","52","10.0.0.2","40940","95.101.184.27","443","0","632","90624"
"5.955455","5.955455000","5.561394000","779","52","10.0.0.2","40940","95.101.184.27","443","0","632","90868"
"5.955466","5.955466000","5.561405000","780","52","10.0.0.2","40940","95.101.184.27","443","0","632","91112"
"5.955478","5.955478000","5.561417000","781","52","10.0.0.2","40940","95.101.184.27","443","0","632","91356"
"5.955489","5.955489000","5.561428000","782","52","10.0.0.2","40940","95.101.184.27","443","0","632","91600"
"5.955974","5.955974000","5.561913000","783","296","95.101.184.27","443","10.0.0.2","40940","244","95748","632"
"5.956011","5.956011000","5.561950000","784","296","95.101.184.27","443","10.0.0.2","40940","244","95992","632"
"5.956061","5.956061000","5.562000000","785","296","95.101.184.27","443","10.0.0.2","40940","244","96236","632"
"5.956073","5.956073000","5.562012000","786","296","95.101.184.27","443","10.0.0.2","40940","244","96480","632"
"5.956108","5.956108000","5.562047000","787","296","95.101.184.27","443","10.0.0.2","40940","244","96724","632"
"6.018322","6.018322000","5.624261000","788","52","10.0.0.2","40940","95.101.184.27","443","0","632","91844"
"6.018353","6.018353000","5.624292000","789","52","10.0.0.2","40940","95.101.184.27","443","0","632","92088"
"6.018372","6.018372000","5.624311000","790","52","10.0.0.2","40940","95.101.184.27","443","0","632","92332"
"6.018390","6.018390000","5.624329000","791","52","10.0.0.2","40940","95.101.184.27","443","0","632","92576"
"6.018409","6.018409000","5.624348000","792","52","10.0.0.2","40940","95.101.184.27","443","0","632","92820"
"6.018865","6.018865000","5.624804000","793","296","95.101.184.27","443","10.0.0.2","40940","244","96968","632"
"6.018902","6.018902000","5.624841000","794","296","95.101.184.27","443","10.0.0.2","40940","244","97212","632"
"6.018985","6.018985000","5.624924000","795","296","95.101.184.27","443","10.0.0.2","40940","244","97456","632"
"6.018999","6.018999000","5.624938000","796","296","95.101.184.27","443","10.0.0.2","40940","244","97700","632"
"6.019032","6.019032000","5.624971000","797","296","95.101.184.27","443","10.0.0.2","40940","244","97944","632"
"6.080265","6.080265000","5.686204000","798","52","10.0.0.2","40940","95.101.184.27","443","0","632","93064"
"6.080294","6.080294000","5.686233000","799","52","10.0.0.2","40940","95.101.184.27","443","0","632","93308"
"6.080314","6.080314000","5.686253000","800","52","10.0.0.2","40940","95.101.184.27","443","0","632","93552"
"6.080329","6.080329000","5.686268000","801","52","10.0.0.2","40940","95.101.184.27","443","0","632","93796"
"6.080345","6.080345000","5.686284000","802","52","10.0.0.2","40940","95.101.184.27","443","0","632","94040"
"6.080835","6.080835000","5.686774000","803","296","95.101.184.27","443","10.0.0.2","40940","244","98188","632"
"6.080872","6.080872000","5.686811000","804","296","95.101.184.27","443","10.0.0.2","40940","244","98432","632"
"6.080956","6.080956000","5.686895000","805","296","95.101.184.27","443","10.0.0.2","40940","244","98676","632"
"6.080971","6.080971000","5.686910000","806","296","95.101.184.27","443","10.0.0.2","40940","244","98920","632"
"6.081005","6.081005000","5.686944000","807","296","95.101.184.27","443","10.0.0.2","40940","244","99164","632"
"6.143765","6.143765000","5.749704000","808","52","10.0.0.2","40940","95.101.184.27","443","0","632","94284"
"6.143818","6.143818000","5.749757000","809","52","10.0.0.2","40940","95.101.184.27","443","0","632","94528"
"6.143824","6.143824000","5.749763000","810","52","10.0.0.2","40940","95.101.184.27","443","0","632","94772"
"6.143829","6.143829000","5.749768000","811","52","10.0.0.2","40940","95.101.184.27","443","0","632","95016"
"6.143834","6.143834000","5.749773000","812","52","10.0.0.2","40940","95.101.184.27","443","0","632","95260"
"6.144131","6.144131000","5.750070000","813","296","95.101.184.27","443","10.0.0.2","40940","244","99408","632"
"6.144141","6.144141000","5.750080000","814","296","95.101.184.27","443","10.0.0.2","40940","244","99652","632"
"6.144154","6.144154000","5.750093000","815","296","95.101.184.27","443","10.0.0.2","40940","244","99896","632"
"6.144157","6.144157000","5.750096000","816","296","95.101.184.27","443","10.0.0.2","40940","244","100140","632"
"6.144166","6.144166000","5.750105000","817","296","95.101.184.27","443","10.0.0.2","40940","244","100384","632"
"6.205532","6.205532000","5.811471000","818","52","10.0.0.2","40940","95.101.184.27","443","0","632","95504"
"6.205564","6.205564000","5.811503000","819","52","10.0.0.2","40940","95.101.184.27","443","0","632","95748"
"6.205587","6.205587000","5.811526000","820","52","10.0.0.2","40940","95.101.184.27","443","0","632","95992"
"6.205604","6.205604000","5.811543000","821","52","10.0.0.2","40940","95.101.184.27","443","0","632","96236"
"6.205618","6.205618000","5.811557000","822","52","10.0.0.2","40940","95.101.184.27","443","0","632","96480"
"6.206087","6.206087000","5.812026000","823","296","95.101.184.27","443","10.0.0.2","40940","244","100628","632"
"6.206123","6.206123000","5.812062000","824","296","95.101.184.27","443","10.0.0.2","40940","244","100872","632"
"6.206173","6.206173000","5.812112000","825","296","95.101.184.27","443","10.0.0.2","40940","244","101116","632"
"6.206185","6.206185000","5.812124000","826","296","95.101.184.27","443","10.0.0.2","40940","244","101360","632"
"6.206219","6.206219000","5.812158000","827","296","95.101.184.27","443","10.0.0.2","40940","244","101604","632"
"6.268685","6.268685000","5.874624000","828","52","10.0.0.2","40940","95.101.184.27","443","0","632","96724"
"6.268716","6.268716000","5.874655000","829","52","10.0.0.2","40940","95.101.184.27","443","0","632","96968"
"6.268737","6.268737000","5.874676000","830","52","10.0.0.2","40940","95.101.184.27","443","0","632","97212"
"6.268754","6.268754000","5.874693000","831","52","10.0.0.2","40940","95.101.184.27","443","0","632","97456"
"6.268767","6.268767000","5.874706000","832","52","10.0.0.2","40940","95.101.184.27","443","0","632","97700"
"6.269269","6.269269000","5.875208000","833","296","95.101.184.27","443","10.0.0.2","40940","244","101848","632"
"6.269305","6.269305000","5.875244000","834","296","95.101.184.27","443","10.0.0.2","40940","244","102092","632"
"6.269355","6.269355000","5.875294000","835","296","95.101.184.27","443","10.0.0.2","40940","244","102336","632"
"6.269367","6.269367000","5.875306000","836","296","95.101.184.27","443","10.0.0.2","40940","244","102580","632"
"6.269401","6.269401000","5.875340000","837","296","95.101.184.27","443","10.0.0.2","40940","244","102824","632"
"6.330744","6.330744000","5.936683000","838","52","10.0.0.2","40940","95.101.184.27","443","0","632","97944"
"6.330779","6.330779000","5.936718000","839","52","10.0.0.2","40940","95.101.184.27","443","0","632","98188"
"6.330797","6.330797000","5.936736000","840","52","10.0.0.2","40940","95.101.184.27","443","0","632","98432"
"6.330813","6.330813000","5.936752000","841","52","10.0.0.2","40940","95.101.184.27","443","0","632","98920"
"6.331297","6.331297000","5.937236000","842","296","95.101.184.27","443","10.0.0.2","40940","244","103068","632"
"6.331333","6.331333000","5.937272000","843","296","95.101.184.27","443","10.0.0.2","40940","244","103312","632"
"6.331386","6.331386000","5.937325000","844","296","95.101.184.27","443","10.0.0.2","40940","244","103556","632"
"6.331398","6.331398000","5.937337000","845","296","95.101.184.27","443","10.0.0.2","40940","244","103800","632"
"6.331432","6.331432000","5.937371000","846","296","95.101.184.27","443","10.0.0.2","40940","244","104044","632"
"6.393905","6.393905000","5.999844000","847","52","10.0.0.2","40940","95.101.184.27","443","0","632","99164"
"6.393985","6.393985000","5.999924000","848","52","10.0.0.2","40940","95.101.184.27","443","0","632","99408"
"6.393999","6.393999000","5.999938000","849","52","10.0.0.2","40940","95.101.184.27","443","0","632","99652"
"6.394010","6.394010000","5.999949000","850","52","10.0.0.2","40940","95.101.184.27","443","0","632","99896"
"6.394022","6.394022000","5.999961000","851","52","10.0.0.2","40940","95.101.184.27","443","0","632","100140"
"6.394404","6.394404000","6.000343000","852","296","95.101.184.27","443","10.0.0.2","40940","244","104288","632"
"6.394439","6.394439000","6.000378000","853","296","95.101.184.27","443","10.0.0.2","40940","244","104532","632"
"6.394489","6.394489000","6.000428000","854","296","95.101.184.27","443","10.0.0.2","40940","244","104776","632"
"6.394501","6.394501000","6.000440000","855","296","95.101.184.27","443","10.0.0.2","40940","244","105020","632"
"6.394534","6.394534000","6.000473000","856","296","95.101.184.27","443","10.0.0.2","40940","244","105264","632"
"6.455552","6.455552000","6.061491000","857","52","10.0.0.2","40940","95.101.184.27","443","0","632","100384"
"6.455582","6.455582000","6.061521000","858","52","10.0.0.2","40940","95.101.184.27","443","0","632","100628"
"6.455599","6.455599000","6.061538000","859","52","10.0.0.2","40940","95.101.184.27","443","0","632","100872"
"6.455615","6.455615000","6.061554000","860","52","10.0.0.2","40940","95.101.184.27","443","0","632","101116"
"6.455630","6.455630000","6.061569000","861","52","10.0.0.2","40940","95.101.184.27","443","0","632","101360"
"6.456135","6.456135000","6.062074000","862","296","95.101.184.27","443","10.0.0.2","40940","244","105508","632"
"6.456172","6.456172000","6.062111000","863","296","95.101.184.27","443","10.0.0.2","40940","244","105752","632"
"6.456221","6.456221000","6.062160000","864","296","95.101.184.27","443","10.0.0.2","40940","244","105996","632"
"6.456233","6.456233000","6.062172000","865","296","95.101.184.27","443","10.0.0.2","40940","244","106240","632"
"6.456279","6.456279000","6.062218000","866","296","95.101.184.27","443","10.0.0.2","40940","244","106484","632"
"6.456291","6.456291000","6.062230000","867","296","95.101.184.27","443","10.0.0.2","40940","244","106728","632"
"6.518160","6.518160000","6.124099000","868","52","10.0.0.2","40940","95.101.184.27","443","0","632","101604"
"6.518192","6.518192000","6.124131000","869","52","10.0.0.2","40940","95.101.184.27","443","0","632","101848"
"6.518210","6.518210000","6.124149000","870","52","10.0.0.2","40940","95.101.184.27","443","0","632","102092"
"6.518226","6.518226000","6.124165000","871","52","10.0.0.2","40940","95.101.184.27","443","0","632","102336"
"6.518239","6.518239000","6.124178000","872","52","10.0.0.2","40940","95.101.184.27","443","0","632","102580"
"6.518757","6.518757000","6.124696000","873","296","95.101.184.27","443","10.0.0.2","40940","244","106972","632"
"6.518794","6.518794000","6.124733000","874","296","95.101.184.27","443","10.0.0.2","40940","244","107216","632"
"6.518844","6.518844000","6.124783000","875","296","95.101.184.27","443","10.0.0.2","40940","244","107460","632"
"6.518855","6.518855000","6.124794000","876","296","95.101.184.27","443","10.0.0.2","40940","244","107704","632"
"6.518889","6.518889000","6.124828000","877","296","95.101.184.27","443","10.0.0.2","40940","244","107948","632"
"6.580305","6.580305000","6.186244000","878","52","10.0.0.2","40940","95.101.184.27","443","0","632","102824"
"6.580335","6.580335000","6.186274000","879","52","10.0.0.2","40940","95.101.184.27","443","0","632","103068"
"6.580355","6.580355000","6.186294000","880","52","10.0.0.2","40940","95.101.184.27","443","0","632","103312"
"6.580375","6.580375000","6.186314000","881","52","10.0.0.2","40940","95.101.184.27","443","0","632","103556"
"6.580391","6.580391000","6.186330000","882","52","10.0.0.2","40940","95.101.184.27","443","0","632","103800"
"6.580908","6.580908000","6.186847000","883","296","95.101.184.27","443","10.0.0.2","40940","244","108192","632"
"6.580977","6.580977000","6.186916000","884","296","95.101.184.27","443","10.0.0.2","40940","244","108436","632"
"6.581029","6.581029000","6.186968000","885","296","95.101.184.27","443","10.0.0.2","40940","244","108680","632"
"6.581041","6.581041000","6.186980000","886","296","95.101.184.27","443","10.0.0.2","40940","244","108924","632"
"6.581074","6.581074000","6.187013000","887","296","95.101.184.27","443","10.0.0.2","40940","244","109168","632"
"6.644035","6.644035000","6.249974000","888","52","10.0.0.2","40940","95.101.184.27","443","0","632","104044"
"6.644066","6.644066000","6.250005000","889","52","10.0.0.2","40940","95.101.184.27","443","0","632","104288"
"6.644086","6.644086000","6.250025000","890","52","10.0.0.2","40940","95.101.184.27","443","0","632","104532"
"6.644100","6.644100000","6.250039000","891","52","10.0.0.2","40940","95.101.184.27","443","0","632","104776"
"6.644115","6.644115000","6.250054000","892","52","10.0.0.2","40940","95.101.184.27","443","0","632","105020"
"6.644618","6.644618000","6.250557000","893","296","95.101.184.27","443","10.0.0.2","40940","244","109412","632"
"6.644657","6.644657000","6.250596000","894","296","95.101.184.27","443","10.0.0.2","40940","244","109656","632"
"6.644707","6.644707000","6.250646000","895","296","95.101.184.27","443","10.0.0.2","40940","244","109900","632"
"6.644719","6.644719000","6.250658000","896","296","95.101.184.27","443","10.0.0.2","40940","244","110144","632"
"6.644753","6.644753000","6.250692000","897","296","95.101.184.27","443","10.0.0.2","40940","244","110388","632"
"6.705742","6.705742000","6.311681000","898","52","10.0.0.2","40940","95.101.184.27","443","0","632","105264"
"6.705770","6.705770000","6.311709000","899","52","10.0.0.2","40940","95.101.184.27","443","0","632","105508"
"6.705789","6.705789000","6.311728000","900","52","10.0.0.2","40940","95.101.184.27","443","0","632","105752"
"6.705804","6.705804000","6.311743000","901","52","10.0.0.2","40940","95.101.184.27","443","0","632","105996"
"6.705817","6.705817000","6.311756000","902","52","10.0.0.2","40940","95.101.184.27","443","0","632","106240"
"6.706319","6.706319000","6.312258000","903","296","95.101.184.27","443","10.0.0.2","40940","244","110632","632"
"6.706356","6.706356000","6.312295000","904","296","95.101.184.27","443","10.0.0.2","40940","244","110876","632"
"6.706407","6.706407000","6.312346000","905","296","95.101.184.27","443","10.0.0.2","40940","244","111120","632"
"6.706419","6.706419000","6.312358000","906","296","95.101.184.27","443","10.0.0.2","40940","244","111364","632"
"6.706453","6.706453000","6.312392000","907","296","95.101.184.27","443","10.0.0.2","40940","244","111608","632"
"6.768773","6.768773000","6.374712000","908","52","10.0.0.2","40940","95.101.184.27","443","0","632","106484"
"6.768807","6.768807000","6.374746000","909","52","10.0.0.2","40940","95.101.184.27","443","0","632","106728"
"6.768826","6.768826000","6.374765000","910","52","10.0.0.2","40940","95.101.184.27","443","0","632","106972"
"6.768841","6.768841000","6.374780000","911","52","10.0.0.2","40940","95.101.184.27","443","0","632","107216"
"6.768858","6.768858000","6.374797000","912","52","10.0.0.2","40940","95.101.184.27","443","0","632","107460"
"6.769373","6.769373000","6.375312000","913","296","95.101.184.27","443","10.0.0.2","40940","244","111852","632"
"6.769410","6.769410000","6.375349000","914","296","95.101.184.27","443","10.0.0.2","40940","244","112096","632"
"6.769461","6.769461000","6.375400000","915","296","95.101.184.27","443","10.0.0.2","40940","244","112340","632"
"6.769473","6.769473000","6.375412000","916","296","95.101.184.27","443","10.0.0.2","40940","244","112584","632"
"6.769506","6.769506000","6.375445000","917","296","95.101.184.27","443","10.0.0.2","40940","244","112828","632"
"6.830495","6.830495000","6.436434000","918","52","10.0.0.2","40940","95.101.184.27","443","0","632","107704"
"6.830525","6.830525000","6.436464000","919","52","10.0.0.2","40940","95.101.184.27","443","0","632","107948"
"6.830544","6.830544000","6.436483000","920","52","10.0.0.2","40940","95.101.184.27","443","0","632","108192"
"6.830560","6.830560000","6.436499000","921","52","10.0.0.2","40940","95.101.184.27","443","0","632","108436"
"6.830573","6.830573000","6.436512000","922","52","10.0.0.2","40940","95.101.184.27","443","0","632","108680"
"6.831063","6.831063000","6.437002000","923","296","95.101.184.27","443","10.0.0.2","40940","244","113072","632"
"6.831100","6.831100000","6.437039000","924","296","95.101.184.27","443","10.0.0.2","40940","244","113316","632"
"6.831151","6.831151000","6.437090000","925","296","95.101.184.27","443","10.0.0.2","40940","244","113560","632"
"6.831162","6.831162000","6.437101000","926","296","95.101.184.27","443","10.0.0.2","40940","244","113804","632"
"6.831208","6.831208000","6.437147000","927","296","95.101.184.27","443","10.0.0.2","40940","244","114048","632"
"6.831219","6.831219000","6.437158000","928","296","95.101.184.27","443","10.0.0.2","40940","244","114292","632"
"6.893136","6.893136000","6.499075000","929","52","10.0.0.2","40940","95.101.184.27","443","0","632","108924"
"6.893166","6.893166000","6.499105000","930","52","10.0.0.2","40940","95.101.184.27","443","0","632","109168"
"6.893183","6.893183000","6.499122000","931","52","10.0.0.2","40940","95.101.184.27","443","0","632","109412"
"6.893199","6.893199000","6.499138000","932","52","10.0.0.2","40940","95.101.184.27","443","0","632","109656"
"6.893212","6.893212000","6.499151000","933","52","10.0.0.2","40940","95.101.184.27","443","0","632","109900"
"6.893736","6.893736000","6.499675000","934","296","95.101.184.27","443","10.0.0.2","40940","244","114536","632"
"6.893774","6.893774000","6.499713000","935","296","95.101.184.27","443","10.0.0.2","40940","244","114780","632"
"6.893824","6.893824000","6.499763000","936","296","95.101.184.27","443","10.0.0.2","40940","244","115024","632"
"6.893835","6.893835000","6.499774000","937","296","95.101.184.27","443","10.0.0.2","40940","244","115268","632"
"6.893869","6.893869000","6.499808000","938","296","95.101.184.27","443","10.0.0.2","40940","244","115512","632"
"6.955290","6.955290000","6.561229000","939","52","10.0.0.2","40940","95.101.184.27","443","0","632","110144"
"6.955321","6.955321000","6.561260000","940","52","10.0.0.2","40940","95.101.184.27","443","0","632","110388"
"6.955341","6.955341000","6.561280000","941","52","10.0.0.2","40940","95.101.184.27","443","0","632","110632"
"6.955359","6.955359000","6.561298000","942","52","10.0.0.2","40940","95.101.184.27","443","0","632","110876"
"6.955377","6.955377000","6.561316000","943","52","10.0.0.2","40940","95.101.184.27","443","0","632","111120"
"6.955877","6.955877000","6.561816000","944","296","95.101.184.27","443","10.0.0.2","40940","244","115756","632"
"6.955941","6.955941000","6.561880000","945","296","95.101.184.27","443","10.0.0.2","40940","244","116000","632"
"6.955999","6.955999000","6.561938000","946","296","95.101.184.27","443","10.0.0.2","40940","244","116244","632"
"6.956011","6.956011000","6.561950000","947","296","95.101.184.27","443","10.0.0.2","40940","244","116488","632"
"6.956045","6.956045000","6.561984000","948","296","95.101.184.27","443","10.0.0.2","40940","244","116732","632"
"7.019003","7.019003000","6.624942000","949","52","10.0.0.2","40940","95.101.184.27","443","0","632","111364"
"7.019036","7.019036000","6.624975000","950","52","10.0.0.2","40940","95.101.184.27","443","0","632","111608"
"7.019052","7.019052000","6.624991000","951","52","10.0.0.2","40940","95.101.184.27","443","0","632","111852"
"7.019067","7.019067000","6.625006000","952","52","10.0.0.2","40940","95.101.184.27","443","0","632","112096"
"7.019081","7.019081000","6.625020000","953","52","10.0.0.2","40940","95.101.184.27","443","0","632","112340"
"7.019548","7.019548000","6.625487000","954","296","95.101.184.27","443","10.0.0.2","40940","244","116976","632"
"7.019586","7.019586000","6.625525000","955","296","95.101.184.27","443","10.0.0.2","40940","244","117220","632"
"7.019637","7.019637000","6.625576000","956","296","95.101.184.27","443","10.0.0.2","40940","244","117464","632"
"7.019649","7.019649000","6.625588000","957","296","95.101.184.27","443","10.0.0.2","40940","244","117708","632"
"7.019682","7.019682000","6.625621000","958","296","95.101.184.27","443","10.0.0.2","40940","244","117952","632"
"7.080783","7.080783000","6.686722000","959","52","10.0.0.2","40940","95.101.184.27","443","0","632","112584"
"7.080813","7.080813000","6.686752000","960","52","10.0.0.2","40940","95.101.184.27","443","0","632","112828"
"7.080830","7.080830000","6.686769000","961","52","10.0.0.2","40940","95.101.184.27","443","0","632","113072"
"7.080847","7.080847000","6.686786000","962","52","10.0.0.2","40940","95.101.184.27","443","0","632","113316"
"7.080863","7.080863000","6.686802000","963","52","10.0.0.2","40940","95.101.184.27","443","0","632","113560"
"7.081369","7.081369000","6.687308000","964","296","95.101.184.27","443","10.0.0.2","40940","244","118196","632"
"7.081407","7.081407000","6.687346000","965","296","95.101.184.27","443","10.0.0.2","40940","244","118440","632"
"7.081460","7.081460000","6.687399000","966","296","95.101.184.27","443","10.0.0.2","40940","244","118684","632"
"7.081472","7.081472000","6.687411000","967","296","95.101.184.27","443","10.0.0.2","40940","244","118928","632"
"7.081518","7.081518000","6.687457000","968","296","95.101.184.27","443","10.0.0.2","40940","244","119172","632"
"7.081530","7.081530000","6.687469000","969","296","95.101.184.27","443","10.0.0.2","40940","244","119416","632"
"7.143852","7.143852000","6.749791000","970","52","10.0.0.2","40940","95.101.184.27","443","0","632","113804"
"7.143884","7.143884000","6.749823000","971","52","10.0.0.2","40940","95.101.184.27","443","0","632","114048"
"7.143901","7.143901000","6.749840000","972","52","10.0.0.2","40940","95.101.184.27","443","0","632","114292"
"7.143938","7.143938000","6.749877000","973","52","10.0.0.2","40940","95.101.184.27","443","0","632","114536"
"7.143969","7.143969000","6.749908000","974","52","10.0.0.2","40940","95.101.184.27","443","0","632","114780"
"7.144461","7.144461000","6.750400000","975","296","95.101.184.27","443","10.0.0.2","40940","244","119660","632"
"7.144498","7.144498000","6.750437000","976","296","95.101.184.27","443","10.0.0.2","40940","244","119904","632"
"7.144548","7.144548000","6.750487000","977","296","95.101.184.27","443","10.0.0.2","40940","244","120148","632"
"7.144560","7.144560000","6.750499000","978","296","95.101.184.27","443","10.0.0.2","40940","244","120392","632"
"7.144593","7.144593000","6.750532000","979","296","95.101.184.27","443","10.0.0.2","40940","244","120636","632"
"7.205494","7.205494000","6.811433000","980","52","10.0.0.2","40940","95.101.184.27","443","0","632","115024"
"7.205525","7.205525000","6.811464000","981","52","10.0.0.2","40940","95.101.184.27","443","0","632","115268"
"7.205543","7.205543000","6.811482000","982","52","10.0.0.2","40940","95.101.184.27","443","0","632","115512"
"7.205559","7.205559000","6.811498000","983","52","10.0.0.2","40940","95.101.184.27","443","0","632","115756"
"7.205572","7.205572000","6.811511000","984","52","10.0.0.2","40940","95.101.184.27","443","0","632","116000"
"7.206062","7.206062000","6.812001000","985","296","95.101.184.27","443","10.0.0.2","40940","244","120880","632"
"7.206100","7.206100000","6.812039000","986","296","95.101.184.27","443","10.0.0.2","40940","244","121124","632"
"7.206150","7.206150000","6.812089000","987","296","95.101.184.27","443","10.0.0.2","40940","244","121368","632"
"7.206162","7.206162000","6.812101000","988","296","95.101.184.27","443","10.0.0.2","40940","244","121612","632"
"7.206199","7.206199000","6.812138000","989","296","95.101.184.27","443","10.0.0.2","40940","244","121856","632"
"7.268285","7.268285000","6.874224000","990","52","10.0.0.2","40940","95.101.184.27","443","0","632","116244"
"7.268315","7.268315000","6.874254000","991","52","10.0.0.2","40940","95.101.184.27","443","0","632","116488"
"7.268333","7.268333000","6.874272000","992","52","10.0.0.2","40940","95.101.184.27","443","0","632","116732"
"7.268350","7.268350000","6.874289000","993","52","10.0.0.2","40940","95.101.184.27","443","0","632","116976"
"7.268365","7.268365000","6.874304000","994","52","10.0.0.2","40940","95.101.184.27","443","0","632","117220"
"7.268853","7.268853000","6.874792000","995","296","95.101.184.27","443","10.0.0.2","40940","244","122100","632"
"7.268890","7.268890000","6.874829000","996","296","95.101.184.27","443","10.0.0.2","40940","244","122344","632"
"7.268976","7.268976000","6.874915000","997","296","95.101.184.27","443","10.0.0.2","40940","244","122588","632"
"7.268990","7.268990000","6.874929000","998","296","95.101.184.27","443","10.0.0.2","40940","244","122832","632"
"7.269024","7.269024000","6.874963000","999","296","95.101.184.27","443","10.0.0.2","40940","244","123076","632"
"7.330332","7.330332000","6.936271000","1000","52","10.0.0.2","40940","95.101.184.27","443","0","632","117464"
"7.330364","7.330364000","6.936303000","1001","52","10.0.0.2","40940","95.101.184.27","443","0","632","117708"
"7.330382","7.330382000","6.936321000","1002","52","10.0.0.2","40940","95.101.184.27","443","0","632","117952"
"7.330398","7.330398000","6.936337000","1003","52","10.0.0.2","40940","95.101.184.27","443","0","632","118196"
"7.330415","7.330415000","6.936354000","1004","52","10.0.0.2","40940","95.101.184.27","443","0","632","118440"
"7.330885","7.330885000","6.936824000","1005","296","95.101.184.27","443","10.0.0.2","40940","244","123320","632"
"7.330952","7.330952000","6.936891000","1006","296","95.101.184.27","443","10.0.0.2","40940","244","123564","632"
"7.331006","7.331006000","6.936945000","1007","296","95.101.184.27","443","10.0.0.2","40940","244","123808","632"
"7.331018","7.331018000","6.936957000","1008","296","95.101.184.27","443","10.0.0.2","40940","244","124052","632"
"7.331052","7.331052000","6.936991000","1009","296","95.101.184.27","443","10.0.0.2","40940","244","124296","632"
"7.394011","7.394011000","6.999950000","1010","52","10.0.0.2","40940","95.101.184.27","443","0","632","118684"
"7.394043","7.394043000","6.999982000","1011","52","10.0.0.2","40940","95.101.184.27","443","0","632","118928"
"7.394061","7.394061000","7.000000000","1012","52","10.0.0.2","40940","95.101.184.27","443","0","632","119172"
"7.394077","7.394077000","7.000016000","1013","52","10.0.0.2","40940","95.101.184.27","443","0","632","119416"
"7.394090","7.394090000","7.000029000","1014","52","10.0.0.2","40940","95.101.184.27","443","0","632","119660"
"7.394594","7.394594000","7.000533000","1015","296","95.101.184.27","443","10.0.0.2","40940","244","124540","632"
"7.394632","7.394632000","7.000571000","1016","296","95.101.184.27","443","10.0.0.2","40940","244","124784","632"
"7.394682","7.394682000","7.000621000","1017","296","95.101.184.27","443","10.0.0.2","40940","244","125028","632"
"7.394694","7.394694000","7.000633000","1018","296","95.101.184.27","443","10.0.0.2","40940","244","125272","632"
"7.394740","7.394740000","7.000679000","1019","296","95.101.184.27","443","10.0.0.2","40940","244","125516","632"
"7.394751","7.394751000","7.000690000","1020","296","95.101.184.27","443","10.0.0.2","40940","244","125760","632"
"7.455639","7.455639000","7.061578000","1021","52","10.0.0.2","40940","95.101.184.27","443","0","632","119904"
"7.455668","7.455668000","7.061607000","1022","52","10.0.0.2","40940","95.101.184.27","443","0","632","120148"
"7.455685","7.455685000","7.061624000","1023","52","10.0.0.2","40940","95.101.184.27","443","0","632","120392"
"7.455701","7.455701000","7.061640000","1024","52","10.0.0.2","40940","95.101.184.27","443","0","632","120636"
"7.455715","7.455715000","7.061654000","1025","52","10.0.0.2","40940","95.101.184.27","443","0","632","120880"
"7.456262","7.456262000","7.062201000","1026","296","95.101.184.27","443","10.0.0.2","40940","244","126004","632"
"7.456300","7.456300000","7.062239000","1027","296","95.101.184.27","443","10.0.0.2","40940","244","126248","632"
"7.456352","7.456352000","7.062291000","1028","296","95.101.184.27","443","10.0.0.2","40940","244","126492","632"
"7.456363","7.456363000","7.062302000","1029","296","95.101.184.27","443","10.0.0.2","40940","244","126736","632"
"7.456398","7.456398000","7.062337000","1030","296","95.101.184.27","443","10.0.0.2","40940","244","126980","632"
"7.518714","7.518714000","7.124653000","1031","52","10.0.0.2","40940","95.101.184.27","443","0","632","121124"
"7.518749","7.518749000","7.124688000","1032","52","10.0.0.2","40940","95.101.184.27","443","0","632","121368"
"7.518768","7.518768000","7.124707000","1033","52","10.0.0.2","40940","95.101.184.27","443","0","632","121612"
"7.518784","7.518784000","7.124723000","1034","52","10.0.0.2","40940","95.101.184.27","443","0","632","121856"
"7.518802","7.518802000","7.124741000","1035","52","10.0.0.2","40940","95.101.184.27","443","0","632","122100"
"7.519252","7.519252000","7.125191000","1036","296","95.101.184.27","443","10.0.0.2","40940","244","127224","632"
"7.519328","7.519328000","7.125267000","1037","296","95.101.184.27","443","10.0.0.2","40940","244","127468","632"
"7.519342","7.519342000","7.125281000","1038","296","95.101.184.27","443","10.0.0.2","40940","244","127712","632"
"7.519388","7.519388000","7.125327000","1039","296","95.101.184.27","443","10.0.0.2","40940","244","127956","632"
"7.519399","7.519399000","7.125338000","1040","296","95.101.184.27","443","10.0.0.2","40940","244","128200","632"
"7.580510","7.580510000","7.186449000","1041","52","10.0.0.2","40940","95.101.184.27","443","0","632","122344"
"7.580541","7.580541000","7.186480000","1042","52","10.0.0.2","40940","95.101.184.27","443","0","632","122588"
"7.580560","7.580560000","7.186499000","1043","52","10.0.0.2","40940","95.101.184.27","443","0","632","122832"
"7.580578","7.580578000","7.186517000","1044","52","10.0.0.2","40940","95.101.184.27","443","0","632","123076"
"7.580593","7.580593000","7.186532000","1045","52","10.0.0.2","40940","95.101.184.27","443","0","632","123320"
"7.581085","7.581085000","7.187024000","1046","296","95.101.184.27","443","10.0.0.2","40940","244","128444","632"
"7.581121","7.581121000","7.187060000","1047","296","95.101.184.27","443","10.0.0.2","40940","244","128688","632"
"7.581176","7.581176000","7.187115000","1048","296","95.101.184.27","443","10.0.0.2","40940","244","128932","632"
"7.581188","7.581188000","7.187127000","1049","296","95.101.184.27","443","10.0.0.2","40940","244","129176","632"
"7.581234","7.581234000","7.187173000","1050","296","95.101.184.27","443","10.0.0.2","40940","244","129420","632"
"7.581245","7.581245000","7.187184000","1051","296","95.101.184.27","443","10.0.0.2","40940","244","129664","632"
"7.643487","7.643487000","7.249426000","1052","52","10.0.0.2","40940","95.101.184.27","443","0","632","123564"
"7.643518","7.643518000","7.249457000","1053","52","10.0.0.2","40940","95.101.184.27","443","0","632","123808"
"7.643538","7.643538000","7.249477000","1054","52","10.0.0.2","40940","95.101.184.27","443","0","632","124052"
"7.643554","7.643554000","7.249493000","1055","52","10.0.0.2","40940","95.101.184.27","443","0","632","124296"
"7.643568","7.643568000","7.249507000","1056","52","10.0.0.2","40940","95.101.184.27","443","0","632","124540"
"7.644040","7.644040000","7.249979000","1057","296","95.101.184.27","443","10.0.0.2","40940","244","129908","632"
"7.644078","7.644078000","7.250017000","1058","296","95.101.184.27","443","10.0.0.2","40940","244","130152","632"
"7.644128","7.644128000","7.250067000","1059","296","95.101.184.27","443","10.0.0.2","40940","244","130396","632"
"7.644139","7.644139000","7.250078000","1060","296","95.101.184.27","443","10.0.0.2","40940","244","130640","632"
"7.644173","7.644173000","7.250112000","1061","296","95.101.184.27","443","10.0.0.2","40940","244","130884","632"
"7.705395","7.705395000","7.311334000","1062","52","10.0.0.2","40940","95.101.184.27","443","0","632","124784"
"7.705428","7.705428000","7.311367000","1063","52","10.0.0.2","40940","95.101.184.27","443","0","632","125028"
"7.705451","7.705451000","7.311390000","1064","52","10.0.0.2","40940","95.101.184.27","443","0","632","125272"
"7.705467","7.705467000","7.311406000","1065","52","10.0.0.2","40940","95.101.184.27","443","0","632","125516"
"7.705483","7.705483000","7.311422000","1066","52","10.0.0.2","40940","95.101.184.27","443","0","632","125760"
"7.705991","7.705991000","7.311930000","1067","296","95.101.184.27","443","10.0.0.2","40940","244","131128","632"
"7.706028","7.706028000","7.311967000","1068","296","95.101.184.27","443","10.0.0.2","40940","244","131372","632"
"7.706078","7.706078000","7.312017000","1069","296","95.101.184.27","443","10.0.0.2","40940","244","131616","632"
"7.706089","7.706089000","7.312028000","1070","296","95.101.184.27","443","10.0.0.2","40940","244","131860","632"
"7.706135","7.706135000","7.312074000","1071","296","95.101.184.27","443","10.0.0.2","40940","244","132104","632"
"7.706146","7.706146000","7.312085000","1072","296","95.101.184.27","443","10.0.0.2","40940","244","132348","632"
"7.768808","7.768808000","7.374747000","1073","52","10.0.0.2","40940","95.101.184.27","443","0","632","126004"
"7.768835","7.768835000","7.374774000","1074","52","10.0.0.2","40940","95.101.184.27","443","0","632","126248"
"7.768853","7.768853000","7.374792000","1075","52","10.0.0.2","40940","95.101.184.27","443","0","632","126492"
"7.768869","7.768869000","7.374808000","1076","52","10.0.0.2","40940","95.101.184.27","443","0","632","126736"
"7.768882","7.768882000","7.374821000","1077","52","10.0.0.2","40940","95.101.184.27","443","0","632","126980"
"7.769405","7.769405000","7.375344000","1078","296","95.101.184.27","443","10.0.0.2","40940","244","132592","632"
"7.769441","7.769441000","7.375380000","1079","296","95.101.184.27","443","10.0.0.2","40940","244","132836","632"
"7.769491","7.769491000","7.375430000","1080","296","95.101.184.27","443","10.0.0.2","40940","244","133080","632"
"7.769503","7.769503000","7.375442000","1081","296","95.101.184.27","443","10.0.0.2","40940","244","133324","632"
"7.769537","7.769537000","7.375476000","1082","296","95.101.184.27","443","10.0.0.2","40940","244","133568","632"
"7.830837","7.830837000","7.436776000","1083","52","10.0.0.2","40940","95.101.184.27","443","0","632","127224"
"7.830874","7.830874000","7.436813000","1084","52","10.0.0.2","40940","95.101.184.27","443","0","632","127468"
"7.830893","7.830893000","7.436832000","1085","52","10.0.0.2","40940","95.101.184.27","443","0","632","127712"
"7.830908","7.830908000","7.436847000","1086","52","10.0.0.2","40940","95.101.184.27","443","0","632","127956"
"7.830971","7.830971000","7.436910000","1087","52","10.0.0.2","40940","95.101.184.27","443","0","632","128200"
"7.831440","7.831440000","7.437379000","1088","296","95.101.184.27","443","10.0.0.2","40940","244","133812","632"
"7.831476","7.831476000","7.437415000","1089","296","95.101.184.27","443","10.0.0.2","40940","244","134056","632"
"7.831528","7.831528000","7.437467000","1090","296","95.101.184.27","443","10.0.0.2","40940","244","134300","632"
"7.831539","7.831539000","7.437478000","1091","296","95.101.184.27","443","10.0.0.2","40940","244","134544","632"
"7.831572","7.831572000","7.437511000","1092","296","95.101.184.27","443","10.0.0.2","40940","244","134788","632"
"7.893845","7.893845000","7.499784000","1093","52","10.0.0.2","40940","95.101.184.27","443","0","632","128444"
"7.893875","7.893875000","7.499814000","1094","52","10.0.0.2","40940","95.101.184.27","443","0","632","128688"
"7.893896","7.893896000","7.499835000","1095","52","10.0.0.2","40940","95.101.184.27","443","0","632","128932"
"7.893935","7.893935000","7.499874000","1096","52","10.0.0.2","40940","95.101.184.27","443","0","632","129176"
"7.893965","7.893965000","7.499904000","1097","52","10.0.0.2","40940","95.101.184.27","443","0","632","129420"
"7.894405","7.894405000","7.500344000","1098","296","95.101.184.27","443","10.0.0.2","40940","244","135032","632"
"7.894441","7.894441000","7.500380000","1099","296","95.101.184.27","443","10.0.0.2","40940","244","135276","632"
"7.894494","7.894494000","7.500433000","1100","296","95.101.184.27","443","10.0.0.2","40940","244","135520","632"
"7.894506","7.894506000","7.500445000","1101","296","95.101.184.27","443","10.0.0.2","40940","244","135764","632"
"7.894552","7.894552000","7.500491000","1102","296","95.101.184.27","443","10.0.0.2","40940","244","136008","632"
"7.894563","7.894563000","7.500502000","1103","296","95.101.184.27","443","10.0.0.2","40940","244","136252","632"
"7.955259","7.955259000","7.561198000","1104","52","10.0.0.2","40940","95.101.184.27","443","0","632","129664"
"7.955289","7.955289000","7.561228000","1105","52","10.0.0.2","40940","95.101.184.27","443","0","632","129908"
"7.955307","7.955307000","7.561246000","1106","52","10.0.0.2","40940","95.101.184.27","443","0","632","130152"
"7.955323","7.955323000","7.561262000","1107","52","10.0.0.2","40940","95.101.184.27","443","0","632","130396"
"7.955337","7.955337000","7.561276000","1108","52","10.0.0.2","40940","95.101.184.27","443","0","632","130640"
"7.955842","7.955842000","7.561781000","1109","296","95.101.184.27","443","10.0.0.2","40940","244","136496","632"
"7.955875","7.955875000","7.561814000","1110","296","95.101.184.27","443","10.0.0.2","40940","244","136740","632"
"7.955956","7.955956000","7.561895000","1111","296","95.101.184.27","443","10.0.0.2","40940","244","136984","632"
"7.955974","7.955974000","7.561913000","1112","296","95.101.184.27","443","10.0.0.2","40940","244","137228","632"
"7.956009","7.956009000","7.561948000","1113","296","95.101.184.27","443","10.0.0.2","40940","244","137472","632"
"8.018220","8.018220000","7.624159000","1114","52","10.0.0.2","40940","95.101.184.27","443","0","632","130884"
"8.018252","8.018252000","7.624191000","1115","52","10.0.0.2","40940","95.101.184.27","443","0","632","131128"
"8.018271","8.018271000","7.624210000","1116","52","10.0.0.2","40940","95.101.184.27","443","0","632","131372"
"8.018288","8.018288000","7.624227000","1117","52","10.0.0.2","40940","95.101.184.27","443","0","632","131616"
"8.018303","8.018303000","7.624242000","1118","52","10.0.0.2","40940","95.101.184.27","443","0","632","131860"
"8.018756","8.018756000","7.624695000","1119","296","95.101.184.27","443","10.0.0.2","40940","244","137716","632"
"8.018871","8.018871000","7.624810000","1120","296","95.101.184.27","443","10.0.0.2","40940","244","137960","632"
"8.018886","8.018886000","7.624825000","1121","296","95.101.184.27","443","10.0.0.2","40940","244","138204","632"
"8.018960","8.018960000","7.624899000","1122","296","95.101.184.27","443","10.0.0.2","40940","244","138448","632"
"8.018977","8.018977000","7.624916000","1123","296","95.101.184.27","443","10.0.0.2","40940","244","138692","632"
"8.019011","8.019011000","7.624950000","1124","296","95.101.184.27","443","10.0.0.2","40940","244","138936","632"
"8.080205","8.080205000","7.686144000","1125","52","10.0.0.2","40940","95.101.184.27","443","0","632","132104"
"8.080234","8.080234000","7.686173000","1126","52","10.0.0.2","40940","95.101.184.27","443","0","632","132348"
"8.080255","8.080255000","7.686194000","1127","52","10.0.0.2","40940","95.101.184.27","443","0","632","132348"
"8.080272","8.080272000","7.686211000","1128","52","10.0.0.2","40940","95.101.184.27","443","0","632","132348"
"8.080287","8.080287000","7.686226000","1129","52","10.0.0.2","40940","95.101.184.27","443","0","632","132348"
"8.080740","8.080740000","7.686679000","1130","296","95.101.184.27","443","10.0.0.2","40940","244","139180","632"
"8.080778","8.080778000","7.686717000","1131","296","95.101.184.27","443","10.0.0.2","40940","244","139424","632"
"8.080864","8.080864000","7.686803000","1132","296","95.101.184.27","443","10.0.0.2","40940","244","139668","632"
"8.080878","8.080878000","7.686817000","1133","296","95.101.184.27","443","10.0.0.2","40940","244","139912","632"
"8.080931","8.080931000","7.686870000","1134","296","95.101.184.27","443","10.0.0.2","40940","244","132348","632"
"8.143739","8.143739000","7.749678000","1135","52","10.0.0.2","40940","95.101.184.27","443","0","632","132348"
"8.143771","8.143771000","7.749710000","1136","52","10.0.0.2","40940","95.101.184.27","443","0","632","132348"
"8.143789","8.143789000","7.749728000","1137","52","10.0.0.2","40940","95.101.184.27","443","0","632","132348"
"8.143805","8.143805000","7.749744000","1138","52","10.0.0.2","40940","95.101.184.27","443","0","632","132348"
"8.143820","8.143820000","7.749759000","1139","52","10.0.0.2","40940","95.101.184.27","443","0","632","132348"
"8.144343","8.144343000","7.750282000","1140","296","95.101.184.27","443","10.0.0.2","40940","244","140156","632"
"8.144380","8.144380000","7.750319000","1141","296","95.101.184.27","443","10.0.0.2","40940","244","140400","632"
"8.144433","8.144433000","7.750372000","1142","296","95.101.184.27","443","10.0.0.2","40940","244","140644","632"
"8.144445","8.144445000","7.750384000","1143","296","95.101.184.27","443","10.0.0.2","40940","244","140888","632"
"8.205818","8.205818000","7.811757000","1144","52","10.0.0.2","40940","95.101.184.27","443","0","632","132348"
"8.205847","8.205847000","7.811786000","1145","52","10.0.0.2","40940","95.101.184.27","443","0","632","132348"
"8.205866","8.205866000","7.811805000","1146","52","10.0.0.2","40940","95.101.184.27","443","0","632","132348"
"8.205886","8.205886000","7.811825000","1147","52","10.0.0.2","40940","95.101.184.27","443","0","632","132348"
"8.205903","8.205903000","7.811842000","1148","52","10.0.0.2","40940","95.101.184.27","443","0","632","132348"
"8.206449","8.206449000","7.812388000","1149","296","95.101.184.27","443","10.0.0.2","40940","244","141132","632"
"8.206485","8.206485000","7.812424000","1150","296","95.101.184.27","443","10.0.0.2","40940","244","141376","632"
"8.206523","8.206523000","7.812462000","1151","296","95.101.184.27","443","10.0.0.2","40940","244","141620","632"
"8.268729","8.268729000","7.874668000","1152","52","10.0.0.2","40940","95.101.184.27","443","0","632","132348"
"8.268739","8.268739000","7.874678000","1153","52","10.0.0.2","40940","95.101.184.27","443","0","632","132348"
"8.268744","8.268744000","7.874683000","1154","52","10.0.0.2","40940","95.101.184.27","443","0","632","132348"
"8.268749","8.268749000","7.874688000","1155","52","10.0.0.2","40940","95.101.184.27","443","0","632","132348"
"8.268754","8.268754000","7.874693000","1156","52","10.0.0.2","40940","95.101.184.27","443","0","632","132348"
"8.268759","8.268759000","7.874698000","1157","52","10.0.0.2","40940","95.101.184.27","443","0","632","132348"
"8.269153","8.269153000","7.875092000","1158","296","95.101.184.27","443","10.0.0.2","40940","244","141864","632"
"8.269169","8.269169000","7.875108000","1159","296","95.101.184.27","443","10.0.0.2","40940","244","142108","632"
"8.269189","8.269189000","7.875128000","1160","296","95.101.184.27","443","10.0.0.2","40940","244","142352","632"
"8.269194","8.269194000","7.875133000","1161","296","95.101.184.27","443","10.0.0.2","40940","244","142596","632"
"8.331123","8.331123000","7.937062000","1162","52","10.0.0.2","40940","95.101.184.27","443","0","632","132348"
"8.331152","8.331152000","7.937091000","1163","52","10.0.0.2","40940","95.101.184.27","443","0","632","132348"
"8.331169","8.331169000","7.937108000","1164","52","10.0.0.2","40940","95.101.184.27","443","0","632","132348"
"8.331187","8.331187000","7.937126000","1165","52","10.0.0.2","40940","95.101.184.27","443","0","632","132348"
"8.331201","8.331201000","7.937140000","1166","52","10.0.0.2","40940","95.101.184.27","443","0","632","132348"
"8.331708","8.331708000","7.937647000","1167","296","95.101.184.27","443","10.0.0.2","40940","244","142840","632"
"8.331747","8.331747000","7.937686000","1168","296","95.101.184.27","443","10.0.0.2","40940","244","143084","632"
"8.331797","8.331797000","7.937736000","1169","296","95.101.184.27","443","10.0.0.2","40940","244","143328","632"
"8.331809","8.331809000","7.937748000","1170","296","95.101.184.27","443","10.0.0.2","40940","244","143572","632"
"8.394001","8.394001000","7.999940000","1171","52","10.0.0.2","40940","95.101.184.27","443","0","632","132348"
"8.394038","8.394038000","7.999977000","1172","52","10.0.0.2","40940","95.101.184.27","443","0","632","132348"
"8.394054","8.394054000","7.999993000","1173","52","10.0.0.2","40940","95.101.184.27","443","0","632","132348"
"8.394069","8.394069000","8.000008000","1174","52","10.0.0.2","40940","95.101.184.27","443","0","632","132348"
"8.394084","8.394084000","8.000023000","1175","52","10.0.0.2","40940","95.101.184.27","443","0","632","132348"
"8.394538","8.394538000","8.000477000","1176","296","95.101.184.27","443","10.0.0.2","40940","244","143816","632"
"8.394576","8.394576000","8.000515000","1177","296","95.101.184.27","443","10.0.0.2","40940","244","144060","632"
"8.394619","8.394619000","8.000558000","1178","296","95.101.184.27","443","10.0.0.2","40940","244","144304","632"
"8.455805","8.455805000","8.061744000","1179","52","10.0.0.2","40940","95.101.184.27","443","0","632","136252"
"8.455841","8.455841000","8.061780000","1180","52","10.0.0.2","40940","95.101.184.27","443","0","632","136252"
"8.455862","8.455862000","8.061801000","1181","52","10.0.0.2","40940","95.101.184.27","443","0","632","136252"
"8.455881","8.455881000","8.061820000","1182","52","10.0.0.2","40940","95.101.184.27","443","0","632","136252"
"8.456463","8.456463000","8.062402000","1183","296","95.101.184.27","443","10.0.0.2","40940","244","136252","632"
"8.456500","8.456500000","8.062439000","1184","296","95.101.184.27","443","10.0.0.2","40940","244","144548","632"
"8.456552","8.456552000","8.062491000","1185","296","95.101.184.27","443","10.0.0.2","40940","244","144792","632"
"8.456565","8.456565000","8.062504000","1186","296","95.101.184.27","443","10.0.0.2","40940","244","145036","632"
"8.456598","8.456598000","8.062537000","1187","296","95.101.184.27","443","10.0.0.2","40940","244","145280","632"
"8.518528","8.518528000","8.124467000","1188","52","10.0.0.2","40940","95.101.184.27","443","0","632","136252"
"8.518557","8.518557000","8.124496000","1189","52","10.0.0.2","40940","95.101.184.27","443","0","632","136252"
"8.518575","8.518575000","8.124514000","1190","52","10.0.0.2","40940","95.101.184.27","443","0","632","136252"
"8.518590","8.518590000","8.124529000","1191","52","10.0.0.2","40940","95.101.184.27","443","0","632","136252"
"8.518604","8.518604000","8.124543000","1192","52","10.0.0.2","40940","95.101.184.27","443","0","632","136252"
"8.519050","8.519050000","8.124989000","1193","296","95.101.184.27","443","10.0.0.2","40940","244","145524","632"
"8.519080","8.519080000","8.125019000","1194","296","95.101.184.27","443","10.0.0.2","40940","244","145768","632"
"8.519128","8.519128000","8.125067000","1195","296","95.101.184.27","443","10.0.0.2","40940","244","146012","632"
"8.519140","8.519140000","8.125079000","1196","296","95.101.184.27","443","10.0.0.2","40940","244","146256","632"
"8.519215","8.519215000","8.125154000","1197","296","95.101.184.27","443","10.0.0.2","40940","244","146500","632"
"8.580286","8.580286000","8.186225000","1198","52","10.0.0.2","40940","95.101.184.27","443","0","632","136252"
"8.580316","8.580316000","8.186255000","1199","52","10.0.0.2","40940","95.101.184.27","443","0","632","136252"
"8.580334","8.580334000","8.186273000","1200","52","10.0.0.2","40940","95.101.184.27","443","0","632","136252"
"8.580349","8.580349000","8.186288000","1201","52","10.0.0.2","40940","95.101.184.27","443","0","632","136252"
"8.580367","8.580367000","8.186306000","1202","52","10.0.0.2","40940","95.101.184.27","443","0","632","136252"
"8.580873","8.580873000","8.186812000","1203","296","95.101.184.27","443","10.0.0.2","40940","244","146744","632"
"8.580910","8.580910000","8.186849000","1204","296","95.101.184.27","443","10.0.0.2","40940","244","146988","632"
"8.580998","8.580998000","8.186937000","1205","296","95.101.184.27","443","10.0.0.2","40940","244","147232","632"
"8.581011","8.581011000","8.186950000","1206","296","95.101.184.27","443","10.0.0.2","40940","244","147476","632"
"8.581044","8.581044000","8.186983000","1207","296","95.101.184.27","443","10.0.0.2","40940","244","147720","632"
"8.643273","8.643273000","8.249212000","1208","52","10.0.0.2","40940","95.101.184.27","443","0","632","136252"
"8.643309","8.643309000","8.249248000","1209","52","10.0.0.2","40940","95.101.184.27","443","0","632","136252"
"8.643329","8.643329000","8.249268000","1210","52","10.0.0.2","40940","95.101.184.27","443","0","632","136252"
"8.643348","8.643348000","8.249287000","1211","52","10.0.0.2","40940","95.101.184.27","443","0","632","136252"
"8.643364","8.643364000","8.249303000","1212","52","10.0.0.2","40940","95.101.184.27","443","0","632","138936"
"8.643872","8.643872000","8.249811000","1213","296","95.101.184.27","443","10.0.0.2","40940","244","147964","632"
"8.643909","8.643909000","8.249848000","1214","296","95.101.184.27","443","10.0.0.2","40940","244","148208","632"
"8.643990","8.643990000","8.249929000","1215","296","95.101.184.27","443","10.0.0.2","40940","244","148452","632"
"8.644003","8.644003000","8.249942000","1216","296","95.101.184.27","443","10.0.0.2","40940","244","148696","632"
"8.644050","8.644050000","8.249989000","1217","296","95.101.184.27","443","10.0.0.2","40940","244","138936","632"
"8.644062","8.644062000","8.250001000","1218","296","95.101.184.27","443","10.0.0.2","40940","244","148940","632"
"8.705700","8.705700000","8.311639000","1219","52","10.0.0.2","40940","95.101.184.27","443","0","632","138936"
"8.705729","8.705729000","8.311668000","1220","52","10.0.0.2","40940","95.101.184.27","443","0","632","138936"
"8.705747","8.705747000","8.311686000","1221","52","10.0.0.2","40940","95.101.184.27","443","0","632","138936"
"8.705762","8.705762000","8.311701000","1222","52","10.0.0.2","40940","95.101.184.27","443","0","632","138936"
"8.705776","8.705776000","8.311715000","1223","52","10.0.0.2","40940","95.101.184.27","443","0","632","138936"
"8.706224","8.706224000","8.312163000","1224","296","95.101.184.27","443","10.0.0.2","40940","244","149184","632"
"8.706260","8.706260000","8.312199000","1225","296","95.101.184.27","443","10.0.0.2","40940","244","149428","632"
"8.706311","8.706311000","8.312250000","1226","296","95.101.184.27","443","10.0.0.2","40940","244","149672","632"
"8.706324","8.706324000","8.312263000","1227","296","95.101.184.27","443","10.0.0.2","40940","244","149916","632"
"8.706416","8.706416000","8.312355000","1228","296","95.101.184.27","443","10.0.0.2","40940","244","150160","632"
"8.768707","8.768707000","8.374646000","1229","52","10.0.0.2","40940","95.101.184.27","443","0","632","138936"
"8.768746","8.768746000","8.374685000","1230","52","10.0.0.2","40940","95.101.184.27","443","0","632","138936"
"8.768765","8.768765000","8.374704000","1231","52","10.0.0.2","40940","95.101.184.27","443","0","632","138936"
"8.768782","8.768782000","8.374721000","1232","52","10.0.0.2","40940","95.101.184.27","443","0","632","138936"
"8.768799","8.768799000","8.374738000","1233","52","10.0.0.2","40940","95.101.184.27","443","0","632","138936"
"8.769276","8.769276000","8.375215000","1234","296","95.101.184.27","443","10.0.0.2","40940","244","150404","632"
"8.769313","8.769313000","8.375252000","1235","296","95.101.184.27","443","10.0.0.2","40940","244","150648","632"
"8.769363","8.769363000","8.375302000","1236","296","95.101.184.27","443","10.0.0.2","40940","244","150892","632"
"8.769375","8.769375000","8.375314000","1237","296","95.101.184.27","443","10.0.0.2","40940","244","151136","632"
"8.769409","8.769409000","8.375348000","1238","296","95.101.184.27","443","10.0.0.2","40940","244","151380","632"
"8.830733","8.830733000","8.436672000","1239","52","10.0.0.2","40940","95.101.184.27","443","0","632","138936"
"8.830764","8.830764000","8.436703000","1240","52","10.0.0.2","40940","95.101.184.27","443","0","632","138936"
"8.830784","8.830784000","8.436723000","1241","52","10.0.0.2","40940","95.101.184.27","443","0","632","138936"
"8.830800","8.830800000","8.436739000","1242","52","10.0.0.2","40940","95.101.184.27","443","0","632","138936"
"8.830817","8.830817000","8.436756000","1243","52","10.0.0.2","40940","95.101.184.27","443","0","632","138936"
"8.831304","8.831304000","8.437243000","1244","296","95.101.184.27","443","10.0.0.2","40940","244","151624","632"
"8.831340","8.831340000","8.437279000","1245","296","95.101.184.27","443","10.0.0.2","40940","244","151868","632"
"8.831391","8.831391000","8.437330000","1246","296","95.101.184.27","443","10.0.0.2","40940","244","152112","632"
"8.831402","8.831402000","8.437341000","1247","296","95.101.184.27","443","10.0.0.2","40940","244","152356","632"
"8.831437","8.831437000","8.437376000","1248","296","95.101.184.27","443","10.0.0.2","40940","244","152600","632"
"8.893456","8.893456000","8.499395000","1249","52","10.0.0.2","40940","95.101.184.27","443","0","632","138936"
"8.893488","8.893488000","8.499427000","1250","52","10.0.0.2","40940","95.101.184.27","443","0","632","138936"
"8.893508","8.893508000","8.499447000","1251","52","10.0.0.2","40940","95.101.184.27","443","0","632","138936"
"8.893524","8.893524000","8.499463000","1252","52","10.0.0.2","40940","95.101.184.27","443","0","632","148940"
"8.893540","8.893540000","8.499479000","1253","52","10.0.0.2","40940","95.101.184.27","443","0","632","149184"
"8.894024","8.894024000","8.499963000","1254","296","95.101.184.27","443","10.0.0.2","40940","244","152844","632"
"8.894062","8.894062000","8.500001000","1255","296","95.101.184.27","443","10.0.0.2","40940","244","153088","632"
"8.894113","8.894113000","8.500052000","1256","296","95.101.184.27","443","10.0.0.2","40940","244","153332","632"
"8.894125","8.894125000","8.500064000","1257","296","95.101.184.27","443","10.0.0.2","40940","244","153576","632"
"8.894170","8.894170000","8.500109000","1258","296","95.101.184.27","443","10.0.0.2","40940","244","153820","632"
"8.894181","8.894181000","8.500120000","1259","296","95.101.184.27","443","10.0.0.2","40940","244","154064","632"
"8.955501","8.955501000","8.561440000","1260","52","10.0.0.2","40940","95.101.184.27","443","0","632","149428"
"8.955535","8.955535000","8.561474000","1261","52","10.0.0.2","40940","95.101.184.27","443","0","632","149672"
"8.955553","8.955553000","8.561492000","1262","52","10.0.0.2","40940","95.101.184.27","443","0","632","149916"
"8.955569","8.955569000","8.561508000","1263","52","10.0.0.2","40940","95.101.184.27","443","0","632","150160"
"8.955587","8.955587000","8.561526000","1264","52","10.0.0.2","40940","95.101.184.27","443","0","632","150404"
"8.956049","8.956049000","8.561988000","1265","296","95.101.184.27","443","10.0.0.2","40940","244","154308","632"
"8.956085","8.956085000","8.562024000","1266","296","95.101.184.27","443","10.0.0.2","40940","244","154552","632"
"8.956134","8.956134000","8.562073000","1267","296","95.101.184.27","443","10.0.0.2","40940","244","154796","632"
"8.956146","8.956146000","8.562085000","1268","296","95.101.184.27","443","10.0.0.2","40940","244","155040","632"
"8.956180","8.956180000","8.562119000","1269","296","95.101.184.27","443","10.0.0.2","40940","244","155284","632"
"9.018280","9.018280000","8.624219000","1270","52","10.0.0.2","40940","95.101.184.27","443","0","632","150648"
"9.018311","9.018311000","8.624250000","1271","52","10.0.0.2","40940","95.101.184.27","443","0","632","150892"
"9.018330","9.018330000","8.624269000","1272","52","10.0.0.2","40940","95.101.184.27","443","0","632","151136"
"9.018349","9.018349000","8.624288000","1273","52","10.0.0.2","40940","95.101.184.27","443","0","632","151380"
"9.018364","9.018364000","8.624303000","1274","52","10.0.0.2","40940","95.101.184.27","443","0","632","151624"
"9.018864","9.018864000","8.624803000","1275","296","95.101.184.27","443","10.0.0.2","40940","244","155528","632"
"9.018902","9.018902000","8.624841000","1276","296","95.101.184.27","443","10.0.0.2","40940","244","155772","632"
"9.018988","9.018988000","8.624927000","1277","296","95.101.184.27","443","10.0.0.2","40940","244","156016","632"
"9.019002","9.019002000","8.624941000","1278","296","95.101.184.27","443","10.0.0.2","40940","244","156260","632"
"9.019047","9.019047000","8.624986000","1279","296","95.101.184.27","443","10.0.0.2","40940","244","156504","632"
"9.019062","9.019062000","8.625001000","1280","296","95.101.184.27","443","10.0.0.2","40940","244","156748","632"
"9.080813","9.080813000","8.686752000","1281","52","10.0.0.2","40940","95.101.184.27","443","0","632","151868"
"9.080842","9.080842000","8.686781000","1282","52","10.0.0.2","40940","95.101.184.27","443","0","632","152112"
"9.080860","9.080860000","8.686799000","1283","52","10.0.0.2","40940","95.101.184.27","443","0","632","152356"
"9.080876","9.080876000","8.686815000","1284","52","10.0.0.2","40940","95.101.184.27","443","0","632","152600"
"9.080889","9.080889000","8.686828000","1285","52","10.0.0.2","40940","95.101.184.27","443","0","632","152844"
"9.081431","9.081431000","8.687370000","1286","296","95.101.184.27","443","10.0.0.2","40940","244","156992","632"
"9.081469","9.081469000","8.687408000","1287","296","95.101.184.27","443","10.0.0.2","40940","244","157236","632"
"9.081520","9.081520000","8.687459000","1288","296","95.101.184.27","443","10.0.0.2","40940","244","157480","632"
"9.081532","9.081532000","8.687471000","1289","296","95.101.184.27","443","10.0.0.2","40940","244","157724","632"
"9.081567","9.081567000","8.687506000","1290","296","95.101.184.27","443","10.0.0.2","40940","244","157968","632"
"9.144002","9.144002000","8.749941000","1291","52","10.0.0.2","40940","95.101.184.27","443","0","632","153088"
"9.144033","9.144033000","8.749972000","1292","52","10.0.0.2","40940","95.101.184.27","443","0","632","153332"
"9.144051","9.144051000","8.749990000","1293","52","10.0.0.2","40940","95.101.184.27","443","0","632","153576"
"9.144064","9.144064000","8.750003000","1294","52","10.0.0.2","40940","95.101.184.27","443","0","632","153820"
"9.144076","9.144076000","8.750015000","1295","52","10.0.0.2","40940","95.101.184.27","443","0","632","154064"
"9.144506","9.144506000","8.750445000","1296","296","95.101.184.27","443","10.0.0.2","40940","244","158212","632"
"9.144543","9.144543000","8.750482000","1297","296","95.101.184.27","443","10.0.0.2","40940","244","158456","632"
"9.144594","9.144594000","8.750533000","1298","296","95.101.184.27","443","10.0.0.2","40940","244","158700","632"
"9.144606","9.144606000","8.750545000","1299","296","95.101.184.27","443","10.0.0.2","40940","244","158944","632"
"9.144653","9.144653000","8.750592000","1300","296","95.101.184.27","443","10.0.0.2","40940","244","159188","632"
"9.144665","9.144665000","8.750604000","1301","296","95.101.184.27","443","10.0.0.2","40940","244","159432","632"
"9.205772","9.205772000","8.811711000","1302","52","10.0.0.2","40940","95.101.184.27","443","0","632","154308"
"9.205802","9.205802000","8.811741000","1303","52","10.0.0.2","40940","95.101.184.27","443","0","632","154552"
"9.205821","9.205821000","8.811760000","1304","52","10.0.0.2","40940","95.101.184.27","443","0","632","154796"
"9.205837","9.205837000","8.811776000","1305","52","10.0.0.2","40940","95.101.184.27","443","0","632","155040"
"9.205855","9.205855000","8.811794000","1306","52","10.0.0.2","40940","95.101.184.27","443","0","632","155284"
"9.206350","9.206350000","8.812289000","1307","296","95.101.184.27","443","10.0.0.2","40940","244","159676","632"
"9.206387","9.206387000","8.812326000","1308","296","95.101.184.27","443","10.0.0.2","40940","244","159920","632"
"9.206442","9.206442000","8.812381000","1309","296","95.101.184.27","443","10.0.0.2","40940","244","160164","632"
"9.206454","9.206454000","8.812393000","1310","296","95.101.184.27","443","10.0.0.2","40940","244","160408","632"
"9.206487","9.206487000","8.812426000","1311","296","95.101.184.27","443","10.0.0.2","40940","244","160652","632"
"9.268318","9.268318000","8.874257000","1312","52","10.0.0.2","40940","95.101.184.27","443","0","632","155528"
"9.268348","9.268348000","8.874287000","1313","52","10.0.0.2","40940","95.101.184.27","443","0","632","155772"
"9.268366","9.268366000","8.874305000","1314","52","10.0.0.2","40940","95.101.184.27","443","0","632","156016"
"9.268382","9.268382000","8.874321000","1315","52","10.0.0.2","40940","95.101.184.27","443","0","632","156260"
"9.268397","9.268397000","8.874336000","1316","52","10.0.0.2","40940","95.101.184.27","443","0","632","156504"
"9.268963","9.268963000","8.874902000","1317","296","95.101.184.27","443","10.0.0.2","40940","244","160896","632"
"9.269001","9.269001000","8.874940000","1318","296","95.101.184.27","443","10.0.0.2","40940","244","161140","632"
"9.269054","9.269054000","8.874993000","1319","296","95.101.184.27","443","10.0.0.2","40940","244","161384","632"
"9.269067","9.269067000","8.875006000","1320","296","95.101.184.27","443","10.0.0.2","40940","244","161628","632"
"9.269113","9.269113000","8.875052000","1321","296","95.101.184.27","443","10.0.0.2","40940","244","161872","632"
"9.269125","9.269125000","8.875064000","1322","296","95.101.184.27","443","10.0.0.2","40940","244","162116","632"
"9.330444","9.330444000","8.936383000","1323","52","10.0.0.2","40940","95.101.184.27","443","0","632","156748"
"9.330479","9.330479000","8.936418000","1324","52","10.0.0.2","40940","95.101.184.27","443","0","632","156992"
"9.330497","9.330497000","8.936436000","1325","52","10.0.0.2","40940","95.101.184.27","443","0","632","157236"
"9.330512","9.330512000","8.936451000","1326","52","10.0.0.2","40940","95.101.184.27","443","0","632","157480"
"9.330528","9.330528000","8.936467000","1327","52","10.0.0.2","40940","95.101.184.27","443","0","632","157724"
"9.331019","9.331019000","8.936958000","1328","296","95.101.184.27","443","10.0.0.2","40940","244","162360","632"
"9.331056","9.331056000","8.936995000","1329","296","95.101.184.27","443","10.0.0.2","40940","244","162604","632"
"9.331107","9.331107000","8.937046000","1330","296","95.101.184.27","443","10.0.0.2","40940","244","162848","632"
"9.331118","9.331118000","8.937057000","1331","296","95.101.184.27","443","10.0.0.2","40940","244","163092","632"
"9.331152","9.331152000","8.937091000","1332","296","95.101.184.27","443","10.0.0.2","40940","244","163336","632"
"9.393225","9.393225000","8.999164000","1333","52","10.0.0.2","40940","95.101.184.27","443","0","632","157968"
"9.393253","9.393253000","8.999192000","1334","52","10.0.0.2","40940","95.101.184.27","443","0","632","158212"
"9.393271","9.393271000","8.999210000","1335","52","10.0.0.2","40940","95.101.184.27","443","0","632","158456"
"9.393286","9.393286000","8.999225000","1336","52","10.0.0.2","40940","95.101.184.27","443","0","632","158700"
"9.393300","9.393300000","8.999239000","1337","52","10.0.0.2","40940","95.101.184.27","443","0","632","158944"
"9.393815","9.393815000","8.999754000","1338","296","95.101.184.27","443","10.0.0.2","40940","244","163580","632"
"9.393852","9.393852000","8.999791000","1339","296","95.101.184.27","443","10.0.0.2","40940","244","163824","632"
"9.393903","9.393903000","8.999842000","1340","296","95.101.184.27","443","10.0.0.2","40940","244","164068","632"
"9.393947","9.393947000","8.999886000","1341","296","95.101.184.27","443","10.0.0.2","40940","244","164312","632"
"9.393995","9.393995000","8.999934000","1342","296","95.101.184.27","443","10.0.0.2","40940","244","164556","632"
"9.394010","9.394010000","8.999949000","1343","296","95.101.184.27","443","10.0.0.2","40940","244","164800","632"
"9.455746","9.455746000","9.061685000","1344","52","10.0.0.2","40940","95.101.184.27","443","0","632","159188"
"9.455774","9.455774000","9.061713000","1345","52","10.0.0.2","40940","95.101.184.27","443","0","632","159432"
"9.455792","9.455792000","9.061731000","1346","52","10.0.0.2","40940","95.101.184.27","443","0","632","159676"
"9.455807","9.455807000","9.061746000","1347","52","10.0.0.2","40940","95.101.184.27","443","0","632","159920"
"9.455819","9.455819000","9.061758000","1348","52","10.0.0.2","40940","95.101.184.27","443","0","632","160164"
"9.456322","9.456322000","9.062261000","1349","296","95.101.184.27","443","10.0.0.2","40940","244","165044","632"
"9.456358","9.456358000","9.062297000","1350","296","95.101.184.27","443","10.0.0.2","40940","244","165288","632"
"9.456411","9.456411000","9.062350000","1351","296","95.101.184.27","443","10.0.0.2","40940","244","165532","632"
"9.456422","9.456422000","9.062361000","1352","296","95.101.184.27","443","10.0.0.2","40940","244","165776","632"
"9.456456","9.456456000","9.062395000","1353","296","95.101.184.27","443","10.0.0.2","40940","244","166020","632"
"9.518946","9.518946000","9.124885000","1354","52","10.0.0.2","40940","95.101.184.27","443","0","632","160408"
"9.518994","9.518994000","9.124933000","1355","52","10.0.0.2","40940","95.101.184.27","443","0","632","160652"
"9.519009","9.519009000","9.124948000","1356","52","10.0.0.2","40940","95.101.184.27","443","0","632","160896"
"9.519021","9.519021000","9.124960000","1357","52","10.0.0.2","40940","95.101.184.27","443","0","632","161140"
"9.519032","9.519032000","9.124971000","1358","52","10.0.0.2","40940","95.101.184.27","443","0","632","161384"
"9.519446","9.519446000","9.125385000","1359","296","95.101.184.27","443","10.0.0.2","40940","244","166264","632"
"9.519482","9.519482000","9.125421000","1360","296","95.101.184.27","443","10.0.0.2","40940","244","166508","632"
"9.519533","9.519533000","9.125472000","1361","296","95.101.184.27","443","10.0.0.2","40940","244","166752","632"
"9.519544","9.519544000","9.125483000","1362","296","95.101.184.27","443","10.0.0.2","40940","244","166996","632"
"9.519591","9.519591000","9.125530000","1363","296","95.101.184.27","443","10.0.0.2","40940","244","167240","632"
"9.519603","9.519603000","9.125542000","1364","296","95.101.184.27","443","10.0.0.2","40940","244","167484","632"
"9.580730","9.580730000","9.186669000","1365","52","10.0.0.2","40940","95.101.184.27","443","0","632","161628"
"9.580762","9.580762000","9.186701000","1366","52","10.0.0.2","40940","95.101.184.27","443","0","632","161872"
"9.580782","9.580782000","9.186721000","1367","52","10.0.0.2","40940","95.101.184.27","443","0","632","162116"
"9.580798","9.580798000","9.186737000","1368","52","10.0.0.2","40940","95.101.184.27","443","0","632","162360"
"9.580815","9.580815000","9.186754000","1369","52","10.0.0.2","40940","95.101.184.27","443","0","632","162604"
"9.581241","9.581241000","9.187180000","1370","296","95.101.184.27","443","10.0.0.2","40940","244","167728","632"
"9.581269","9.581269000","9.187208000","1371","296","95.101.184.27","443","10.0.0.2","40940","244","167972","632"
"9.581320","9.581320000","9.187259000","1372","296","95.101.184.27","443","10.0.0.2","40940","244","168216","632"
"9.581331","9.581331000","9.187270000","1373","296","95.101.184.27","443","10.0.0.2","40940","244","168460","632"
"9.581364","9.581364000","9.187303000","1374","296","95.101.184.27","443","10.0.0.2","40940","244","168704","632"
"9.643234","9.643234000","9.249173000","1375","52","10.0.0.2","40940","95.101.184.27","443","0","632","162848"
"9.643263","9.643263000","9.249202000","1376","52","10.0.0.2","40940","95.101.184.27","443","0","632","163092"
"9.643281","9.643281000","9.249220000","1377","52","10.0.0.2","40940","95.101.184.27","443","0","632","163336"
"9.643297","9.643297000","9.249236000","1378","52","10.0.0.2","40940","95.101.184.27","443","0","632","163580"
"9.643312","9.643312000","9.249251000","1379","52","10.0.0.2","40940","95.101.184.27","443","0","632","163824"
"9.643815","9.643815000","9.249754000","1380","296","95.101.184.27","443","10.0.0.2","40940","244","168948","632"
"9.643852","9.643852000","9.249791000","1381","296","95.101.184.27","443","10.0.0.2","40940","244","169192","632"
"9.643905","9.643905000","9.249844000","1382","296","95.101.184.27","443","10.0.0.2","40940","244","169436","632"
"9.643946","9.643946000","9.249885000","1383","296","95.101.184.27","443","10.0.0.2","40940","244","169680","632"
"9.643982","9.643982000","9.249921000","1384","296","95.101.184.27","443","10.0.0.2","40940","244","169924","632"
"9.705318","9.705318000","9.311257000","1385","52","10.0.0.2","40940","95.101.184.27","443","0","632","164068"
"9.705348","9.705348000","9.311287000","1386","52","10.0.0.2","40940","95.101.184.27","443","0","632","164312"
"9.705367","9.705367000","9.311306000","1387","52","10.0.0.2","40940","95.101.184.27","443","0","632","164556"
"9.705384","9.705384000","9.311323000","1388","52","10.0.0.2","40940","95.101.184.27","443","0","632","164800"
"9.705401","9.705401000","9.311340000","1389","52","10.0.0.2","40940","95.101.184.27","443","0","632","165044"
"9.705841","9.705841000","9.311780000","1390","296","95.101.184.27","443","10.0.0.2","40940","244","170168","632"
"9.705878","9.705878000","9.311817000","1391","296","95.101.184.27","443","10.0.0.2","40940","244","170412","632"
"9.705957","9.705957000","9.311896000","1392","296","95.101.184.27","443","10.0.0.2","40940","244","170656","632"
"9.705971","9.705971000","9.311910000","1393","296","95.101.184.27","443","10.0.0.2","40940","244","170900","632"
"9.706018","9.706018000","9.311957000","1394","296","95.101.184.27","443","10.0.0.2","40940","244","171144","632"
"9.706029","9.706029000","9.311968000","1395","296","95.101.184.27","443","10.0.0.2","40940","244","171388","632"
"9.768430","9.768430000","9.374369000","1396","52","10.0.0.2","40940","95.101.184.27","443","0","632","165288"
"9.768464","9.768464000","9.374403000","1397","52","10.0.0.2","40940","95.101.184.27","443","0","632","165532"
"9.768486","9.768486000","9.374425000","1398","52","10.0.0.2","40940","95.101.184.27","443","0","632","165776"
"9.768503","9.768503000","9.374442000","1399","52","10.0.0.2","40940","95.101.184.27","443","0","632","166020"
"9.768519","9.768519000","9.374458000","1400","52","10.0.0.2","40940","95.101.184.27","443","0","632","166264"
"9.768971","9.768971000","9.374910000","1401","296","95.101.184.27","443","10.0.0.2","40940","244","171632","632"
"9.769008","9.769008000","9.374947000","1402","296","95.101.184.27","443","10.0.0.2","40940","244","171876","632"
"9.769060","9.769060000","9.374999000","1403","296","95.101.184.27","443","10.0.0.2","40940","244","172120","632"
"9.769071","9.769071000","9.375010000","1404","296","95.101.184.27","443","10.0.0.2","40940","244","172364","632"
"9.769105","9.769105000","9.375044000","1405","296","95.101.184.27","443","10.0.0.2","40940","244","172608","632"
"9.830812","9.830812000","9.436751000","1406","52","10.0.0.2","40940","95.101.184.27","443","0","632","166508"
"9.830841","9.830841000","9.436780000","1407","52","10.0.0.2","40940","95.101.184.27","443","0","632","166752"
"9.830859","9.830859000","9.436798000","1408","52","10.0.0.2","40940","95.101.184.27","443","0","632","166996"
"9.830874","9.830874000","9.436813000","1409","52","10.0.0.2","40940","95.101.184.27","443","0","632","167240"
"9.830885","9.830885000","9.436824000","1410","52","10.0.0.2","40940","95.101.184.27","443","0","632","167484"
"9.831399","9.831399000","9.437338000","1411","296","95.101.184.27","443","10.0.0.2","40940","244","172852","632"
"9.831436","9.831436000","9.437375000","1412","296","95.101.184.27","443","10.0.0.2","40940","244","173096","632"
"9.831486","9.831486000","9.437425000","1413","296","95.101.184.27","443","10.0.0.2","40940","244","173340","632"
"9.831498","9.831498000","9.437437000","1414","296","95.101.184.27","443","10.0.0.2","40940","244","173584","632"
"9.831532","9.831532000","9.437471000","1415","296","95.101.184.27","443","10.0.0.2","40940","244","173828","632"
"9.893739","9.893739000","9.499678000","1416","52","10.0.0.2","40940","95.101.184.27","443","0","632","167728"
"9.893771","9.893771000","9.499710000","1417","52","10.0.0.2","40940","95.101.184.27","443","0","632","167972"
"9.893791","9.893791000","9.499730000","1418","52","10.0.0.2","40940","95.101.184.27","443","0","632","168216"
"9.893809","9.893809000","9.499748000","1419","52","10.0.0.2","40940","95.101.184.27","443","0","632","168460"
"9.893825","9.893825000","9.499764000","1420","52","10.0.0.2","40940","95.101.184.27","443","0","632","168704"
"9.894312","9.894312000","9.500251000","1421","296","95.101.184.27","443","10.0.0.2","40940","244","174072","632"
"9.894348","9.894348000","9.500287000","1422","296","95.101.184.27","443","10.0.0.2","40940","244","174316","632"
"9.894398","9.894398000","9.500337000","1423","296","95.101.184.27","443","10.0.0.2","40940","244","174560","632"
"9.894410","9.894410000","9.500349000","1424","296","95.101.184.27","443","10.0.0.2","40940","244","174804","632"
"9.894457","9.894457000","9.500396000","1425","296","95.101.184.27","443","10.0.0.2","40940","244","175048","632"
"9.894468","9.894468000","9.500407000","1426","296","95.101.184.27","443","10.0.0.2","40940","244","175292","632"
"9.955801","9.955801000","9.561740000","1427","52","10.0.0.2","40940","95.101.184.27","443","0","632","168948"
"9.955847","9.955847000","9.561786000","1428","52","10.0.0.2","40940","95.101.184.27","443","0","632","169192"
"9.955859","9.955859000","9.561798000","1429","52","10.0.0.2","40940","95.101.184.27","443","0","632","169436"
"9.955871","9.955871000","9.561810000","1430","52","10.0.0.2","40940","95.101.184.27","443","0","632","169680"
"9.955882","9.955882000","9.561821000","1431","52","10.0.0.2","40940","95.101.184.27","443","0","632","169924"
"9.956394","9.956394000","9.562333000","1432","296","95.101.184.27","443","10.0.0.2","40940","244","175536","632"
"9.956431","9.956431000","9.562370000","1433","296","95.101.184.27","443","10.0.0.2","40940","244","175780","632"
"9.956483","9.956483000","9.562422000","1434","296","95.101.184.27","443","10.0.0.2","40940","244","176024","632"
"9.956496","9.956496000","9.562435000","1435","296","95.101.184.27","443","10.0.0.2","40940","244","176268","632"
"9.956532","9.956532000","9.562471000","1436","296","95.101.184.27","443","10.0.0.2","40940","244","176512","632"
"10.018256","10.018256000","9.624195000","1437","52","10.0.0.2","40940","95.101.184.27","443","0","632","170168"
"10.018285","10.018285000","9.624224000","1438","52","10.0.0.2","40940","95.101.184.27","443","0","632","170412"
"10.018302","10.018302000","9.624241000","1439","52","10.0.0.2","40940","95.101.184.27","443","0","632","170656"
"10.018318","10.018318000","9.624257000","1440","52","10.0.0.2","40940","95.101.184.27","443","0","632","170900"
"10.018331","10.018331000","9.624270000","1441","52","10.0.0.2","40940","95.101.184.27","443","0","632","171144"
"10.018819","10.018819000","9.624758000","1442","296","95.101.184.27","443","10.0.0.2","40940","244","176756","632"
"10.018852","10.018852000","9.624791000","1443","296","95.101.184.27","443","10.0.0.2","40940","244","177000","632"
"10.018904","10.018904000","9.624843000","1444","296","95.101.184.27","443","10.0.0.2","40940","244","177244","632"
"10.018951","10.018951000","9.624890000","1445","296","95.101.184.27","443","10.0.0.2","40940","244","177488","632"
"10.018989","10.018989000","9.624928000","1446","296","95.101.184.27","443","10.0.0.2","40940","244","177732","632"
"10.080239","10.080239000","9.686178000","1447","52","10.0.0.2","40940","95.101.184.27","443","0","632","171388"
"10.080270","10.080270000","9.686209000","1448","52","10.0.0.2","40940","95.101.184.27","443","0","632","171632"
"10.080289","10.080289000","9.686228000","1449","52","10.0.0.2","40940","95.101.184.27","443","0","632","171876"
"10.080304","10.080304000","9.686243000","1450","52","10.0.0.2","40940","95.101.184.27","443","0","632","172120"
"10.080322","10.080322000","9.686261000","1451","52","10.0.0.2","40940","95.101.184.27","443","0","632","172364"
"10.080767","10.080767000","9.686706000","1452","296","95.101.184.27","443","10.0.0.2","40940","244","177976","632"
"10.080803","10.080803000","9.686742000","1453","296","95.101.184.27","443","10.0.0.2","40940","244","178220","632"
"10.080855","10.080855000","9.686794000","1454","296","95.101.184.27","443","10.0.0.2","40940","244","178464","632"
"10.080866","10.080866000","9.686805000","1455","296","95.101.184.27","443","10.0.0.2","40940","244","178708","632"
"10.080901","10.080901000","9.686840000","1456","296","95.101.184.27","443","10.0.0.2","40940","244","178952","632"
"10.143221","10.143221000","9.749160000","1457","52","10.0.0.2","40940","95.101.184.27","443","0","632","172608"
"10.143252","10.143252000","9.749191000","1458","52","10.0.0.2","40940","95.101.184.27","443","0","632","172852"
"10.143271","10.143271000","9.749210000","1459","52","10.0.0.2","40940","95.101.184.27","443","0","632","173096"
"10.143285","10.143285000","9.749224000","1460","52","10.0.0.2","40940","95.101.184.27","443","0","632","173340"
"10.143302","10.143302000","9.749241000","1461","52","10.0.0.2","40940","95.101.184.27","443","0","632","173584"
"10.143771","10.143771000","9.749710000","1462","296","95.101.184.27","443","10.0.0.2","40940","244","179196","632"
"10.143808","10.143808000","9.749747000","1463","296","95.101.184.27","443","10.0.0.2","40940","244","179440","632"
"10.143859","10.143859000","9.749798000","1464","296","95.101.184.27","443","10.0.0.2","40940","244","179684","632"
"10.143871","10.143871000","9.749810000","1465","296","95.101.184.27","443","10.0.0.2","40940","244","179928","632"
"10.143904","10.143904000","9.749843000","1466","296","95.101.184.27","443","10.0.0.2","40940","244","180172","632"
"10.205701","10.205701000","9.811640000","1467","52","10.0.0.2","40940","95.101.184.27","443","0","632","173828"
"10.205730","10.205730000","9.811669000","1468","52","10.0.0.2","40940","95.101.184.27","443","0","632","174072"
"10.205747","10.205747000","9.811686000","1469","52","10.0.0.2","40940","95.101.184.27","443","0","632","174316"
"10.205763","10.205763000","9.811702000","1470","52","10.0.0.2","40940","95.101.184.27","443","0","632","174560"
"10.205778","10.205778000","9.811717000","1471","52","10.0.0.2","40940","95.101.184.27","443","0","632","174804"
"10.206317","10.206317000","9.812256000","1472","296","95.101.184.27","443","10.0.0.2","40940","244","180416","632"
"10.206355","10.206355000","9.812294000","1473","296","95.101.184.27","443","10.0.0.2","40940","244","180660","632"
"10.206405","10.206405000","9.812344000","1474","296","95.101.184.27","443","10.0.0.2","40940","244","180904","632"
"10.206417","10.206417000","9.812356000","1475","296","95.101.184.27","443","10.0.0.2","40940","244","181148","632"
"10.206463","10.206463000","9.812402000","1476","296","95.101.184.27","443","10.0.0.2","40940","244","181392","632"
"10.206474","10.206474000","9.812413000","1477","296","95.101.184.27","443","10.0.0.2","40940","244","181636","632"
"10.268576","10.268576000","9.874515000","1478","52","10.0.0.2","40940","95.101.184.27","443","0","632","175048"
"10.268607","10.268607000","9.874546000","1479","52","10.0.0.2","40940","95.101.184.27","443","0","632","175292"
"10.268626","10.268626000","9.874565000","1480","52","10.0.0.2","40940","95.101.184.27","443","0","632","175292"
"10.268645","10.268645000","9.874584000","1481","52","10.0.0.2","40940","95.101.184.27","443","0","632","175292"
"10.268660","10.268660000","9.874599000","1482","52","10.0.0.2","40940","95.101.184.27","443","0","632","175292"
"10.269158","10.269158000","9.875097000","1483","296","95.101.184.27","443","10.0.0.2","40940","244","181880","632"
"10.269195","10.269195000","9.875134000","1484","296","95.101.184.27","443","10.0.0.2","40940","244","182124","632"
"10.269245","10.269245000","9.875184000","1485","296","95.101.184.27","443","10.0.0.2","40940","244","182368","632"
"10.269256","10.269256000","9.875195000","1486","296","95.101.184.27","443","10.0.0.2","40940","244","182612","632"
"10.269290","10.269290000","9.875229000","1487","296","95.101.184.27","443","10.0.0.2","40940","244","175292","632"
"10.330796","10.330796000","9.936735000","1488","52","10.0.0.2","40940","95.101.184.27","443","0","632","175292"
"10.330826","10.330826000","9.936765000","1489","52","10.0.0.2","40940","95.101.184.27","443","0","632","175292"
"10.330844","10.330844000","9.936783000","1490","52","10.0.0.2","40940","95.101.184.27","443","0","632","175292"
"10.330861","10.330861000","9.936800000","1491","52","10.0.0.2","40940","95.101.184.27","443","0","632","175292"
"10.330875","10.330875000","9.936814000","1492","52","10.0.0.2","40940","95.101.184.27","443","0","632","175292"
"10.331385","10.331385000","9.937324000","1493","296","95.101.184.27","443","10.0.0.2","40940","244","182856","632"
"10.331420","10.331420000","9.937359000","1494","296","95.101.184.27","443","10.0.0.2","40940","244","183100","632"
"10.331471","10.331471000","9.937410000","1495","296","95.101.184.27","443","10.0.0.2","40940","244","183344","632"
"10.331483","10.331483000","9.937422000","1496","296","95.101.184.27","443","10.0.0.2","40940","244","183588","632"
"10.393341","10.393341000","9.999280000","1497","52","10.0.0.2","40940","95.101.184.27","443","0","632","175292"
"10.393372","10.393372000","9.999311000","1498","52","10.0.0.2","40940","95.101.184.27","443","0","632","175292"
"10.393390","10.393390000","9.999329000","1499","52","10.0.0.2","40940","95.101.184.27","443","0","632","175292"
"10.393406","10.393406000","9.999345000","1500","52","10.0.0.2","40940","95.101.184.27","443","0","632","175292"
"10.393420","10.393420000","9.999359000","1501","52","10.0.0.2","40940","95.101.184.27","443","0","632","175292"
"10.393996","10.393996000","9.999935000","1502","296","95.101.184.27","443","10.0.0.2","40940","244","183832","632"
"10.394032","10.394032000","9.999971000","1503","296","95.101.184.27","443","10.0.0.2","40940","244","184076","632"
"10.394072","10.394072000","10.000011000","1504","296","95.101.184.27","443","10.0.0.2","40940","244","184320","632"
"10.456013","10.456013000","10.061952000","1505","52","10.0.0.2","40940","95.101.184.27","443","0","632","175292"
"10.456043","10.456043000","10.061982000","1506","52","10.0.0.2","40940","95.101.184.27","443","0","632","175292"
"10.456062","10.456062000","10.062001000","1507","52","10.0.0.2","40940","95.101.184.27","443","0","632","175292"
"10.456077","10.456077000","10.062016000","1508","52","10.0.0.2","40940","95.101.184.27","443","0","632","175292"
"10.456092","10.456092000","10.062031000","1509","52","10.0.0.2","40940","95.101.184.27","443","0","632","175292"
"10.456560","10.456560000","10.062499000","1510","296","95.101.184.27","443","10.0.0.2","40940","244","184564","632"
"10.456669","10.456669000","10.062608000","1511","296","95.101.184.27","443","10.0.0.2","40940","244","184808","632"
"10.456684","10.456684000","10.062623000","1512","296","95.101.184.27","443","10.0.0.2","40940","244","185052","632"
"10.456719","10.456719000","10.062658000","1513","296","95.101.184.27","443","10.0.0.2","40940","244","185296","632"
"10.518281","10.518281000","10.124220000","1514","52","10.0.0.2","40940","95.101.184.27","443","0","632","175292"
"10.518312","10.518312000","10.124251000","1515","52","10.0.0.2","40940","95.101.184.27","443","0","632","175292"
"10.518332","10.518332000","10.124271000","1516","52","10.0.0.2","40940","95.101.184.27","443","0","632","175292"
"10.518348","10.518348000","10.124287000","1517","52","10.0.0.2","40940","95.101.184.27","443","0","632","175292"
"10.518362","10.518362000","10.124301000","1518","52","10.0.0.2","40940","95.101.184.27","443","0","632","175292"
"10.518861","10.518861000","10.124800000","1519","296","95.101.184.27","443","10.0.0.2","40940","244","185540","632"
"10.518967","10.518967000","10.124906000","1520","296","95.101.184.27","443","10.0.0.2","40940","244","185784","632"
"10.518982","10.518982000","10.124921000","1521","296","95.101.184.27","443","10.0.0.2","40940","244","186028","632"
"10.580749","10.580749000","10.186688000","1522","52","10.0.0.2","40940","95.101.184.27","443","0","632","175292"
"10.580779","10.580779000","10.186718000","1523","52","10.0.0.2","40940","95.101.184.27","443","0","632","175292"
"10.580796","10.580796000","10.186735000","1524","52","10.0.0.2","40940","95.101.184.27","443","0","632","175292"
"10.580811","10.580811000","10.186750000","1525","52","10.0.0.2","40940","95.101.184.27","443","0","632","175292"
"10.580823","10.580823000","10.186762000","1526","52","10.0.0.2","40940","95.101.184.27","443","0","632","175292"
"10.581297","10.581297000","10.187236000","1527","296","95.101.184.27","443","10.0.0.2","40940","244","186272","632"
"10.581373","10.581373000","10.187312000","1528","296","95.101.184.27","443","10.0.0.2","40940","244","186516","632"
"10.581387","10.581387000","10.187326000","1529","296","95.101.184.27","443","10.0.0.2","40940","244","186760","632"
"10.643356","10.643356000","10.249295000","1530","52","10.0.0.2","40940","95.101.184.27","443","0","632","175292"
"10.643385","10.643385000","10.249324000","1531","52","10.0.0.2","40940","95.101.184.27","443","0","632","181636"
"10.643404","10.643404000","10.249343000","1532","52","10.0.0.2","40940","95.101.184.27","443","0","632","181636"
"10.643419","10.643419000","10.249358000","1533","52","10.0.0.2","40940","95.101.184.27","443","0","632","181636"
"10.643432","10.643432000","10.249371000","1534","52","10.0.0.2","40940","95.101.184.27","443","0","632","181636"
"10.643958","10.643958000","10.249897000","1535","296","95.101.184.27","443","10.0.0.2","40940","244","187004","632"
"10.643997","10.643997000","10.249936000","1536","296","95.101.184.27","443","10.0.0.2","40940","244","181636","632"
"10.644051","10.644051000","10.249990000","1537","296","95.101.184.27","443","10.0.0.2","40940","244","187248","632"
"10.644064","10.644064000","10.250003000","1538","296","95.101.184.27","443","10.0.0.2","40940","244","187492","632"
"10.644110","10.644110000","10.250049000","1539","296","95.101.184.27","443","10.0.0.2","40940","244","187736","632"
"10.644122","10.644122000","10.250061000","1540","296","95.101.184.27","443","10.0.0.2","40940","244","187980","632"
"10.705634","10.705634000","10.311573000","1541","52","10.0.0.2","40940","95.101.184.27","443","0","632","181636"
"10.705656","10.705656000","10.311595000","1542","52","10.0.0.2","40940","95.101.184.27","443","0","632","181636"
"10.705675","10.705675000","10.311614000","1543","52","10.0.0.2","40940","95.101.184.27","443","0","632","181636"
"10.705693","10.705693000","10.311632000","1544","52","10.0.0.2","40940","95.101.184.27","443","0","632","181636"
"10.705707","10.705707000","10.311646000","1545","52","10.0.0.2","40940","95.101.184.27","443","0","632","181636"
"10.706186","10.706186000","10.312125000","1546","296","95.101.184.27","443","10.0.0.2","40940","244","188224","632"
"10.706222","10.706222000","10.312161000","1547","296","95.101.184.27","443","10.0.0.2","40940","244","188468","632"
"10.706272","10.706272000","10.312211000","1548","296","95.101.184.27","443","10.0.0.2","40940","244","188712","632"
"10.706283","10.706283000","10.312222000","1549","296","95.101.184.27","443","10.0.0.2","40940","244","188956","632"
"10.706317","10.706317000","10.312256000","1550","296","95.101.184.27","443","10.0.0.2","40940","244","189200","632"
"10.768249","10.768249000","10.374188000","1551","52","10.0.0.2","40940","95.101.184.27","443","0","632","181636"
"10.768278","10.768278000","10.374217000","1552","52","10.0.0.2","40940","95.101.184.27","443","0","632","181636"
"10.768296","10.768296000","10.374235000","1553","52","10.0.0.2","40940","95.101.184.27","443","0","632","181636"
"10.768311","10.768311000","10.374250000","1554","52","10.0.0.2","40940","95.101.184.27","443","0","632","181636"
"10.768325","10.768325000","10.374264000","1555","52","10.0.0.2","40940","95.101.184.27","443","0","632","181636"
"10.768812","10.768812000","10.374751000","1556","296","95.101.184.27","443","10.0.0.2","40940","244","189444","632"
"10.768850","10.768850000","10.374789000","1557","296","95.101.184.27","443","10.0.0.2","40940","244","189688","632"
"10.768902","10.768902000","10.374841000","1558","296","95.101.184.27","443","10.0.0.2","40940","244","189932","632"
"10.768940","10.768940000","10.374879000","1559","296","95.101.184.27","443","10.0.0.2","40940","244","190176","632"
"10.768981","10.768981000","10.374920000","1560","296","95.101.184.27","443","10.0.0.2","40940","244","190420","632"
"10.830688","10.830688000","10.436627000","1561","52","10.0.0.2","40940","95.101.184.27","443","0","632","181636"
"10.830711","10.830711000","10.436650000","1562","52","10.0.0.2","40940","95.101.184.27","443","0","632","181636"
"10.830727","10.830727000","10.436666000","1563","52","10.0.0.2","40940","95.101.184.27","443","0","632","181636"
"10.830743","10.830743000","10.436682000","1564","52","10.0.0.2","40940","95.101.184.27","443","0","632","181636"
"10.830759","10.830759000","10.436698000","1565","52","10.0.0.2","40940","95.101.184.27","443","0","632","181636"
"10.831303","10.831303000","10.437242000","1566","296","95.101.184.27","443","10.0.0.2","40940","244","190664","632"
"10.831326","10.831326000","10.437265000","1567","296","95.101.184.27","443","10.0.0.2","40940","244","190908","632"
"10.831376","10.831376000","10.437315000","1568","296","95.101.184.27","443","10.0.0.2","40940","244","191152","632"
"10.831388","10.831388000","10.437327000","1569","296","95.101.184.27","443","10.0.0.2","40940","244","191396","632"
"10.831421","10.831421000","10.437360000","1570","296","95.101.184.27","443","10.0.0.2","40940","244","191640","632"
"10.893934","10.893934000","10.499873000","1571","52","10.0.0.2","40940","95.101.184.27","443","0","632","187248"
"10.893975","10.893975000","10.499914000","1572","52","10.0.0.2","40940","95.101.184.27","443","0","632","187492"
"10.893994","10.893994000","10.499933000","1573","52","10.0.0.2","40940","95.101.184.27","443","0","632","187736"
"10.894009","10.894009000","10.499948000","1574","52","10.0.0.2","40940","95.101.184.27","443","0","632","187980"
"10.894024","10.894024000","10.499963000","1575","52","10.0.0.2","40940","95.101.184.27","443","0","632","188224"
"10.894515","10.894515000","10.500454000","1576","296","95.101.184.27","443","10.0.0.2","40940","244","191884","632"
"10.894537","10.894537000","10.500476000","1577","296","95.101.184.27","443","10.0.0.2","40940","244","192128","632"
"10.894587","10.894587000","10.500526000","1578","296","95.101.184.27","443","10.0.0.2","40940","244","192372","632"
"10.894598","10.894598000","10.500537000","1579","296","95.101.184.27","443","10.0.0.2","40940","244","192616","632"
"10.894632","10.894632000","10.500571000","1580","296","95.101.184.27","443","10.0.0.2","40940","244","192860","632"
"10.955882","10.955882000","10.561821000","1581","52","10.0.0.2","40940","95.101.184.27","443","0","632","188468"
"10.955936","10.955936000","10.561875000","1582","52","10.0.0.2","40940","95.101.184.27","443","0","632","188712"
"10.955964","10.955964000","10.561903000","1583","52","10.0.0.2","40940","95.101.184.27","443","0","632","188956"
"10.955983","10.955983000","10.561922000","1584","52","10.0.0.2","40940","95.101.184.27","443","0","632","189200"
"10.956000","10.956000000","10.561939000","1585","52","10.0.0.2","40940","95.101.184.27","443","0","632","189444"
"10.956457","10.956457000","10.562396000","1586","296","95.101.184.27","443","10.0.0.2","40940","244","193104","632"
"10.956480","10.956480000","10.562419000","1587","296","95.101.184.27","443","10.0.0.2","40940","244","193348","632"
"10.956528","10.956528000","10.562467000","1588","296","95.101.184.27","443","10.0.0.2","40940","244","193592","632"
"10.956539","10.956539000","10.562478000","1589","296","95.101.184.27","443","10.0.0.2","40940","244","193836","632"
"10.956584","10.956584000","10.562523000","1590","296","95.101.184.27","443","10.0.0.2","40940","244","194080","632"
"10.956595","10.956595000","10.562534000","1591","296","95.101.184.27","443","10.0.0.2","40940","244","194324","632"
"11.015014","11.015014000",,"1592","48",,,,,,,
"11.018287","11.018287000","10.624226000","1593","52","10.0.0.2","40940","95.101.184.27","443","0","632","189688"
"11.018318","11.018318000","10.624257000","1594","52","10.0.0.2","40940","95.101.184.27","443","0","632","189932"
"11.018338","11.018338000","10.624277000","1595","52","10.0.0.2","40940","95.101.184.27","443","0","632","190176"
"11.018356","11.018356000","10.624295000","1596","52","10.0.0.2","40940","95.101.184.27","443","0","632","190420"
"11.018370","11.018370000","10.624309000","1597","52","10.0.0.2","40940","95.101.184.27","443","0","632","190664"
"11.018853","11.018853000","10.624792000","1598","296","95.101.184.27","443","10.0.0.2","40940","244","194568","632"
"11.018879","11.018879000","10.624818000","1599","296","95.101.184.27","443","10.0.0.2","40940","244","194812","632"
"11.018966","11.018966000","10.624905000","1600","296","95.101.184.27","443","10.0.0.2","40940","244","195056","632"
"11.018981","11.018981000","10.624920000","1601","296","95.101.184.27","443","10.0.0.2","40940","244","195300","632"
"11.019015","11.019015000","10.624954000","1602","296","95.101.184.27","443","10.0.0.2","40940","244","195544","632"
"11.080284","11.080284000","10.686223000","1603","52","10.0.0.2","40940","95.101.184.27","443","0","632","190908"
"11.080322","11.080322000","10.686261000","1604","52","10.0.0.2","40940","95.101.184.27","443","0","632","191152"
"11.080339","11.080339000","10.686278000","1605","52","10.0.0.2","40940","95.101.184.27","443","0","632","191396"
"11.080355","11.080355000","10.686294000","1606","52","10.0.0.2","40940","95.101.184.27","443","0","632","191640"
"11.080372","11.080372000","10.686311000","1607","52","10.0.0.2","40940","95.101.184.27","443","0","632","191884"
"11.080773","11.080773000","10.686712000","1608","296","95.101.184.27","443","10.0.0.2","40940","244","195788","632"
"11.080851","11.080851000","10.686790000","1609","296","95.101.184.27","443","10.0.0.2","40940","244","196032","632"
"11.080865","11.080865000","10.686804000","1610","296","95.101.184.27","443","10.0.0.2","40940","244","196276","632"
"11.080940","11.080940000","10.686879000","1611","296","95.101.184.27","443","10.0.0.2","40940","244","196520","632"
"11.080955","11.080955000","10.686894000","1612","296","95.101.184.27","443","10.0.0.2","40940","244","196764","632"
"11.143216","11.143216000","10.749155000","1613","52","10.0.0.2","40940","95.101.184.27","443","0","632","192128"
"11.143246","11.143246000","10.749185000","1614","52","10.0.0.2","40940","95.101.184.27","443","0","632","192372"
"11.143265","11.143265000","10.749204000","1615","52","10.0.0.2","40940","95.101.184.27","443","0","632","192616"
"11.143283","11.143283000","10.749222000","1616","52","10.0.0.2","40940","95.101.184.27","443","0","632","192860"
"11.143298","11.143298000","10.749237000","1617","52","10.0.0.2","40940","95.101.184.27","443","0","632","193104"
"11.143789","11.143789000","10.749728000","1618","296","95.101.184.27","443","10.0.0.2","40940","244","197008","632"
"11.143825","11.143825000","10.749764000","1619","296","95.101.184.27","443","10.0.0.2","40940","244","197252","632"
"11.143876","11.143876000","10.749815000","1620","296","95.101.184.27","443","10.0.0.2","40940","244","197496","632"
"11.143888","11.143888000","10.749827000","1621","296","95.101.184.27","443","10.0.0.2","40940","244","197740","632"
"11.143952","11.143952000","10.749891000","1622","296","95.101.184.27","443","10.0.0.2","40940","244","197984","632"
"11.205864","11.205864000","10.811803000","1623","52","10.0.0.2","40940","95.101.184.27","443","0","632","193348"
"11.205893","11.205893000","10.811832000","1624","52","10.0.0.2","40940","95.101.184.27","443","0","632","193592"
"11.205910","11.205910000","10.811849000","1625","52","10.0.0.2","40940","95.101.184.27","443","0","632","193836"
"11.205978","11.205978000","10.811917000","1626","52","10.0.0.2","40940","95.101.184.27","443","0","632","194080"
"11.205998","11.205998000","10.811937000","1627","52","10.0.0.2","40940","95.101.184.27","443","0","632","194324"
"11.206444","11.206444000","10.812383000","1628","296","95.101.184.27","443","10.0.0.2","40940","244","198228","632"
"11.206481","11.206481000","10.812420000","1629","296","95.101.184.27","443","10.0.0.2","40940","244","198472","632"
"11.206533","11.206533000","10.812472000","1630","296","95.101.184.27","443","10.0.0.2","40940","244","198716","632"
"11.206545","11.206545000","10.812484000","1631","296","95.101.184.27","443","10.0.0.2","40940","244","198960","632"
"11.206591","11.206591000","10.812530000","1632","296","95.101.184.27","443","10.0.0.2","40940","244","199204","632"
"11.206604","11.206604000","10.812543000","1633","296","95.101.184.27","443","10.0.0.2","40940","244","199448","632"
"11.268551","11.268551000","10.874490000","1634","52","10.0.0.2","40940","95.101.184.27","443","0","632","194568"
"11.268581","11.268581000","10.874520000","1635","52","10.0.0.2","40940","95.101.184.27","443","0","632","194812"
"11.268598","11.268598000","10.874537000","1636","52","10.0.0.2","40940","95.101.184.27","443","0","632","195056"
"11.268615","11.268615000","10.874554000","1637","52","10.0.0.2","40940","95.101.184.27","443","0","632","195300"
"11.268629","11.268629000","10.874568000","1638","52","10.0.0.2","40940","95.101.184.27","443","0","632","195544"
"11.269112","11.269112000","10.875051000","1639","296","95.101.184.27","443","10.0.0.2","40940","244","199692","632"
"11.269149","11.269149000","10.875088000","1640","296","95.101.184.27","443","10.0.0.2","40940","244","199936","632"
"11.269198","11.269198000","10.875137000","1641","296","95.101.184.27","443","10.0.0.2","40940","244","200180","632"
"11.269210","11.269210000","10.875149000","1642","296","95.101.184.27","443","10.0.0.2","40940","244","200424","632"
"11.269391","11.269391000","10.875330000","1643","296","95.101.184.27","443","10.0.0.2","40940","244","200668","632"
"11.330805","11.330805000","10.936744000","1644","52","10.0.0.2","40940","95.101.184.27","443","0","632","195788"
"11.330835","11.330835000","10.936774000","1645","52","10.0.0.2","40940","95.101.184.27","443","0","632","196032"
"11.330855","11.330855000","10.936794000","1646","52","10.0.0.2","40940","95.101.184.27","443","0","632","196276"
"11.330873","11.330873000","10.936812000","1647","52","10.0.0.2","40940","95.101.184.27","443","0","632","196520"
"11.330888","11.330888000","10.936827000","1648","52","10.0.0.2","40940","95.101.184.27","443","0","632","196764"
"11.331321","11.331321000","10.937260000","1649","296","95.101.184.27","443","10.0.0.2","40940","244","200912","632"
"11.331398","11.331398000","10.937337000","1650","296","95.101.184.27","443","10.0.0.2","40940","244","201156","632"
"11.331411","11.331411000","10.937350000","1651","296","95.101.184.27","443","10.0.0.2","40940","244","201400","632"
"11.331445","11.331445000","10.937384000","1652","296","95.101.184.27","443","10.0.0.2","40940","244","201644","632"
"11.331511","11.331511000","10.937450000","1653","296","95.101.184.27","443","10.0.0.2","40940","244","201888","632"
"11.393267","11.393267000","10.999206000","1654","52","10.0.0.2","40940","95.101.184.27","443","0","632","197008"
"11.393296","11.393296000","10.999235000","1655","52","10.0.0.2","40940","95.101.184.27","443","0","632","197252"
"11.393314","11.393314000","10.999253000","1656","52","10.0.0.2","40940","95.101.184.27","443","0","632","197496"
"11.393331","11.393331000","10.999270000","1657","52","10.0.0.2","40940","95.101.184.27","443","0","632","197740"
"11.393346","11.393346000","10.999285000","1658","52","10.0.0.2","40940","95.101.184.27","443","0","632","197984"
"11.393779","11.393779000","10.999718000","1659","296","95.101.184.27","443","10.0.0.2","40940","244","202132","632"
"11.393811","11.393811000","10.999750000","1660","296","95.101.184.27","443","10.0.0.2","40940","244","202376","632"
"11.393861","11.393861000","10.999800000","1661","296","95.101.184.27","443","10.0.0.2","40940","244","202620","632"
"11.393883","11.393883000","10.999822000","1662","296","95.101.184.27","443","10.0.0.2","40940","244","202864","632"
"11.393984","11.393984000","10.999923000","1663","296","95.101.184.27","443","10.0.0.2","40940","244","203108","632"
"11.455218","11.455218000","11.061157000","1664","52","10.0.0.2","40940","95.101.184.27","443","0","632","198228"
"11.455249","11.455249000","11.061188000","1665","52","10.0.0.2","40940","95.101.184.27","443","0","632","198472"
"11.455269","11.455269000","11.061208000","1666","52","10.0.0.2","40940","95.101.184.27","443","0","632","198716"
"11.455285","11.455285000","11.061224000","1667","52","10.0.0.2","40940","95.101.184.27","443","0","632","198960"
"11.455303","11.455303000","11.061242000","1668","52","10.0.0.2","40940","95.101.184.27","443","0","632","199204"
"11.455750","11.455750000","11.061689000","1669","296","95.101.184.27","443","10.0.0.2","40940","244","203352","632"
"11.455828","11.455828000","11.061767000","1670","296","95.101.184.27","443","10.0.0.2","40940","244","203596","632"
"11.455840","11.455840000","11.061779000","1671","296","95.101.184.27","443","10.0.0.2","40940","244","203840","632"
"11.455886","11.455886000","11.061825000","1672","296","95.101.184.27","443","10.0.0.2","40940","244","204084","632"
"11.455898","11.455898000","11.061837000","1673","296","95.101.184.27","443","10.0.0.2","40940","244","204328","632"
"11.455966","11.455966000","11.061905000","1674","296","95.101.184.27","443","10.0.0.2","40940","244","204572","632"
"11.518500","11.518500000","11.124439000","1675","52","10.0.0.2","40940","95.101.184.27","443","0","632","199448"
"11.518529","11.518529000","11.124468000","1676","52","10.0.0.2","40940","95.101.184.27","443","0","632","199692"
"11.518545","11.518545000","11.124484000","1677","52","10.0.0.2","40940","95.101.184.27","443","0","632","199936"
"11.518558","11.518558000","11.124497000","1678","52","10.0.0.2","40940","95.101.184.27","443","0","632","200180"
"11.518569","11.518569000","11.124508000","1679","52","10.0.0.2","40940","95.101.184.27","443","0","632","200424"
"11.519031","11.519031000","11.124970000","1680","296","95.101.184.27","443","10.0.0.2","40940","244","204816","632"
"11.519066","11.519066000","11.125005000","1681","296","95.101.184.27","443","10.0.0.2","40940","244","205060","632"
"11.519117","11.519117000","11.125056000","1682","296","95.101.184.27","443","10.0.0.2","40940","244","205304","632"
"11.519129","11.519129000","11.125068000","1683","296","95.101.184.27","443","10.0.0.2","40940","244","205548","632"
"11.519163","11.519163000","11.125102000","1684","296","95.101.184.27","443","10.0.0.2","40940","244","205792","632"
"11.580727","11.580727000","11.186666000","1685","52","10.0.0.2","40940","95.101.184.27","443","0","632","200668"
"11.580758","11.580758000","11.186697000","1686","52","10.0.0.2","40940","95.101.184.27","443","0","632","200912"
"11.580775","11.580775000","11.186714000","1687","52","10.0.0.2","40940","95.101.184.27","443","0","632","201156"
"11.580790","11.580790000","11.186729000","1688","52","10.0.0.2","40940","95.101.184.27","443","0","632","201400"
"11.580802","11.580802000","11.186741000","1689","52","10.0.0.2","40940","95.101.184.27","443","0","632","201644"
"11.581285","11.581285000","11.187224000","1690","296","95.101.184.27","443","10.0.0.2","40940","244","206036","632"
"11.581320","11.581320000","11.187259000","1691","296","95.101.184.27","443","10.0.0.2","40940","244","206280","632"
"11.581370","11.581370000","11.187309000","1692","296","95.101.184.27","443","10.0.0.2","40940","244","206524","632"
"11.581382","11.581382000","11.187321000","1693","296","95.101.184.27","443","10.0.0.2","40940","244","206768","632"
"11.581477","11.581477000","11.187416000","1694","296","95.101.184.27","443","10.0.0.2","40940","244","207012","632"
"11.643791","11.643791000","11.249730000","1695","52","10.0.0.2","40940","95.101.184.27","443","0","632","201888"
"11.643825","11.643825000","11.249764000","1696","52","10.0.0.2","40940","95.101.184.27","443","0","632","202132"
"11.643844","11.643844000","11.249783000","1697","52","10.0.0.2","40940","95.101.184.27","443","0","632","202376"
"11.643861","11.643861000","11.249800000","1698","52","10.0.0.2","40940","95.101.184.27","443","0","632","202620"
"11.643878","11.643878000","11.249817000","1699","52","10.0.0.2","40940","95.101.184.27","443","0","632","202864"
"11.644302","11.644302000","11.250241000","1700","296","95.101.184.27","443","10.0.0.2","40940","244","207256","632"
"11.644338","11.644338000","11.250277000","1701","296","95.101.184.27","443","10.0.0.2","40940","244","207500","632"
"11.644399","11.644399000","11.250338000","1702","296","95.101.184.27","443","10.0.0.2","40940","244","207744","632"
"11.644412","11.644412000","11.250351000","1703","296","95.101.184.27","443","10.0.0.2","40940","244","207988","632"
"11.644446","11.644446000","11.250385000","1704","296","95.101.184.27","443","10.0.0.2","40940","244","208232","632"
"11.705855","11.705855000","11.311794000","1705","52","10.0.0.2","40940","95.101.184.27","443","0","632","203108"
"11.705890","11.705890000","11.311829000","1706","52","10.0.0.2","40940","95.101.184.27","443","0","632","203352"
"11.705910","11.705910000","11.311849000","1707","52","10.0.0.2","40940","95.101.184.27","443","0","632","203596"
"11.705965","11.705965000","11.311904000","1708","52","10.0.0.2","40940","95.101.184.27","443","0","632","204084"
"11.706388","11.706388000","11.312327000","1709","296","95.101.184.27","443","10.0.0.2","40940","244","208476","632"
"11.706424","11.706424000","11.312363000","1710","296","95.101.184.27","443","10.0.0.2","40940","244","208720","632"
"11.706476","11.706476000","11.312415000","1711","296","95.101.184.27","443","10.0.0.2","40940","244","208964","632"
"11.706488","11.706488000","11.312427000","1712","296","95.101.184.27","443","10.0.0.2","40940","244","209208","632"
"11.706534","11.706534000","11.312473000","1713","296","95.101.184.27","443","10.0.0.2","40940","244","209452","632"
"11.706546","11.706546000","11.312485000","1714","296","95.101.184.27","443","10.0.0.2","40940","244","209696","632"
"11.768216","11.768216000","11.374155000","1715","52","10.0.0.2","40940","95.101.184.27","443","0","632","204328"
"11.768246","11.768246000","11.374185000","1716","52","10.0.0.2","40940","95.101.184.27","443","0","632","204572"
"11.768264","11.768264000","11.374203000","1717","52","10.0.0.2","40940","95.101.184.27","443","0","632","204816"
"11.768279","11.768279000","11.374218000","1718","52","10.0.0.2","40940","95.101.184.27","443","0","632","205060"
"11.768293","11.768293000","11.374232000","1719","52","10.0.0.2","40940","95.101.184.27","443","0","632","205304"
"11.768753","11.768753000","11.374692000","1720","296","95.101.184.27","443","10.0.0.2","40940","244","209940","632"
"11.768787","11.768787000","11.374726000","1721","296","95.101.184.27","443","10.0.0.2","40940","244","210184","632"
"11.768837","11.768837000","11.374776000","1722","296","95.101.184.27","443","10.0.0.2","40940","244","210428","632"
"11.768848","11.768848000","11.374787000","1723","296","95.101.184.27","443","10.0.0.2","40940","244","210672","632"
"11.768944","11.768944000","11.374883000","1724","296","95.101.184.27","443","10.0.0.2","40940","244","210916","632"
"11.830158","11.830158000","11.436097000","1725","52","10.0.0.2","40940","95.101.184.27","443","0","632","205548"
"11.830188","11.830188000","11.436127000","1726","52","10.0.0.2","40940","95.101.184.27","443","0","632","205792"
"11.830207","11.830207000","11.436146000","1727","52","10.0.0.2","40940","95.101.184.27","443","0","632","206036"
"11.830224","11.830224000","11.436163000","1728","52","10.0.0.2","40940","95.101.184.27","443","0","632","206280"
"11.830242","11.830242000","11.436181000","1729","52","10.0.0.2","40940","95.101.184.27","443","0","632","206524"
"11.830685","11.830685000","11.436624000","1730","296","95.101.184.27","443","10.0.0.2","40940","244","211160","632"
"11.830721","11.830721000","11.436660000","1731","296","95.101.184.27","443","10.0.0.2","40940","244","211404","632"
"11.830771","11.830771000","11.436710000","1732","296","95.101.184.27","443","10.0.0.2","40940","244","211648","632"
"11.830783","11.830783000","11.436722000","1733","296","95.101.184.27","443","10.0.0.2","40940","244","211892","632"
"11.830851","11.830851000","11.436790000","1734","296","95.101.184.27","443","10.0.0.2","40940","244","212136","632"
"11.893159","11.893159000","11.499098000","1735","52","10.0.0.2","40940","95.101.184.27","443","0","632","206768"
"11.893191","11.893191000","11.499130000","1736","52","10.0.0.2","40940","95.101.184.27","443","0","632","207012"
"11.893209","11.893209000","11.499148000","1737","52","10.0.0.2","40940","95.101.184.27","443","0","632","207256"
"11.893227","11.893227000","11.499166000","1738","52","10.0.0.2","40940","95.101.184.27","443","0","632","207500"
"11.893244","11.893244000","11.499183000","1739","52","10.0.0.2","40940","95.101.184.27","443","0","632","207744"
"11.893758","11.893758000","11.499697000","1740","296","95.101.184.27","443","10.0.0.2","40940","244","212380","632"
"11.893792","11.893792000","11.499731000","1741","296","95.101.184.27","443","10.0.0.2","40940","244","212624","632"
"11.893843","11.893843000","11.499782000","1742","296","95.101.184.27","443","10.0.0.2","40940","244","212868","632"
"11.893855","11.893855000","11.499794000","1743","296","95.101.184.27","443","10.0.0.2","40940","244","213112","632"
"11.893888","11.893888000","11.499827000","1744","296","95.101.184.27","443","10.0.0.2","40940","244","213356","632"
"11.955501","11.955501000","11.561440000","1745","52","10.0.0.2","40940","95.101.184.27","443","0","632","207988"
"11.955530","11.955530000","11.561469000","1746","52","10.0.0.2","40940","95.101.184.27","443","0","632","208232"
"11.955547","11.955547000","11.561486000","1747","52","10.0.0.2","40940","95.101.184.27","443","0","632","208476"
"11.955563","11.955563000","11.561502000","1748","52","10.0.0.2","40940","95.101.184.27","443","0","632","208720"
"11.955576","11.955576000","11.561515000","1749","52","10.0.0.2","40940","95.101.184.27","443","0","632","208964"
"11.956025","11.956025000","11.561964000","1750","296","95.101.184.27","443","10.0.0.2","40940","244","213600","632"
"11.956061","11.956061000","11.562000000","1751","296","95.101.184.27","443","10.0.0.2","40940","244","213844","632"
"11.956110","11.956110000","11.562049000","1752","296","95.101.184.27","443","10.0.0.2","40940","244","214088","632"
"11.956122","11.956122000","11.562061000","1753","296","95.101.184.27","443","10.0.0.2","40940","244","214332","632"
"11.956156","11.956156000","11.562095000","1754","296","95.101.184.27","443","10.0.0.2","40940","244","214576","632"
"12.018486","12.018486000","11.624425000","1755","52","10.0.0.2","40940","95.101.184.27","443","0","632","209208"
"12.018521","12.018521000","11.624460000","1756","52","10.0.0.2","40940","95.101.184.27","443","0","632","209452"
"12.018540","12.018540000","11.624479000","1757","52","10.0.0.2","40940","95.101.184.27","443","0","632","209696"
"12.018554","12.018554000","11.624493000","1758","52","10.0.0.2","40940","95.101.184.27","443","0","632","209940"
"12.018570","12.018570000","11.624509000","1759","52","10.0.0.2","40940","95.101.184.27","443","0","632","210184"
"12.019027","12.019027000","11.624966000","1760","296","95.101.184.27","443","10.0.0.2","40940","244","214820","632"
"12.019063","12.019063000","11.625002000","1761","296","95.101.184.27","443","10.0.0.2","40940","244","215064","632"
"12.019113","12.019113000","11.625052000","1762","296","95.101.184.27","443","10.0.0.2","40940","244","215308","632"
"12.019124","12.019124000","11.625063000","1763","296","95.101.184.27","443","10.0.0.2","40940","244","215552","632"
"12.019158","12.019158000","11.625097000","1764","296","95.101.184.27","443","10.0.0.2","40940","244","215796","632"
"12.080737","12.080737000","11.686676000","1765","52","10.0.0.2","40940","95.101.184.27","443","0","632","210428"
"12.080767","12.080767000","11.686706000","1766","52","10.0.0.2","40940","95.101.184.27","443","0","632","210672"
"12.080783","12.080783000","11.686722000","1767","52","10.0.0.2","40940","95.101.184.27","443","0","632","210916"
"12.080795","12.080795000","11.686734000","1768","52","10.0.0.2","40940","95.101.184.27","443","0","632","211160"
"12.080807","12.080807000","11.686746000","1769","52","10.0.0.2","40940","95.101.184.27","443","0","632","211404"
"12.081243","12.081243000","11.687182000","1770","296","95.101.184.27","443","10.0.0.2","40940","244","216040","632"
"12.081318","12.081318000","11.687257000","1771","296","95.101.184.27","443","10.0.0.2","40940","244","216284","632"
"12.081332","12.081332000","11.687271000","1772","296","95.101.184.27","443","10.0.0.2","40940","244","216528","632"
"12.081379","12.081379000","11.687318000","1773","296","95.101.184.27","443","10.0.0.2","40940","244","216772","632"
"12.081391","12.081391000","11.687330000","1774","296","95.101.184.27","443","10.0.0.2","40940","244","217016","632"
"12.143779","12.143779000","11.749718000","1775","52","10.0.0.2","40940","95.101.184.27","443","0","632","211648"
"12.143810","12.143810000","11.749749000","1776","52","10.0.0.2","40940","95.101.184.27","443","0","632","211892"
"12.143832","12.143832000","11.749771000","1777","52","10.0.0.2","40940","95.101.184.27","443","0","632","212136"
"12.143848","12.143848000","11.749787000","1778","52","10.0.0.2","40940","95.101.184.27","443","0","632","212624"
"12.144347","12.144347000","11.750286000","1779","296","95.101.184.27","443","10.0.0.2","40940","244","217260","632"
"12.144383","12.144383000","11.750322000","1780","296","95.101.184.27","443","10.0.0.2","40940","244","217504","632"
"12.144435","12.144435000","11.750374000","1781","296","95.101.184.27","443","10.0.0.2","40940","244","217748","632"
"12.144447","12.144447000","11.750386000","1782","296","95.101.184.27","443","10.0.0.2","40940","244","217992","632"
"12.144480","12.144480000","11.750419000","1783","296","95.101.184.27","443","10.0.0.2","40940","244","218236","632"
"12.205811","12.205811000","11.811750000","1784","52","10.0.0.2","40940","95.101.184.27","443","0","632","212868"
"12.205847","12.205847000","11.811786000","1785","52","10.0.0.2","40940","95.101.184.27","443","0","632","213112"
"12.205864","12.205864000","11.811803000","1786","52","10.0.0.2","40940","95.101.184.27","443","0","632","213356"
"12.205879","12.205879000","11.811818000","1787","52","10.0.0.2","40940","95.101.184.27","443","0","632","213844"
"12.206412","12.206412000","11.812351000","1788","296","95.101.184.27","443","10.0.0.2","40940","244","218480","632"
"12.206447","12.206447000","11.812386000","1789","296","95.101.184.27","443","10.0.0.2","40940","244","218724","632"
"12.206498","12.206498000","11.812437000","1790","296","95.101.184.27","443","10.0.0.2","40940","244","218968","632"
"12.206509","12.206509000","11.812448000","1791","296","95.101.184.27","443","10.0.0.2","40940","244","219212","632"
"12.206544","12.206544000","11.812483000","1792","296","95.101.184.27","443","10.0.0.2","40940","244","219456","632"
"12.268506","12.268506000","11.874445000","1793","52","10.0.0.2","40940","95.101.184.27","443","0","632","214088"
"12.268537","12.268537000","11.874476000","1794","52","10.0.0.2","40940","95.101.184.27","443","0","632","214332"
"12.268555","12.268555000","11.874494000","1795","52","10.0.0.2","40940","95.101.184.27","443","0","632","214576"
"12.268572","12.268572000","11.874511000","1796","52","10.0.0.2","40940","95.101.184.27","443","0","632","214820"
"12.268585","12.268585000","11.874524000","1797","52","10.0.0.2","40940","95.101.184.27","443","0","632","215064"
"12.269062","12.269062000","11.875001000","1798","296","95.101.184.27","443","10.0.0.2","40940","244","219700","632"
"12.269098","12.269098000","11.875037000","1799","296","95.101.184.27","443","10.0.0.2","40940","244","219944","632"
"12.269148","12.269148000","11.875087000","1800","296","95.101.184.27","443","10.0.0.2","40940","244","220188","632"
"12.269160","12.269160000","11.875099000","1801","296","95.101.184.27","443","10.0.0.2","40940","244","220432","632"
"12.269282","12.269282000","11.875221000","1802","296","95.101.184.27","443","10.0.0.2","40940","244","220676","632"
"12.330226","12.330226000","11.936165000","1803","52","10.0.0.2","40940","95.101.184.27","443","0","632","215308"
"12.330255","12.330255000","11.936194000","1804","52","10.0.0.2","40940","95.101.184.27","443","0","632","215552"
"12.330271","12.330271000","11.936210000","1805","52","10.0.0.2","40940","95.101.184.27","443","0","632","215796"
"12.330286","12.330286000","11.936225000","1806","52","10.0.0.2","40940","95.101.184.27","443","0","632","216040"
"12.330300","12.330300000","11.936239000","1807","52","10.0.0.2","40940","95.101.184.27","443","0","632","216284"
"12.330796","12.330796000","11.936735000","1808","296","95.101.184.27","443","10.0.0.2","40940","244","220920","632"
"12.330833","12.330833000","11.936772000","1809","296","95.101.184.27","443","10.0.0.2","40940","244","221164","632"
"12.330884","12.330884000","11.936823000","1810","296","95.101.184.27","443","10.0.0.2","40940","244","221408","632"
"12.330896","12.330896000","11.936835000","1811","296","95.101.184.27","443","10.0.0.2","40940","244","221652","632"
"12.330988","12.330988000","11.936927000","1812","296","95.101.184.27","443","10.0.0.2","40940","244","221896","632"
"12.393219","12.393219000","11.999158000","1813","52","10.0.0.2","40940","95.101.184.27","443","0","632","216528"
"12.393251","12.393251000","11.999190000","1814","52","10.0.0.2","40940","95.101.184.27","443","0","632","216772"
"12.393271","12.393271000","11.999210000","1815","52","10.0.0.2","40940","95.101.184.27","443","0","632","217016"
"12.393287","12.393287000","11.999226000","1816","52","10.0.0.2","40940","95.101.184.27","443","0","632","217260"
"12.393303","12.393303000","11.999242000","1817","52","10.0.0.2","40940","95.101.184.27","443","0","632","217504"
"12.393789","12.393789000","11.999728000","1818","296","95.101.184.27","443","10.0.0.2","40940","244","222140","632"
"12.393826","12.393826000","11.999765000","1819","296","95.101.184.27","443","10.0.0.2","40940","244","222384","632"
"12.393876","12.393876000","11.999815000","1820","296","95.101.184.27","443","10.0.0.2","40940","244","222628","632"
"12.393888","12.393888000","11.999827000","1821","296","95.101.184.27","443","10.0.0.2","40940","244","222872","632"
"12.393952","12.393952000","11.999891000","1822","296","95.101.184.27","443","10.0.0.2","40940","244","223116","632"
"12.455953","12.455953000","12.061892000","1823","52","10.0.0.2","40940","95.101.184.27","443","0","632","217748"
"12.455999","12.455999000","12.061938000","1824","52","10.0.0.2","40940","95.101.184.27","443","0","632","217992"
"12.456016","12.456016000","12.061955000","1825","52","10.0.0.2","40940","95.101.184.27","443","0","632","218236"
"12.456031","12.456031000","12.061970000","1826","52","10.0.0.2","40940","95.101.184.27","443","0","632","218480"
"12.456046","12.456046000","12.061985000","1827","52","10.0.0.2","40940","95.101.184.27","443","0","632","218724"
"12.456477","12.456477000","12.062416000","1828","296","95.101.184.27","443","10.0.0.2","40940","244","223360","632"
"12.456514","12.456514000","12.062453000","1829","296","95.101.184.27","443","10.0.0.2","40940","244","223604","632"
"12.456565","12.456565000","12.062504000","1830","296","95.101.184.27","443","10.0.0.2","40940","244","223848","632"
"12.456577","12.456577000","12.062516000","1831","296","95.101.184.27","443","10.0.0.2","40940","244","224092","632"
"12.456610","12.456610000","12.062549000","1832","296","95.101.184.27","443","10.0.0.2","40940","244","224336","632"
"12.518746","12.518746000","12.124685000","1833","52","10.0.0.2","40940","95.101.184.27","443","0","632","218968"
"12.518778","12.518778000","12.124717000","1834","52","10.0.0.2","40940","95.101.184.27","443","0","632","219212"
"12.518796","12.518796000","12.124735000","1835","52","10.0.0.2","40940","95.101.184.27","443","0","632","219456"
"12.518812","12.518812000","12.124751000","1836","52","10.0.0.2","40940","95.101.184.27","443","0","632","219700"
"12.518827","12.518827000","12.124766000","1837","52","10.0.0.2","40940","95.101.184.27","443","0","632","219944"
"12.519304","12.519304000","12.125243000","1838","296","95.101.184.27","443","10.0.0.2","40940","244","224580","632"
"12.519341","12.519341000","12.125280000","1839","296","95.101.184.27","443","10.0.0.2","40940","244","224824","632"
"12.519453","12.519453000","12.125392000","1840","296","95.101.184.27","443","10.0.0.2","40940","244","225068","632"
"12.519473","12.519473000","12.125412000","1841","296","95.101.184.27","443","10.0.0.2","40940","244","225312","632"
"12.519509","12.519509000","12.125448000","1842","296","95.101.184.27","443","10.0.0.2","40940","244","225556","632"
"12.580731","12.580731000","12.186670000","1843","52","10.0.0.2","40940","95.101.184.27","443","0","632","220188"
"12.580759","12.580759000","12.186698000","1844","52","10.0.0.2","40940","95.101.184.27","443","0","632","220432"
"12.580776","12.580776000","12.186715000","1845","52","10.0.0.2","40940","95.101.184.27","443","0","632","220676"
"12.580791","12.580791000","12.186730000","1846","52","10.0.0.2","40940","95.101.184.27","443","0","632","220920"
"12.580803","12.580803000","12.186742000","1847","52","10.0.0.2","40940","95.101.184.27","443","0","632","221164"
"12.581271","12.581271000","12.187210000","1848","296","95.101.184.27","443","10.0.0.2","40940","244","225800","632"
"12.581306","12.581306000","12.187245000","1849","296","95.101.184.27","443","10.0.0.2","40940","244","226044","632"
"12.581358","12.581358000","12.187297000","1850","296","95.101.184.27","443","10.0.0.2","40940","244","226288","632"
"12.581370","12.581370000","12.187309000","1851","296","95.101.184.27","443","10.0.0.2","40940","244","226532","632"
"12.581403","12.581403000","12.187342000","1852","296","95.101.184.27","443","10.0.0.2","40940","244","226776","632"
"12.643280","12.643280000","12.249219000","1853","52","10.0.0.2","40940","95.101.184.27","443","0","632","221408"
"12.643310","12.643310000","12.249249000","1854","52","10.0.0.2","40940","95.101.184.27","443","0","632","221652"
"12.643328","12.643328000","12.249267000","1855","52","10.0.0.2","40940","95.101.184.27","443","0","632","221896"
"12.643344","12.643344000","12.249283000","1856","52","10.0.0.2","40940","95.101.184.27","443","0","632","222140"
"12.643357","12.643357000","12.249296000","1857","52","10.0.0.2","40940","95.101.184.27","443","0","632","222384"
"12.643826","12.643826000","12.249765000","1858","296","95.101.184.27","443","10.0.0.2","40940","244","227020","632"
"12.643863","12.643863000","12.249802000","1859","296","95.101.184.27","443","10.0.0.2","40940","244","227264","632"
"12.643936","12.643936000","12.249875000","1860","296","95.101.184.27","443","10.0.0.2","40940","244","227508","632"
"12.643952","12.643952000","12.249891000","1861","296","95.101.184.27","443","10.0.0.2","40940","244","227752","632"
"12.643987","12.643987000","12.249926000","1862","296","95.101.184.27","443","10.0.0.2","40940","244","227996","632"
"12.705760","12.705760000","12.311699000","1863","52","10.0.0.2","40940","95.101.184.27","443","0","632","222628"
"12.705789","12.705789000","12.311728000","1864","52","10.0.0.2","40940","95.101.184.27","443","0","632","222872"
"12.705806","12.705806000","12.311745000","1865","52","10.0.0.2","40940","95.101.184.27","443","0","632","223116"
"12.705822","12.705822000","12.311761000","1866","52","10.0.0.2","40940","95.101.184.27","443","0","632","223360"
"12.705836","12.705836000","12.311775000","1867","52","10.0.0.2","40940","95.101.184.27","443","0","632","223604"
"12.706333","12.706333000","12.312272000","1868","296","95.101.184.27","443","10.0.0.2","40940","244","228240","632"
"12.706370","12.706370000","12.312309000","1869","296","95.101.184.27","443","10.0.0.2","40940","244","228484","632"
"12.706422","12.706422000","12.312361000","1870","296","95.101.184.27","443","10.0.0.2","40940","244","228728","632"
"12.706434","12.706434000","12.312373000","1871","296","95.101.184.27","443","10.0.0.2","40940","244","228972","632"
"12.706471","12.706471000","12.312410000","1872","296","95.101.184.27","443","10.0.0.2","40940","244","229216","632"
"12.768949","12.768949000","12.374888000","1873","52","10.0.0.2","40940","95.101.184.27","443","0","632","223848"
"12.769004","12.769004000","12.374943000","1874","52","10.0.0.2","40940","95.101.184.27","443","0","632","224092"
"12.769021","12.769021000","12.374960000","1875","52","10.0.0.2","40940","95.101.184.27","443","0","632","224336"
"12.769033","12.769033000","12.374972000","1876","52","10.0.0.2","40940","95.101.184.27","443","0","632","224580"
"12.769044","12.769044000","12.374983000","1877","52","10.0.0.2","40940","95.101.184.27","443","0","632","224824"
"12.769443","12.769443000","12.375382000","1878","296","95.101.184.27","443","10.0.0.2","40940","244","229460","632"
"12.769479","12.769479000","12.375418000","1879","296","95.101.184.27","443","10.0.0.2","40940","244","229704","632"
"12.769563","12.769563000","12.375502000","1880","296","95.101.184.27","443","10.0.0.2","40940","244","229948","632"
"12.769576","12.769576000","12.375515000","1881","296","95.101.184.27","443","10.0.0.2","40940","244","230192","632"
"12.769610","12.769610000","12.375549000","1882","296","95.101.184.27","443","10.0.0.2","40940","244","230436","632"
"12.830870","12.830870000","12.436809000","1883","52","10.0.0.2","40940","95.101.184.27","443","0","632","225068"
"12.830903","12.830903000","12.436842000","1884","52","10.0.0.2","40940","95.101.184.27","443","0","632","225312"
"12.830948","12.830948000","12.436887000","1885","52","10.0.0.2","40940","95.101.184.27","443","0","632","225556"
"12.830967","12.830967000","12.436906000","1886","52","10.0.0.2","40940","95.101.184.27","443","0","632","225800"
"12.830982","12.830982000","12.436921000","1887","52","10.0.0.2","40940","95.101.184.27","443","0","632","226044"
"12.831428","12.831428000","12.437367000","1888","296","95.101.184.27","443","10.0.0.2","40940","244","230680","632"
"12.831463","12.831463000","12.437402000","1889","296","95.101.184.27","443","10.0.0.2","40940","244","230924","632"
"12.831513","12.831513000","12.437452000","1890","296","95.101.184.27","443","10.0.0.2","40940","244","231168","632"
"12.831525","12.831525000","12.437464000","1891","296","95.101.184.27","443","10.0.0.2","40940","244","231412","632"
"12.831562","12.831562000","12.437501000","1892","296","95.101.184.27","443","10.0.0.2","40940","244","231656","632"
"12.893209","12.893209000","12.499148000","1893","52","10.0.0.2","40940","95.101.184.27","443","0","632","226288"
"12.893239","12.893239000","12.499178000","1894","52","10.0.0.2","40940","95.101.184.27","443","0","632","226532"
"12.893256","12.893256000","12.499195000","1895","52","10.0.0.2","40940","95.101.184.27","443","0","632","226776"
"12.893270","12.893270000","12.499209000","1896","52","10.0.0.2","40940","95.101.184.27","443","0","632","227020"
"12.893284","12.893284000","12.499223000","1897","52","10.0.0.2","40940","95.101.184.27","443","0","632","227264"
"12.893729","12.893729000","12.499668000","1898","296","95.101.184.27","443","10.0.0.2","40940","244","231900","632"
"12.893763","12.893763000","12.499702000","1899","296","95.101.184.27","443","10.0.0.2","40940","244","232144","632"
"12.893813","12.893813000","12.499752000","1900","296","95.101.184.27","443","10.0.0.2","40940","244","232388","632"
"12.893825","12.893825000","12.499764000","1901","296","95.101.184.27","443","10.0.0.2","40940","244","232632","632"
"12.893858","12.893858000","12.499797000","1902","296","95.101.184.27","443","10.0.0.2","40940","244","232876","632"
"12.955262","12.955262000","12.561201000","1903","52","10.0.0.2","40940","95.101.184.27","443","0","632","227508"
"12.955297","12.955297000","12.561236000","1904","52","10.0.0.2","40940","95.101.184.27","443","0","632","227752"
"12.955316","12.955316000","12.561255000","1905","52","10.0.0.2","40940","95.101.184.27","443","0","632","227996"
"12.955332","12.955332000","12.561271000","1906","52","10.0.0.2","40940","95.101.184.27","443","0","632","228240"
"12.955350","12.955350000","12.561289000","1907","52","10.0.0.2","40940","95.101.184.27","443","0","632","228484"
"12.955743","12.955743000","12.561682000","1908","296","95.101.184.27","443","10.0.0.2","40940","244","233120","632"
"12.955818","12.955818000","12.561757000","1909","296","95.101.184.27","443","10.0.0.2","40940","244","233364","632"
"12.955831","12.955831000","12.561770000","1910","296","95.101.184.27","443","10.0.0.2","40940","244","233608","632"
"12.955867","12.955867000","12.561806000","1911","296","95.101.184.27","443","10.0.0.2","40940","244","233852","632"
"12.955994","12.955994000","12.561933000","1912","296","95.101.184.27","443","10.0.0.2","40940","244","234096","632"
"13.018276","13.018276000","12.624215000","1913","52","10.0.0.2","40940","95.101.184.27","443","0","632","228728"
"13.018305","13.018305000","12.624244000","1914","52","10.0.0.2","40940","95.101.184.27","443","0","632","228972"
"13.018325","13.018325000","12.624264000","1915","52","10.0.0.2","40940","95.101.184.27","443","0","632","229216"
"13.018342","13.018342000","12.624281000","1916","52","10.0.0.2","40940","95.101.184.27","443","0","632","229460"
"13.018358","13.018358000","12.624297000","1917","52","10.0.0.2","40940","95.101.184.27","443","0","632","229704"
"13.018790","13.018790000","12.624729000","1918","296","95.101.184.27","443","10.0.0.2","40940","244","234340","632"
"13.018826","13.018826000","12.624765000","1919","296","95.101.184.27","443","10.0.0.2","40940","244","234584","632"
"13.018945","13.018945000","12.624884000","1920","296","95.101.184.27","443","10.0.0.2","40940","244","234828","632"
"13.018961","13.018961000","12.624900000","1921","296","95.101.184.27","443","10.0.0.2","40940","244","235072","632"
"13.019041","13.019041000","12.624980000","1922","296","95.101.184.27","443","10.0.0.2","40940","244","235316","632"
"13.080782","13.080782000","12.686721000","1923","52","10.0.0.2","40940","95.101.184.27","443","0","632","229948"
"13.080809","13.080809000","12.686748000","1924","52","10.0.0.2","40940","95.101.184.27","443","0","632","230192"
"13.080826","13.080826000","12.686765000","1925","52","10.0.0.2","40940","95.101.184.27","443","0","632","230436"
"13.080841","13.080841000","12.686780000","1926","52","10.0.0.2","40940","95.101.184.27","443","0","632","230680"
"13.080854","13.080854000","12.686793000","1927","52","10.0.0.2","40940","95.101.184.27","443","0","632","230924"
"13.081325","13.081325000","12.687264000","1928","296","95.101.184.27","443","10.0.0.2","40940","244","235560","632"
"13.081360","13.081360000","12.687299000","1929","296","95.101.184.27","443","10.0.0.2","40940","244","235804","632"
"13.081410","13.081410000","12.687349000","1930","296","95.101.184.27","443","10.0.0.2","40940","244","236048","632"
"13.081422","13.081422000","12.687361000","1931","296","95.101.184.27","443","10.0.0.2","40940","244","236292","632"
"13.081518","13.081518000","12.687457000","1932","296","95.101.184.27","443","10.0.0.2","40940","244","236536","632"
"13.143843","13.143843000","12.749782000","1933","52","10.0.0.2","40940","95.101.184.27","443","0","632","231168"
"13.143879","13.143879000","12.749818000","1934","52","10.0.0.2","40940","95.101.184.27","443","0","632","231412"
"13.143897","13.143897000","12.749836000","1935","52","10.0.0.2","40940","95.101.184.27","443","0","632","231656"
"13.143932","13.143932000","12.749871000","1936","52","10.0.0.2","40940","95.101.184.27","443","0","632","231900"
"13.143962","13.143962000","12.749901000","1937","52","10.0.0.2","40940","95.101.184.27","443","0","632","232144"
"13.144448","13.144448000","12.750387000","1938","296","95.101.184.27","443","10.0.0.2","40940","244","236780","632"
"13.144484","13.144484000","12.750423000","1939","296","95.101.184.27","443","10.0.0.2","40940","244","237024","632"
"13.144533","13.144533000","12.750472000","1940","296","95.101.184.27","443","10.0.0.2","40940","244","237268","632"
"13.144545","13.144545000","12.750484000","1941","296","95.101.184.27","443","10.0.0.2","40940","244","237512","632"
"13.144579","13.144579000","12.750518000","1942","296","95.101.184.27","443","10.0.0.2","40940","244","237756","632"
"13.205794","13.205794000","12.811733000","1943","52","10.0.0.2","40940","95.101.184.27","443","0","632","232388"
"13.205824","13.205824000","12.811763000","1944","52","10.0.0.2","40940","95.101.184.27","443","0","632","232632"
"13.205843","13.205843000","12.811782000","1945","52","10.0.0.2","40940","95.101.184.27","443","0","632","232876"
"13.205861","13.205861000","12.811800000","1946","52","10.0.0.2","40940","95.101.184.27","443","0","632","233120"
"13.205877","13.205877000","12.811816000","1947","52","10.0.0.2","40940","95.101.184.27","443","0","632","233364"
"13.206376","13.206376000","12.812315000","1948","296","95.101.184.27","443","10.0.0.2","40940","244","238000","632"
"13.206414","13.206414000","12.812353000","1949","296","95.101.184.27","443","10.0.0.2","40940","244","238244","632"
"13.206464","13.206464000","12.812403000","1950","296","95.101.184.27","443","10.0.0.2","40940","244","238488","632"
"13.206476","13.206476000","12.812415000","1951","296","95.101.184.27","443","10.0.0.2","40940","244","238732","632"
"13.206511","13.206511000","12.812450000","1952","296","95.101.184.27","443","10.0.0.2","40940","244","238976","632"
"13.268234","13.268234000","12.874173000","1953","52","10.0.0.2","40940","95.101.184.27","443","0","632","233608"
"13.268265","13.268265000","12.874204000","1954","52","10.0.0.2","40940","95.101.184.27","443","0","632","233852"
"13.268282","13.268282000","12.874221000","1955","52","10.0.0.2","40940","95.101.184.27","443","0","632","234096"
"13.268297","13.268297000","12.874236000","1956","52","10.0.0.2","40940","95.101.184.27","443","0","632","234340"
"13.268310","13.268310000","12.874249000","1957","52","10.0.0.2","40940","95.101.184.27","443","0","632","234584"
"13.268780","13.268780000","12.874719000","1958","296","95.101.184.27","443","10.0.0.2","40940","244","239220","632"
"13.268813","13.268813000","12.874752000","1959","296","95.101.184.27","443","10.0.0.2","40940","244","239464","632"
"13.268864","13.268864000","12.874803000","1960","296","95.101.184.27","443","10.0.0.2","40940","244","239708","632"
"13.268876","13.268876000","12.874815000","1961","296","95.101.184.27","443","10.0.0.2","40940","244","239952","632"
"13.268911","13.268911000","12.874850000","1962","296","95.101.184.27","443","10.0.0.2","40940","244","240196","632"
"13.330236","13.330236000","12.936175000","1963","52","10.0.0.2","40940","95.101.184.27","443","0","632","234828"
"13.330269","13.330269000","12.936208000","1964","52","10.0.0.2","40940","95.101.184.27","443","0","632","235072"
"13.330287","13.330287000","12.936226000","1965","52","10.0.0.2","40940","95.101.184.27","443","0","632","235316"
"13.330304","13.330304000","12.936243000","1966","52","10.0.0.2","40940","95.101.184.27","443","0","632","235560"
"13.330320","13.330320000","12.936259000","1967","52","10.0.0.2","40940","95.101.184.27","443","0","632","235804"
"13.330809","13.330809000","12.936748000","1968","296","95.101.184.27","443","10.0.0.2","40940","244","240440","632"
"13.330846","13.330846000","12.936785000","1969","296","95.101.184.27","443","10.0.0.2","40940","244","240684","632"
"13.330898","13.330898000","12.936837000","1970","296","95.101.184.27","443","10.0.0.2","40940","244","240928","632"
"13.330910","13.330910000","12.936849000","1971","296","95.101.184.27","443","10.0.0.2","40940","244","241172","632"
"13.330978","13.330978000","12.936917000","1972","296","95.101.184.27","443","10.0.0.2","40940","244","241416","632"
"13.393138","13.393138000","12.999077000","1973","52","10.0.0.2","40940","95.101.184.27","443","0","632","236048"
"13.393170","13.393170000","12.999109000","1974","52","10.0.0.2","40940","95.101.184.27","443","0","632","236292"
"13.393193","13.393193000","12.999132000","1975","52","10.0.0.2","40940","95.101.184.27","443","0","632","236536"
"13.393210","13.393210000","12.999149000","1976","52","10.0.0.2","40940","95.101.184.27","443","0","632","236780"
"13.393227","13.393227000","12.999166000","1977","52","10.0.0.2","40940","95.101.184.27","443","0","632","237024"
"13.393737","13.393737000","12.999676000","1978","296","95.101.184.27","443","10.0.0.2","40940","244","241660","632"
"13.393773","13.393773000","12.999712000","1979","296","95.101.184.27","443","10.0.0.2","40940","244","241904","632"
"13.393824","13.393824000","12.999763000","1980","296","95.101.184.27","443","10.0.0.2","40940","244","242148","632"
"13.393836","13.393836000","12.999775000","1981","296","95.101.184.27","443","10.0.0.2","40940","244","242392","632"
"13.393871","13.393871000","12.999810000","1982","296","95.101.184.27","443","10.0.0.2","40940","244","242636","632"
"13.455741","13.455741000","13.061680000","1983","52","10.0.0.2","40940","95.101.184.27","443","0","632","237268"
"13.455771","13.455771000","13.061710000","1984","52","10.0.0.2","40940","95.101.184.27","443","0","632","237512"
"13.455788","13.455788000","13.061727000","1985","52","10.0.0.2","40940","95.101.184.27","443","0","632","237756"
"13.455803","13.455803000","13.061742000","1986","52","10.0.0.2","40940","95.101.184.27","443","0","632","238000"
"13.455816","13.455816000","13.061755000","1987","52","10.0.0.2","40940","95.101.184.27","443","0","632","238244"
"13.456367","13.456367000","13.062306000","1988","296","95.101.184.27","443","10.0.0.2","40940","244","242880","632"
"13.456404","13.456404000","13.062343000","1989","296","95.101.184.27","443","10.0.0.2","40940","244","243124","632"
"13.456455","13.456455000","13.062394000","1990","296","95.101.184.27","443","10.0.0.2","40940","244","243368","632"
"13.456467","13.456467000","13.062406000","1991","296","95.101.184.27","443","10.0.0.2","40940","244","243612","632"
"13.456501","13.456501000","13.062440000","1992","296","95.101.184.27","443","10.0.0.2","40940","244","243856","632"
"13.518582","13.518582000","13.124521000","1993","52","10.0.0.2","40940","95.101.184.27","443","0","632","238488"
"13.518610","13.518610000","13.124549000","1994","52","10.0.0.2","40940","95.101.184.27","443","0","632","238732"
"13.518628","13.518628000","13.124567000","1995","52","10.0.0.2","40940","95.101.184.27","443","0","632","238976"
"13.518643","13.518643000","13.124582000","1996","52","10.0.0.2","40940","95.101.184.27","443","0","632","239220"
"13.518657","13.518657000","13.124596000","1997","52","10.0.0.2","40940","95.101.184.27","443","0","632","239464"
"13.519111","13.519111000","13.125050000","1998","296","95.101.184.27","443","10.0.0.2","40940","244","244100","632"
"13.519150","13.519150000","13.125089000","1999","296","95.101.184.27","443","10.0.0.2","40940","244","244344","632"
"13.519204","13.519204000","13.125143000","2000","296","95.101.184.27","443","10.0.0.2","40940","244","244588","632"
"13.519217","13.519217000","13.125156000","2001","296","95.101.184.27","443","10.0.0.2","40940","244","244832","632"
"13.519251","13.519251000","13.125190000","2002","296","95.101.184.27","443","10.0.0.2","40940","244","245076","632"
"13.575198","13.575198000",,"2003","48",,,,,,,
"13.580387","13.580387000","13.186326000","2004","52","10.0.0.2","40940","95.101.184.27","443","0","632","239708"
"13.580419","13.580419000","13.186358000","2005","52","10.0.0.2","40940","95.101.184.27","443","0","632","239952"
"13.580439","13.580439000","13.186378000","2006","52","10.0.0.2","40940","95.101.184.27","443","0","632","240196"
"13.580456","13.580456000","13.186395000","2007","52","10.0.0.2","40940","95.101.184.27","443","0","632","240440"
"13.580475","13.580475000","13.186414000","2008","52","10.0.0.2","40940","95.101.184.27","443","0","632","240684"
"13.580966","13.580966000","13.186905000","2009","296","95.101.184.27","443","10.0.0.2","40940","244","245320","632"
"13.580993","13.580993000","13.186932000","2010","296","95.101.184.27","443","10.0.0.2","40940","244","245564","632"
"13.581044","13.581044000","13.186983000","2011","296","95.101.184.27","443","10.0.0.2","40940","244","245808","632"
"13.581056","13.581056000","13.186995000","2012","296","95.101.184.27","443","10.0.0.2","40940","244","246052","632"
"13.581092","13.581092000","13.187031000","2013","296","95.101.184.27","443","10.0.0.2","40940","244","246296","632"
"13.643158","13.643158000","13.249097000","2014","52","10.0.0.2","40940","95.101.184.27","443","0","632","240928"
"13.643186","13.643186000","13.249125000","2015","52","10.0.0.2","40940","95.101.184.27","443","0","632","241172"
"13.643204","13.643204000","13.249143000","2016","52","10.0.0.2","40940","95.101.184.27","443","0","632","241416"
"13.643218","13.643218000","13.249157000","2017","52","10.0.0.2","40940","95.101.184.27","443","0","632","241660"
"13.643232","13.643232000","13.249171000","2018","52","10.0.0.2","40940","95.101.184.27","443","0","632","241904"
"13.643666","13.643666000","13.249605000","2019","296","95.101.184.27","443","10.0.0.2","40940","244","246540","632"
"13.643704","13.643704000","13.249643000","2020","296","95.101.184.27","443","10.0.0.2","40940","244","246784","632"
"13.643756","13.643756000","13.249695000","2021","296","95.101.184.27","443","10.0.0.2","40940","244","247028","632"
"13.643768","13.643768000","13.249707000","2022","296","95.101.184.27","443","10.0.0.2","40940","244","247272","632"
"13.643802","13.643802000","13.249741000","2023","296","95.101.184.27","443","10.0.0.2","40940","244","247516","632"
"13.706101","13.706101000","13.312040000","2024","52","10.0.0.2","40940","95.101.184.27","443","0","632","242148"
"13.706134","13.706134000","13.312073000","2025","52","10.0.0.2","40940","95.101.184.27","443","0","632","242392"
"13.706152","13.706152000","13.312091000","2026","52","10.0.0.2","40940","95.101.184.27","443","0","632","242636"
"13.706167","13.706167000","13.312106000","2027","52","10.0.0.2","40940","95.101.184.27","443","0","632","242880"
"13.706187","13.706187000","13.312126000","2028","52","10.0.0.2","40940","95.101.184.27","443","0","632","243124"
"13.706667","13.706667000","13.312606000","2029","296","95.101.184.27","443","10.0.0.2","40940","244","247760","632"
"13.706704","13.706704000","13.312643000","2030","296","95.101.184.27","443","10.0.0.2","40940","244","248004","632"
"13.706756","13.706756000","13.312695000","2031","296","95.101.184.27","443","10.0.0.2","40940","244","248248","632"
"13.706768","13.706768000","13.312707000","2032","296","95.101.184.27","443","10.0.0.2","40940","244","248492","632"
"13.706815","13.706815000","13.312754000","2033","296","95.101.184.27","443","10.0.0.2","40940","244","248736","632"
"13.706826","13.706826000","13.312765000","2034","296","95.101.184.27","443","10.0.0.2","40940","244","248980","632"
"13.768799","13.768799000","13.374738000","2035","52","10.0.0.2","40940","95.101.184.27","443","0","632","243368"
"13.768827","13.768827000","13.374766000","2036","52","10.0.0.2","40940","95.101.184.27","443","0","632","243612"
"13.768845","13.768845000","13.374784000","2037","52","10.0.0.2","40940","95.101.184.27","443","0","632","243856"
"13.768860","13.768860000","13.374799000","2038","52","10.0.0.2","40940","95.101.184.27","443","0","632","244100"
"13.768874","13.768874000","13.374813000","2039","52","10.0.0.2","40940","95.101.184.27","443","0","632","244344"
"13.768888","13.768888000","13.374827000","2040","52","10.0.0.2","40940","95.101.184.27","443","0","632","244588"
"13.769363","13.769363000","13.375302000","2041","296","95.101.184.27","443","10.0.0.2","40940","244","249224","632"
"13.769401","13.769401000","13.375340000","2042","296","95.101.184.27","443","10.0.0.2","40940","244","249468","632"
"13.769544","13.769544000","13.375483000","2043","296","95.101.184.27","443","10.0.0.2","40940","244","249712","632"
"13.769572","13.769572000","13.375511000","2044","296","95.101.184.27","443","10.0.0.2","40940","244","249956","632"
"13.769619","13.769619000","13.375558000","2045","296","95.101.184.27","443","10.0.0.2","40940","244","250200","632"
"13.769633","13.769633000","13.375572000","2046","296","95.101.184.27","443","10.0.0.2","40940","244","250444","632"
"13.830478","13.830478000","13.436417000","2047","52","10.0.0.2","40940","95.101.184.27","443","0","632","244832"
"13.830508","13.830508000","13.436447000","2048","52","10.0.0.2","40940","95.101.184.27","443","0","632","245076"
"13.830525","13.830525000","13.436464000","2049","52","10.0.0.2","40940","95.101.184.27","443","0","632","245320"
"13.830540","13.830540000","13.436479000","2050","52","10.0.0.2","40940","95.101.184.27","443","0","632","245564"
"13.830553","13.830553000","13.436492000","2051","52","10.0.0.2","40940","95.101.184.27","443","0","632","245808"
"13.831031","13.831031000","13.436970000","2052","296","95.101.184.27","443","10.0.0.2","40940","244","250688","632"
"13.831065","13.831065000","13.437004000","2053","296","95.101.184.27","443","10.0.0.2","40940","244","250932","632"
"13.831117","13.831117000","13.437056000","2054","296","95.101.184.27","443","10.0.0.2","40940","244","251176","632"
"13.831129","13.831129000","13.437068000","2055","296","95.101.184.27","443","10.0.0.2","40940","244","251420","632"
"13.831163","13.831163000","13.437102000","2056","296","95.101.184.27","443","10.0.0.2","40940","244","251664","632"
"13.893412","13.893412000","13.499351000","2057","52","10.0.0.2","40940","95.101.184.27","443","0","632","246052"
"13.893443","13.893443000","13.499382000","2058","52","10.0.0.2","40940","95.101.184.27","443","0","632","246296"
"13.893463","13.893463000","13.499402000","2059","52","10.0.0.2","40940","95.101.184.27","443","0","632","246540"
"13.893479","13.893479000","13.499418000","2060","52","10.0.0.2","40940","95.101.184.27","443","0","632","246784"
"13.893493","13.893493000","13.499432000","2061","52","10.0.0.2","40940","95.101.184.27","443","0","632","247028"
"13.894009","13.894009000","13.499948000","2062","296","95.101.184.27","443","10.0.0.2","40940","244","251908","632"
"13.894045","13.894045000","13.499984000","2063","296","95.101.184.27","443","10.0.0.2","40940","244","252152","632"
"13.894095","13.894095000","13.500034000","2064","296","95.101.184.27","443","10.0.0.2","40940","244","252396","632"
"13.894107","13.894107000","13.500046000","2065","296","95.101.184.27","443","10.0.0.2","40940","244","252640","632"
"13.894141","13.894141000","13.500080000","2066","296","95.101.184.27","443","10.0.0.2","40940","244","252884","632"
"13.955335","13.955335000","13.561274000","2067","52","10.0.0.2","40940","95.101.184.27","443","0","632","247272"
"13.955360","13.955360000","13.561299000","2068","52","10.0.0.2","40940","95.101.184.27","443","0","632","247516"
"13.955373","13.955373000","13.561312000","2069","52","10.0.0.2","40940","95.101.184.27","443","0","632","247760"
"13.955385","13.955385000","13.561324000","2070","52","10.0.0.2","40940","95.101.184.27","443","0","632","248004"
"13.955396","13.955396000","13.561335000","2071","52","10.0.0.2","40940","95.101.184.27","443","0","632","248248"
"13.955900","13.955900000","13.561839000","2072","296","95.101.184.27","443","10.0.0.2","40940","244","253128","632"
"13.955956","13.955956000","13.561895000","2073","296","95.101.184.27","443","10.0.0.2","40940","244","253372","632"
"13.956008","13.956008000","13.561947000","2074","296","95.101.184.27","443","10.0.0.2","40940","244","253616","632"
"13.956020","13.956020000","13.561959000","2075","296","95.101.184.27","443","10.0.0.2","40940","244","253860","632"
"13.956055","13.956055000","13.561994000","2076","296","95.101.184.27","443","10.0.0.2","40940","244","254104","632"
"14.018691","14.018691000","13.624630000","2077","52","10.0.0.2","40940","95.101.184.27","443","0","632","248492"
"14.018718","14.018718000","13.624657000","2078","52","10.0.0.2","40940","95.101.184.27","443","0","632","248736"
"14.018736","14.018736000","13.624675000","2079","52","10.0.0.2","40940","95.101.184.27","443","0","632","248980"
"14.018750","14.018750000","13.624689000","2080","52","10.0.0.2","40940","95.101.184.27","443","0","632","249224"
"14.018766","14.018766000","13.624705000","2081","52","10.0.0.2","40940","95.101.184.27","443","0","632","249468"
"14.019294","14.019294000","13.625233000","2082","296","95.101.184.27","443","10.0.0.2","40940","244","254348","632"
"14.019330","14.019330000","13.625269000","2083","296","95.101.184.27","443","10.0.0.2","40940","244","254592","632"
"14.019381","14.019381000","13.625320000","2084","296","95.101.184.27","443","10.0.0.2","40940","244","254836","632"
"14.019393","14.019393000","13.625332000","2085","296","95.101.184.27","443","10.0.0.2","40940","244","255080","632"
"14.019426","14.019426000","13.625365000","2086","296","95.101.184.27","443","10.0.0.2","40940","244","255324","632"
"14.080689","14.080689000","13.686628000","2087","52","10.0.0.2","40940","95.101.184.27","443","0","632","249712"
"14.080712","14.080712000","13.686651000","2088","52","10.0.0.2","40940","95.101.184.27","443","0","632","249956"
"14.080724","14.080724000","13.686663000","2089","52","10.0.0.2","40940","95.101.184.27","443","0","632","250200"
"14.080735","14.080735000","13.686674000","2090","52","10.0.0.2","40940","95.101.184.27","443","0","632","250688"
"14.081195","14.081195000","13.687134000","2091","296","95.101.184.27","443","10.0.0.2","40940","244","255568","632"
"14.081232","14.081232000","13.687171000","2092","296","95.101.184.27","443","10.0.0.2","40940","244","255812","632"
"14.081285","14.081285000","13.687224000","2093","296","95.101.184.27","443","10.0.0.2","40940","244","256056","632"
"14.081297","14.081297000","13.687236000","2094","296","95.101.184.27","443","10.0.0.2","40940","244","256300","632"
"14.081331","14.081331000","13.687270000","2095","296","95.101.184.27","443","10.0.0.2","40940","244","256544","632"
"14.143721","14.143721000","13.749660000","2096","52","10.0.0.2","40940","95.101.184.27","443","0","632","250932"
"14.143759","14.143759000","13.749698000","2097","52","10.0.0.2","40940","95.101.184.27","443","0","632","251176"
"14.143780","14.143780000","13.749719000","2098","52","10.0.0.2","40940","95.101.184.27","443","0","632","251420"
"14.143796","14.143796000","13.749735000","2099","52","10.0.0.2","40940","95.101.184.27","443","0","632","251664"
"14.143813","14.143813000","13.749752000","2100","52","10.0.0.2","40940","95.101.184.27","443","0","632","251908"
"14.144159","14.144159000","13.750098000","2101","296","95.101.184.27","443","10.0.0.2","40940","244","256788","632"
"14.144208","14.144208000","13.750147000","2102","296","95.101.184.27","443","10.0.0.2","40940","244","257032","632"
"14.144256","14.144256000","13.750195000","2103","296","95.101.184.27","443","10.0.0.2","40940","244","257276","632"
"14.144268","14.144268000","13.750207000","2104","296","95.101.184.27","443","10.0.0.2","40940","244","257520","632"
"14.144301","14.144301000","13.750240000","2105","296","95.101.184.27","443","10.0.0.2","40940","244","257764","632"
"14.205437","14.205437000","13.811376000","2106","52","10.0.0.2","40940","95.101.184.27","443","0","632","252152"
"14.205471","14.205471000","13.811410000","2107","52","10.0.0.2","40940","95.101.184.27","443","0","632","252396"
"14.205490","14.205490000","13.811429000","2108","52","10.0.0.2","40940","95.101.184.27","443","0","632","252640"
"14.205506","14.205506000","13.811445000","2109","52","10.0.0.2","40940","95.101.184.27","443","0","632","252884"
"14.205522","14.205522000","13.811461000","2110","52","10.0.0.2","40940","95.101.184.27","443","0","632","253128"
"14.205998","14.205998000","13.811937000","2111","296","95.101.184.27","443","10.0.0.2","40940","244","258008","632"
"14.206034","14.206034000","13.811973000","2112","296","95.101.184.27","443","10.0.0.2","40940","244","258252","632"
"14.206084","14.206084000","13.812023000","2113","296","95.101.184.27","443","10.0.0.2","40940","244","258496","632"
"14.206096","14.206096000","13.812035000","2114","296","95.101.184.27","443","10.0.0.2","40940","244","258740","632"
"14.206130","14.206130000","13.812069000","2115","296","95.101.184.27","443","10.0.0.2","40940","244","258984","632"
"14.269041","14.269041000","13.874980000","2116","52","10.0.0.2","40940","95.101.184.27","443","0","632","253372"
"14.269070","14.269070000","13.875009000","2117","52","10.0.0.2","40940","95.101.184.27","443","0","632","253616"
"14.269087","14.269087000","13.875026000","2118","52","10.0.0.2","40940","95.101.184.27","443","0","632","253860"
"14.269102","14.269102000","13.875041000","2119","52","10.0.0.2","40940","95.101.184.27","443","0","632","254104"
"14.269116","14.269116000","13.875055000","2120","52","10.0.0.2","40940","95.101.184.27","443","0","632","254348"
"14.269536","14.269536000","13.875475000","2121","296","95.101.184.27","443","10.0.0.2","40940","244","259228","632"
"14.269566","14.269566000","13.875505000","2122","296","95.101.184.27","443","10.0.0.2","40940","244","259472","632"
"14.269616","14.269616000","13.875555000","2123","296","95.101.184.27","443","10.0.0.2","40940","244","259716","632"
"14.269628","14.269628000","13.875567000","2124","296","95.101.184.27","443","10.0.0.2","40940","244","259960","632"
"14.269673","14.269673000","13.875612000","2125","296","95.101.184.27","443","10.0.0.2","40940","244","260204","632"
"14.269686","14.269686000","13.875625000","2126","296","95.101.184.27","443","10.0.0.2","40940","244","260448","632"
"14.330889","14.330889000","13.936828000","2127","52","10.0.0.2","40940","95.101.184.27","443","0","632","254592"
"14.330971","14.330971000","13.936910000","2128","52","10.0.0.2","40940","95.101.184.27","443","0","632","254836"
"14.330998","14.330998000","13.936937000","2129","52","10.0.0.2","40940","95.101.184.27","443","0","632","255080"
"14.331014","14.331014000","13.936953000","2130","52","10.0.0.2","40940","95.101.184.27","443","0","632","255324"
"14.331032","14.331032000","13.936971000","2131","52","10.0.0.2","40940","95.101.184.27","443","0","632","255568"
"14.331450","14.331450000","13.937389000","2132","296","95.101.184.27","443","10.0.0.2","40940","244","260692","632"
"14.331486","14.331486000","13.937425000","2133","296","95.101.184.27","443","10.0.0.2","40940","244","260936","632"
"14.331536","14.331536000","13.937475000","2134","296","95.101.184.27","443","10.0.0.2","40940","244","261180","632"
"14.331548","14.331548000","13.937487000","2135","296","95.101.184.27","443","10.0.0.2","40940","244","261424","632"
"14.331581","14.331581000","13.937520000","2136","296","95.101.184.27","443","10.0.0.2","40940","244","261668","632"
"14.393797","14.393797000","13.999736000","2137","52","10.0.0.2","40940","95.101.184.27","443","0","632","255812"
"14.393828","14.393828000","13.999767000","2138","52","10.0.0.2","40940","95.101.184.27","443","0","632","256056"
"14.393848","14.393848000","13.999787000","2139","52","10.0.0.2","40940","95.101.184.27","443","0","632","256300"
"14.393863","14.393863000","13.999802000","2140","52","10.0.0.2","40940","95.101.184.27","443","0","632","256788"
"14.394383","14.394383000","14.000322000","2141","296","95.101.184.27","443","10.0.0.2","40940","244","261912","632"
"14.394422","14.394422000","14.000361000","2142","296","95.101.184.27","443","10.0.0.2","40940","244","262156","632"
"14.394474","14.394474000","14.000413000","2143","296","95.101.184.27","443","10.0.0.2","40940","244","262400","632"
"14.394486","14.394486000","14.000425000","2144","296","95.101.184.27","443","10.0.0.2","40940","244","262644","632"
"14.394520","14.394520000","14.000459000","2145","296","95.101.184.27","443","10.0.0.2","40940","244","262888","632"
"14.455353","14.455353000","14.061292000","2146","52","10.0.0.2","40940","95.101.184.27","443","0","632","257032"
"14.455384","14.455384000","14.061323000","2147","52","10.0.0.2","40940","95.101.184.27","443","0","632","257276"
"14.455402","14.455402000","14.061341000","2148","52","10.0.0.2","40940","95.101.184.27","443","0","632","257520"
"14.455418","14.455418000","14.061357000","2149","52","10.0.0.2","40940","95.101.184.27","443","0","632","257764"
"14.455431","14.455431000","14.061370000","2150","52","10.0.0.2","40940","95.101.184.27","443","0","632","258008"
"14.455851","14.455851000","14.061790000","2151","296","95.101.184.27","443","10.0.0.2","40940","244","263132","632"
"14.455877","14.455877000","14.061816000","2152","296","95.101.184.27","443","10.0.0.2","40940","244","263376","632"
"14.455956","14.455956000","14.061895000","2153","296","95.101.184.27","443","10.0.0.2","40940","244","263620","632"
"14.455969","14.455969000","14.061908000","2154","296","95.101.184.27","443","10.0.0.2","40940","244","263864","632"
"14.456003","14.456003000","14.061942000","2155","296","95.101.184.27","443","10.0.0.2","40940","244","264108","632"
"14.518280","14.518280000","14.124219000","2156","52","10.0.0.2","40940","95.101.184.27","443","0","632","258252"
"14.518312","14.518312000","14.124251000","2157","52","10.0.0.2","40940","95.101.184.27","443","0","632","258496"
"14.518334","14.518334000","14.124273000","2158","52","10.0.0.2","40940","95.101.184.27","443","0","632","258740"
"14.518349","14.518349000","14.124288000","2159","52","10.0.0.2","40940","95.101.184.27","443","0","632","258984"
"14.518364","14.518364000","14.124303000","2160","52","10.0.0.2","40940","95.101.184.27","443","0","632","259228"
"14.518812","14.518812000","14.124751000","2161","296","95.101.184.27","443","10.0.0.2","40940","244","264352","632"
"14.518849","14.518849000","14.124788000","2162","296","95.101.184.27","443","10.0.0.2","40940","244","264596","632"
"14.518900","14.518900000","14.124839000","2163","296","95.101.184.27","443","10.0.0.2","40940","244","264840","632"
"14.518930","14.518930000","14.124869000","2164","296","95.101.184.27","443","10.0.0.2","40940","244","265084","632"
"14.518973","14.518973000","14.124912000","2165","296","95.101.184.27","443","10.0.0.2","40940","244","265328","632"
"14.580269","14.580269000","14.186208000","2166","52","10.0.0.2","40940","95.101.184.27","443","0","632","259472"
"14.580303","14.580303000","14.186242000","2167","52","10.0.0.2","40940","95.101.184.27","443","0","632","259716"
"14.580320","14.580320000","14.186259000","2168","52","10.0.0.2","40940","95.101.184.27","443","0","632","259960"
"14.580335","14.580335000","14.186274000","2169","52","10.0.0.2","40940","95.101.184.27","443","0","632","260204"
"14.580352","14.580352000","14.186291000","2170","52","10.0.0.2","40940","95.101.184.27","443","0","632","260448"
"14.580843","14.580843000","14.186782000","2171","296","95.101.184.27","443","10.0.0.2","40940","244","265572","632"
"14.580881","14.580881000","14.186820000","2172","296","95.101.184.27","443","10.0.0.2","40940","244","265816","632"
"14.580963","14.580963000","14.186902000","2173","296","95.101.184.27","443","10.0.0.2","40940","244","266060","632"
"14.580978","14.580978000","14.186917000","2174","296","95.101.184.27","443","10.0.0.2","40940","244","266304","632"
"14.581012","14.581012000","14.186951000","2175","296","95.101.184.27","443","10.0.0.2","40940","244","266548","632"
"14.643803","14.643803000","14.249742000","2176","52","10.0.0.2","40940","95.101.184.27","443","0","632","260692"
"14.643834","14.643834000","14.249773000","2177","52","10.0.0.2","40940","95.101.184.27","443","0","632","260936"
"14.643852","14.643852000","14.249791000","2178","52","10.0.0.2","40940","95.101.184.27","443","0","632","261180"
"14.643867","14.643867000","14.249806000","2179","52","10.0.0.2","40940","95.101.184.27","443","0","632","261424"
"14.643881","14.643881000","14.249820000","2180","52","10.0.0.2","40940","95.101.184.27","443","0","632","261668"
"14.644431","14.644431000","14.250370000","2181","296","95.101.184.27","443","10.0.0.2","40940","244","266792","632"
"14.644469","14.644469000","14.250408000","2182","296","95.101.184.27","443","10.0.0.2","40940","244","267036","632"
"14.644520","14.644520000","14.250459000","2183","296","95.101.184.27","443","10.0.0.2","40940","244","267280","632"
"14.644531","14.644531000","14.250470000","2184","296","95.101.184.27","443","10.0.0.2","40940","244","267524","632"
"14.644565","14.644565000","14.250504000","2185","296","95.101.184.27","443","10.0.0.2","40940","244","267768","632"
"14.705833","14.705833000","14.311772000","2186","52","10.0.0.2","40940","95.101.184.27","443","0","632","261912"
"14.705864","14.705864000","14.311803000","2187","52","10.0.0.2","40940","95.101.184.27","443","0","632","262156"
"14.705884","14.705884000","14.311823000","2188","52","10.0.0.2","40940","95.101.184.27","443","0","632","262400"
"14.705900","14.705900000","14.311839000","2189","52","10.0.0.2","40940","95.101.184.27","443","0","632","262644"
"14.705935","14.705935000","14.311874000","2190","52","10.0.0.2","40940","95.101.184.27","443","0","632","262888"
"14.706420","14.706420000","14.312359000","2191","296","95.101.184.27","443","10.0.0.2","40940","244","268012","632"
"14.706456","14.706456000","14.312395000","2192","296","95.101.184.27","443","10.0.0.2","40940","244","268256","632"
"14.706506","14.706506000","14.312445000","2193","296","95.101.184.27","443","10.0.0.2","40940","244","268500","632"
"14.706518","14.706518000","14.312457000","2194","296","95.101.184.27","443","10.0.0.2","40940","244","268744","632"
"14.706552","14.706552000","14.312491000","2195","296","95.101.184.27","443","10.0.0.2","40940","244","268988","632"
"14.768710","14.768710000","14.374649000","2196","52","10.0.0.2","40940","95.101.184.27","443","0","632","263132"
"14.768743","14.768743000","14.374682000","2197","52","10.0.0.2","40940","95.101.184.27","443","0","632","263376"
"14.768763","14.768763000","14.374702000","2198","52","10.0.0.2","40940","95.101.184.27","443","0","632","263620"
"14.768780","14.768780000","14.374719000","2199","52","10.0.0.2","40940","95.101.184.27","443","0","632","263864"
"14.768797","14.768797000","14.374736000","2200","52","10.0.0.2","40940","95.101.184.27","443","0","632","264108"
"14.769264","14.769264000","14.375203000","2201","296","95.101.184.27","443","10.0.0.2","40940","244","269232","632"
"14.769302","14.769302000","14.375241000","2202","296","95.101.184.27","443","10.0.0.2","40940","244","269476","632"
"14.769411","14.769411000","14.375350000","2203","296","95.101.184.27","443","10.0.0.2","40940","244","269720","632"
"14.769427","14.769427000","14.375366000","2204","296","95.101.184.27","443","10.0.0.2","40940","244","269964","632"
"14.769463","14.769463000","14.375402000","2205","296","95.101.184.27","443","10.0.0.2","40940","244","270208","632"
"14.830250","14.830250000","14.436189000","2206","52","10.0.0.2","40940","95.101.184.27","443","0","632","264352"
"14.830279","14.830279000","14.436218000","2207","52","10.0.0.2","40940","95.101.184.27","443","0","632","264596"
"14.830296","14.830296000","14.436235000","2208","52","10.0.0.2","40940","95.101.184.27","443","0","632","264840"
"14.830311","14.830311000","14.436250000","2209","52","10.0.0.2","40940","95.101.184.27","443","0","632","265084"
"14.830325","14.830325000","14.436264000","2210","52","10.0.0.2","40940","95.101.184.27","443","0","632","265328"
"14.830807","14.830807000","14.436746000","2211","296","95.101.184.27","443","10.0.0.2","40940","244","270452","632"
"14.830840","14.830840000","14.436779000","2212","296","95.101.184.27","443","10.0.0.2","40940","244","270696","632"
"14.830890","14.830890000","14.436829000","2213","296","95.101.184.27","443","10.0.0.2","40940","244","270940","632"
"14.830903","14.830903000","14.436842000","2214","296","95.101.184.27","443","10.0.0.2","40940","244","271184","632"
"14.830979","14.830979000","14.436918000","2215","296","95.101.184.27","443","10.0.0.2","40940","244","271428","632"
"14.830997","14.830997000","14.436936000","2216","296","95.101.184.27","443","10.0.0.2","40940","244","271672","632"
"14.893214","14.893214000","14.499153000","2217","52","10.0.0.2","40940","95.101.184.27","443","0","632","265572"
"14.893244","14.893244000","14.499183000","2218","52","10.0.0.2","40940","95.101.184.27","443","0","632","265816"
"14.893264","14.893264000","14.499203000","2219","52","10.0.0.2","40940","95.101.184.27","443","0","632","266060"
"14.893281","14.893281000","14.499220000","2220","52","10.0.0.2","40940","95.101.184.27","443","0","632","266304"
"14.893296","14.893296000","14.499235000","2221","52","10.0.0.2","40940","95.101.184.27","443","0","632","266548"
"14.893783","14.893783000","14.499722000","2222","296","95.101.184.27","443","10.0.0.2","40940","244","271916","632"
"14.893820","14.893820000","14.499759000","2223","296","95.101.184.27","443","10.0.0.2","40940","244","272160","632"
"14.893871","14.893871000","14.499810000","2224","296","95.101.184.27","443","10.0.0.2","40940","244","272404","632"
"14.893883","14.893883000","14.499822000","2225","296","95.101.184.27","443","10.0.0.2","40940","244","272648","632"
"14.893946","14.893946000","14.499885000","2226","296","95.101.184.27","443","10.0.0.2","40940","244","272892","632"
"14.955492","14.955492000","14.561431000","2227","52","10.0.0.2","40940","95.101.184.27","443","0","632","266792"
"14.955522","14.955522000","14.561461000","2228","52","10.0.0.2","40940","95.101.184.27","443","0","632","267036"
"14.955537","14.955537000","14.561476000","2229","52","10.0.0.2","40940","95.101.184.27","443","0","632","267280"
"14.955549","14.955549000","14.561488000","2230","52","10.0.0.2","40940","95.101.184.27","443","0","632","267524"
"14.955560","14.955560000","14.561499000","2231","52","10.0.0.2","40940","95.101.184.27","443","0","632","267768"
"14.956023","14.956023000","14.561962000","2232","296","95.101.184.27","443","10.0.0.2","40940","244","273136","632"
"14.956060","14.956060000","14.561999000","2233","296","95.101.184.27","443","10.0.0.2","40940","244","273380","632"
"14.956145","14.956145000","14.562084000","2234","296","95.101.184.27","443","10.0.0.2","40940","244","273624","632"
"14.956159","14.956159000","14.562098000","2235","296","95.101.184.27","443","10.0.0.2","40940","244","273868","632"
"14.956195","14.956195000","14.562134000","2236","296","95.101.184.27","443","10.0.0.2","40940","244","274112","632"
"15.018526","15.018526000","14.624465000","2237","52","10.0.0.2","40940","95.101.184.27","443","0","632","268012"
"15.018555","15.018555000","14.624494000","2238","52","10.0.0.2","40940","95.101.184.27","443","0","632","268256"
"15.018573","15.018573000","14.624512000","2239","52","10.0.0.2","40940","95.101.184.27","443","0","632","268500"
"15.018592","15.018592000","14.624531000","2240","52","10.0.0.2","40940","95.101.184.27","443","0","632","268744"
"15.018609","15.018609000","14.624548000","2241","52","10.0.0.2","40940","95.101.184.27","443","0","632","268988"
"15.019091","15.019091000","14.625030000","2242","296","95.101.184.27","443","10.0.0.2","40940","244","274356","632"
"15.019129","15.019129000","14.625068000","2243","296","95.101.184.27","443","10.0.0.2","40940","244","274600","632"
"15.019181","15.019181000","14.625120000","2244","296","95.101.184.27","443","10.0.0.2","40940","244","274844","632"
"15.019193","15.019193000","14.625132000","2245","296","95.101.184.27","443","10.0.0.2","40940","244","275088","632"
"15.019228","15.019228000","14.625167000","2246","296","95.101.184.27","443","10.0.0.2","40940","244","275332","632"
"15.080710","15.080710000","14.686649000","2247","52","10.0.0.2","40940","95.101.184.27","443","0","632","269232"
"15.080741","15.080741000","14.686680000","2248","52","10.0.0.2","40940","95.101.184.27","443","0","632","269476"
"15.080760","15.080760000","14.686699000","2249","52","10.0.0.2","40940","95.101.184.27","443","0","632","269720"
"15.080773","15.080773000","14.686712000","2250","52","10.0.0.2","40940","95.101.184.27","443","0","632","269964"
"15.080784","15.080784000","14.686723000","2251","52","10.0.0.2","40940","95.101.184.27","443","0","632","270208"
"15.081282","15.081282000","14.687221000","2252","296","95.101.184.27","443","10.0.0.2","40940","244","275576","632"
"15.081317","15.081317000","14.687256000","2253","296","95.101.184.27","443","10.0.0.2","40940","244","275820","632"
"15.081367","15.081367000","14.687306000","2254","296","95.101.184.27","443","10.0.0.2","40940","244","276064","632"
"15.081379","15.081379000","14.687318000","2255","296","95.101.184.27","443","10.0.0.2","40940","244","276308","632"
"15.081413","15.081413000","14.687352000","2256","296","95.101.184.27","443","10.0.0.2","40940","244","276552","632"
"15.143840","15.143840000","14.749779000","2257","52","10.0.0.2","40940","95.101.184.27","443","0","632","270452"
"15.143872","15.143872000","14.749811000","2258","52","10.0.0.2","40940","95.101.184.27","443","0","632","270696"
"15.143891","15.143891000","14.749830000","2259","52","10.0.0.2","40940","95.101.184.27","443","0","632","270940"
"15.143908","15.143908000","14.749847000","2260","52","10.0.0.2","40940","95.101.184.27","443","0","632","271184"
"15.143964","15.143964000","14.749903000","2261","52","10.0.0.2","40940","95.101.184.27","443","0","632","271428"
"15.144385","15.144385000","14.750324000","2262","296","95.101.184.27","443","10.0.0.2","40940","244","276796","632"
"15.144520","15.144520000","14.750459000","2263","296","95.101.184.27","443","10.0.0.2","40940","244","277040","632"
"15.144538","15.144538000","14.750477000","2264","296","95.101.184.27","443","10.0.0.2","40940","244","277284","632"
"15.144587","15.144587000","14.750526000","2265","296","95.101.184.27","443","10.0.0.2","40940","244","277528","632"
"15.144601","15.144601000","14.750540000","2266","296","95.101.184.27","443","10.0.0.2","40940","244","277772","632"
"15.144635","15.144635000","14.750574000","2267","296","95.101.184.27","443","10.0.0.2","40940","244","278016","632"
"15.205936","15.205936000","14.811875000","2268","52","10.0.0.2","40940","95.101.184.27","443","0","632","271672"
"15.205985","15.205985000","14.811924000","2269","52","10.0.0.2","40940","95.101.184.27","443","0","632","271916"
"15.206005","15.206005000","14.811944000","2270","52","10.0.0.2","40940","95.101.184.27","443","0","632","272160"
"15.206022","15.206022000","14.811961000","2271","52","10.0.0.2","40940","95.101.184.27","443","0","632","272404"
"15.206034","15.206034000","14.811973000","2272","52","10.0.0.2","40940","95.101.184.27","443","0","632","272648"
"15.206489","15.206489000","14.812428000","2273","296","95.101.184.27","443","10.0.0.2","40940","244","278260","632"
"15.206527","15.206527000","14.812466000","2274","296","95.101.184.27","443","10.0.0.2","40940","244","278504","632"
"15.206578","15.206578000","14.812517000","2275","296","95.101.184.27","443","10.0.0.2","40940","244","278748","632"
"15.206590","15.206590000","14.812529000","2276","296","95.101.184.27","443","10.0.0.2","40940","244","278992","632"
"15.206624","15.206624000","14.812563000","2277","296","95.101.184.27","443","10.0.0.2","40940","244","279236","632"
"15.268352","15.268352000","14.874291000","2278","52","10.0.0.2","40940","95.101.184.27","443","0","632","272892"
"15.268382","15.268382000","14.874321000","2279","52","10.0.0.2","40940","95.101.184.27","443","0","632","273136"
"15.268399","15.268399000","14.874338000","2280","52","10.0.0.2","40940","95.101.184.27","443","0","632","273380"
"15.268415","15.268415000","14.874354000","2281","52","10.0.0.2","40940","95.101.184.27","443","0","632","273624"
"15.268428","15.268428000","14.874367000","2282","52","10.0.0.2","40940","95.101.184.27","443","0","632","273868"
"15.268803","15.268803000","14.874742000","2283","296","95.101.184.27","443","10.0.0.2","40940","244","279480","632"
"15.268826","15.268826000","14.874765000","2284","296","95.101.184.27","443","10.0.0.2","40940","244","279724","632"
"15.268992","15.268992000","14.874931000","2285","296","95.101.184.27","443","10.0.0.2","40940","244","279968","632"
"15.269011","15.269011000","14.874950000","2286","296","95.101.184.27","443","10.0.0.2","40940","244","280212","632"
"15.269046","15.269046000","14.874985000","2287","296","95.101.184.27","443","10.0.0.2","40940","244","280456","632"
"15.330308","15.330308000","14.936247000","2288","52","10.0.0.2","40940","95.101.184.27","443","0","632","274112"
"15.330339","15.330339000","14.936278000","2289","52","10.0.0.2","40940","95.101.184.27","443","0","632","274356"
"15.330357","15.330357000","14.936296000","2290","52","10.0.0.2","40940","95.101.184.27","443","0","632","274600"
"15.330373","15.330373000","14.936312000","2291","52","10.0.0.2","40940","95.101.184.27","443","0","632","274844"
"15.330389","15.330389000","14.936328000","2292","52","10.0.0.2","40940","95.101.184.27","443","0","632","275088"
"15.330873","15.330873000","14.936812000","2293","296","95.101.184.27","443","10.0.0.2","40940","244","280700","632"
"15.330909","15.330909000","14.936848000","2294","296","95.101.184.27","443","10.0.0.2","40940","244","280944","632"
"15.330987","15.330987000","14.936926000","2295","296","95.101.184.27","443","10.0.0.2","40940","244","281188","632"
"15.331001","15.331001000","14.936940000","2296","296","95.101.184.27","443","10.0.0.2","40940","244","281432","632"
"15.331039","15.331039000","14.936978000","2297","296","95.101.184.27","443","10.0.0.2","40940","244","281676","632"
"15.393322","15.393322000","14.999261000","2298","52","10.0.0.2","40940","95.101.184.27","443","0","632","275332"
"15.393357","15.393357000","14.999296000","2299","52","10.0.0.2","40940","95.101.184.27","443","0","632","275576"
"15.393376","15.393376000","14.999315000","2300","52","10.0.0.2","40940","95.101.184.27","443","0","632","275820"
"15.393391","15.393391000","14.999330000","2301","52","10.0.0.2","40940","95.101.184.27","443","0","632","276064"
"15.393409","15.393409000","14.999348000","2302","52","10.0.0.2","40940","95.101.184.27","443","0","632","276308"
"15.393902","15.393902000","14.999841000","2303","296","95.101.184.27","443","10.0.0.2","40940","244","281920","632"
"15.393968","15.393968000","14.999907000","2304","296","95.101.184.27","443","10.0.0.2","40940","244","282164","632"
"15.394020","15.394020000","14.999959000","2305","296","95.101.184.27","443","10.0.0.2","40940","244","282408","632"
"15.394032","15.394032000","14.999971000","2306","296","95.101.184.27","443","10.0.0.2","40940","244","282652","632"
"15.394078","15.394078000","15.000017000","2307","296","95.101.184.27","443","10.0.0.2","40940","244","282896","632"
"15.394090","15.394090000","15.000029000","2308","296","95.101.184.27","443","10.0.0.2","40940","244","283140","632"
"15.455766","15.455766000","15.061705000","2309","52","10.0.0.2","40940","95.101.184.27","443","0","632","276552"
"15.455794","15.455794000","15.061733000","2310","52","10.0.0.2","40940","95.101.184.27","443","0","632","276796"
"15.455812","15.455812000","15.061751000","2311","52","10.0.0.2","40940","95.101.184.27","443","0","632","277040"
"15.455826","15.455826000","15.061765000","2312","52","10.0.0.2","40940","95.101.184.27","443","0","632","277284"
"15.455838","15.455838000","15.061777000","2313","52","10.0.0.2","40940","95.101.184.27","443","0","632","277528"
"15.456353","15.456353000","15.062292000","2314","296","95.101.184.27","443","10.0.0.2","40940","244","283384","632"
"15.456388","15.456388000","15.062327000","2315","296","95.101.184.27","443","10.0.0.2","40940","244","283628","632"
"15.456438","15.456438000","15.062377000","2316","296","95.101.184.27","443","10.0.0.2","40940","244","283872","632"
"15.456450","15.456450000","15.062389000","2317","296","95.101.184.27","443","10.0.0.2","40940","244","284116","632"
"15.456484","15.456484000","15.062423000","2318","296","95.101.184.27","443","10.0.0.2","40940","244","284360","632"
"15.518703","15.518703000","15.124642000","2319","52","10.0.0.2","40940","95.101.184.27","443","0","632","277772"
"15.518735","15.518735000","15.124674000","2320","52","10.0.0.2","40940","95.101.184.27","443","0","632","278016"
"15.518756","15.518756000","15.124695000","2321","52","10.0.0.2","40940","95.101.184.27","443","0","632","278016"
"15.518774","15.518774000","15.124713000","2322","52","10.0.0.2","40940","95.101.184.27","443","0","632","278016"
"15.518789","15.518789000","15.124728000","2323","52","10.0.0.2","40940","95.101.184.27","443","0","632","278016"
"15.519285","15.519285000","15.125224000","2324","296","95.101.184.27","443","10.0.0.2","40940","244","284604","632"
"15.519323","15.519323000","15.125262000","2325","296","95.101.184.27","443","10.0.0.2","40940","244","284848","632"
"15.519375","15.519375000","15.125314000","2326","296","95.101.184.27","443","10.0.0.2","40940","244","285092","632"
"15.519387","15.519387000","15.125326000","2327","296","95.101.184.27","443","10.0.0.2","40940","244","285336","632"
"15.519423","15.519423000","15.125362000","2328","296","95.101.184.27","443","10.0.0.2","40940","244","278016","632"
"15.580736","15.580736000","15.186675000","2329","52","10.0.0.2","40940","95.101.184.27","443","0","632","278016"
"15.580768","15.580768000","15.186707000","2330","52","10.0.0.2","40940","95.101.184.27","443","0","632","278016"
"15.580787","15.580787000","15.186726000","2331","52","10.0.0.2","40940","95.101.184.27","443","0","632","278016"
"15.580804","15.580804000","15.186743000","2332","52","10.0.0.2","40940","95.101.184.27","443","0","632","278016"
"15.580820","15.580820000","15.186759000","2333","52","10.0.0.2","40940","95.101.184.27","443","0","632","278016"
"15.581331","15.581331000","15.187270000","2334","296","95.101.184.27","443","10.0.0.2","40940","244","285580","632"
"15.581367","15.581367000","15.187306000","2335","296","95.101.184.27","443","10.0.0.2","40940","244","285824","632"
"15.581420","15.581420000","15.187359000","2336","296","95.101.184.27","443","10.0.0.2","40940","244","286068","632"
"15.581432","15.581432000","15.187371000","2337","296","95.101.184.27","443","10.0.0.2","40940","244","286312","632"
"15.643141","15.643141000","15.249080000","2338","52","10.0.0.2","40940","95.101.184.27","443","0","632","278016"
"15.643172","15.643172000","15.249111000","2339","52","10.0.0.2","40940","95.101.184.27","443","0","632","278016"
"15.643190","15.643190000","15.249129000","2340","52","10.0.0.2","40940","95.101.184.27","443","0","632","278016"
"15.643206","15.643206000","15.249145000","2341","52","10.0.0.2","40940","95.101.184.27","443","0","632","278016"
"15.643220","15.643220000","15.249159000","2342","52","10.0.0.2","40940","95.101.184.27","443","0","632","278016"
"15.643692","15.643692000","15.249631000","2343","296","95.101.184.27","443","10.0.0.2","40940","244","286556","632"
"15.643725","15.643725000","15.249664000","2344","296","95.101.184.27","443","10.0.0.2","40940","244","286800","632"
"15.643762","15.643762000","15.249701000","2345","296","95.101.184.27","443","10.0.0.2","40940","244","287044","632"
"15.705496","15.705496000","15.311435000","2346","52","10.0.0.2","40940","95.101.184.27","443","0","632","278016"
"15.705525","15.705525000","15.311464000","2347","52","10.0.0.2","40940","95.101.184.27","443","0","632","278016"
"15.705543","15.705543000","15.311482000","2348","52","10.0.0.2","40940","95.101.184.27","443","0","632","278016"
"15.705559","15.705559000","15.311498000","2349","52","10.0.0.2","40940","95.101.184.27","443","0","632","278016"
"15.705574","15.705574000","15.311513000","2350","52","10.0.0.2","40940","95.101.184.27","443","0","632","278016"
"15.705989","15.705989000","15.311928000","2351","296","95.101.184.27","443","10.0.0.2","40940","244","287288","632"
"15.706053","15.706053000","15.311992000","2352","296","95.101.184.27","443","10.0.0.2","40940","244","287532","632"
"15.706066","15.706066000","15.312005000","2353","296","95.101.184.27","443","10.0.0.2","40940","244","287776","632"
"15.706099","15.706099000","15.312038000","2354","296","95.101.184.27","443","10.0.0.2","40940","244","288020","632"
"15.768463","15.768463000","15.374402000","2355","52","10.0.0.2","40940","95.101.184.27","443","0","632","278016"
"15.768493","15.768493000","15.374432000","2356","52","10.0.0.2","40940","95.101.184.27","443","0","632","278016"
"15.768510","15.768510000","15.374449000","2357","52","10.0.0.2","40940","95.101.184.27","443","0","632","278016"
"15.768527","15.768527000","15.374466000","2358","52","10.0.0.2","40940","95.101.184.27","443","0","632","278016"
"15.768542","15.768542000","15.374481000","2359","52","10.0.0.2","40940","95.101.184.27","443","0","632","278016"
"15.769034","15.769034000","15.374973000","2360","296","95.101.184.27","443","10.0.0.2","40940","244","288264","632"
"15.769070","15.769070000","15.375009000","2361","296","95.101.184.27","443","10.0.0.2","40940","244","288508","632"
"15.769107","15.769107000","15.375046000","2362","296","95.101.184.27","443","10.0.0.2","40940","244","288752","632"
"15.830461","15.830461000","15.436400000","2363","52","10.0.0.2","40940","95.101.184.27","443","0","632","278016"
"15.830497","15.830497000","15.436436000","2364","52","10.0.0.2","40940","95.101.184.27","443","0","632","278016"
"15.830515","15.830515000","15.436454000","2365","52","10.0.0.2","40940","95.101.184.27","443","0","632","278016"
"15.830530","15.830530000","15.436469000","2366","52","10.0.0.2","40940","95.101.184.27","443","0","632","278016"
"15.830547","15.830547000","15.436486000","2367","52","10.0.0.2","40940","95.101.184.27","443","0","632","278016"
"15.831005","15.831005000","15.436944000","2368","296","95.101.184.27","443","10.0.0.2","40940","244","288996","632"
"15.831034","15.831034000","15.436973000","2369","296","95.101.184.27","443","10.0.0.2","40940","244","289240","632"
"15.831069","15.831069000","15.437008000","2370","296","95.101.184.27","443","10.0.0.2","40940","244","289484","632"
"15.893793","15.893793000","15.499732000","2371","52","10.0.0.2","40940","95.101.184.27","443","0","632","278016"
"15.893821","15.893821000","15.499760000","2372","52","10.0.0.2","40940","95.101.184.27","443","0","632","283140"
"15.893838","15.893838000","15.499777000","2373","52","10.0.0.2","40940","95.101.184.27","443","0","632","283140"
"15.893854","15.893854000","15.499793000","2374","52","10.0.0.2","40940","95.101.184.27","443","0","632","283140"
"15.893868","15.893868000","15.499807000","2375","52","10.0.0.2","40940","95.101.184.27","443","0","632","283140"
"15.894431","15.894431000","15.500370000","2376","296","95.101.184.27","443","10.0.0.2","40940","244","289728","632"
"15.894467","15.894467000","15.500406000","2377","296","95.101.184.27","443","10.0.0.2","40940","244","283140","632"
"15.894519","15.894519000","15.500458000","2378","296","95.101.184.27","443","10.0.0.2","40940","244","289972","632"
"15.894532","15.894532000","15.500471000","2379","296","95.101.184.27","443","10.0.0.2","40940","244","290216","632"
"15.894578","15.894578000","15.500517000","2380","296","95.101.184.27","443","10.0.0.2","40940","244","290460","632"
"15.894590","15.894590000","15.500529000","2381","296","95.101.184.27","443","10.0.0.2","40940","244","290704","632"
"15.955806","15.955806000","15.561745000","2382","52","10.0.0.2","40940","95.101.184.27","443","0","632","283140"
"15.955838","15.955838000","15.561777000","2383","52","10.0.0.2","40940","95.101.184.27","443","0","632","283140"
"15.955859","15.955859000","15.561798000","2384","52","10.0.0.2","40940","95.101.184.27","443","0","632","283140"
"15.955874","15.955874000","15.561813000","2385","52","10.0.0.2","40940","95.101.184.27","443","0","632","283140"
"15.955892","15.955892000","15.561831000","2386","52","10.0.0.2","40940","95.101.184.27","443","0","632","283140"
"15.956359","15.956359000","15.562298000","2387","296","95.101.184.27","443","10.0.0.2","40940","244","290948","632"
"15.956395","15.956395000","15.562334000","2388","296","95.101.184.27","443","10.0.0.2","40940","244","291192","632"
"15.956447","15.956447000","15.562386000","2389","296","95.101.184.27","443","10.0.0.2","40940","244","291436","632"
"15.956459","15.956459000","15.562398000","2390","296","95.101.184.27","443","10.0.0.2","40940","244","291680","632"
"15.956492","15.956492000","15.562431000","2391","296","95.101.184.27","443","10.0.0.2","40940","244","291924","632"
"16.018871","16.018871000","15.624810000","2392","52","10.0.0.2","40940","95.101.184.27","443","0","632","283140"
"16.018904","16.018904000","15.624843000","2393","52","10.0.0.2","40940","95.101.184.27","443","0","632","283140"
"16.018958","16.018958000","15.624897000","2394","52","10.0.0.2","40940","95.101.184.27","443","0","632","283140"
"16.018977","16.018977000","15.624916000","2395","52","10.0.0.2","40940","95.101.184.27","443","0","632","283140"
"16.018990","16.018990000","15.624929000","2396","52","10.0.0.2","40940","95.101.184.27","443","0","632","283140"
"16.019436","16.019436000","15.625375000","2397","296","95.101.184.27","443","10.0.0.2","40940","244","292168","632"
"16.019472","16.019472000","15.625411000","2398","296","95.101.184.27","443","10.0.0.2","40940","244","292412","632"
"16.019523","16.019523000","15.625462000","2399","296","95.101.184.27","443","10.0.0.2","40940","244","292656","632"
"16.019535","16.019535000","15.625474000","2400","296","95.101.184.27","443","10.0.0.2","40940","244","292900","632"
"16.019568","16.019568000","15.625507000","2401","296","95.101.184.27","443","10.0.0.2","40940","244","293144","632"
"16.080291","16.080291000","15.686230000","2402","52","10.0.0.2","40940","95.101.184.27","443","0","632","283140"
"16.080320","16.080320000","15.686259000","2403","52","10.0.0.2","40940","95.101.184.27","443","0","632","283140"
"16.080338","16.080338000","15.686277000","2404","52","10.0.0.2","40940","95.101.184.27","443","0","632","283140"
"16.080352","16.080352000","15.686291000","2405","52","10.0.0.2","40940","95.101.184.27","443","0","632","283140"
"16.080367","16.080367000","15.686306000","2406","52","10.0.0.2","40940","95.101.184.27","443","0","632","283140"
"16.080890","16.080890000","15.686829000","2407","296","95.101.184.27","443","10.0.0.2","40940","244","293388","632"
"16.080954","16.080954000","15.686893000","2408","296","95.101.184.27","443","10.0.0.2","40940","244","293632","632"
"16.081006","16.081006000","15.686945000","2409","296","95.101.184.27","443","10.0.0.2","40940","244","293876","632"
"16.081020","16.081020000","15.686959000","2410","296","95.101.184.27","443","10.0.0.2","40940","244","294120","632"
"16.081055","16.081055000","15.686994000","2411","296","95.101.184.27","443","10.0.0.2","40940","244","294364","632"
"16.143233","16.143233000","15.749172000","2412","52","10.0.0.2","40940","95.101.184.27","443","0","632","289972"
"16.143266","16.143266000","15.749205000","2413","52","10.0.0.2","40940","95.101.184.27","443","0","632","290216"
"16.143286","16.143286000","15.749225000","2414","52","10.0.0.2","40940","95.101.184.27","443","0","632","290460"
"16.143303","16.143303000","15.749242000","2415","52","10.0.0.2","40940","95.101.184.27","443","0","632","290704"
"16.143320","16.143320000","15.749259000","2416","52","10.0.0.2","40940","95.101.184.27","443","0","632","290948"
"16.143846","16.143846000","15.749785000","2417","296","95.101.184.27","443","10.0.0.2","40940","244","294608","632"
"16.143882","16.143882000","15.749821000","2418","296","95.101.184.27","443","10.0.0.2","40940","244","294852","632"
"16.143956","16.143956000","15.749895000","2419","296","95.101.184.27","443","10.0.0.2","40940","244","295096","632"
"16.143970","16.143970000","15.749909000","2420","296","95.101.184.27","443","10.0.0.2","40940","244","295340","632"
"16.144004","16.144004000","15.749943000","2421","296","95.101.184.27","443","10.0.0.2","40940","244","295584","632"
"16.205238","16.205238000","15.811177000","2422","52","10.0.0.2","40940","95.101.184.27","443","0","632","291192"
"16.205268","16.205268000","15.811207000","2423","52","10.0.0.2","40940","95.101.184.27","443","0","632","291436"
"16.205287","16.205287000","15.811226000","2424","52","10.0.0.2","40940","95.101.184.27","443","0","632","291680"
"16.205303","16.205303000","15.811242000","2425","52","10.0.0.2","40940","95.101.184.27","443","0","632","291924"
"16.205320","16.205320000","15.811259000","2426","52","10.0.0.2","40940","95.101.184.27","443","0","632","292168"
"16.205748","16.205748000","15.811687000","2427","296","95.101.184.27","443","10.0.0.2","40940","244","295828","632"
"16.205825","16.205825000","15.811764000","2428","296","95.101.184.27","443","10.0.0.2","40940","244","296072","632"
"16.205839","16.205839000","15.811778000","2429","296","95.101.184.27","443","10.0.0.2","40940","244","296316","632"
"16.205889","16.205889000","15.811828000","2430","296","95.101.184.27","443","10.0.0.2","40940","244","296560","632"
"16.205901","16.205901000","15.811840000","2431","296","95.101.184.27","443","10.0.0.2","40940","244","296804","632"
"16.205964","16.205964000","15.811903000","2432","296","95.101.184.27","443","10.0.0.2","40940","244","297048","632"
"16.268654","16.268654000","15.874593000","2433","52","10.0.0.2","40940","95.101.184.27","443","0","632","292412"
"16.268684","16.268684000","15.874623000","2434","52","10.0.0.2","40940","95.101.184.27","443","0","632","292656"
"16.268702","16.268702000","15.874641000","2435","52","10.0.0.2","40940","95.101.184.27","443","0","632","292900"
"16.268717","16.268717000","15.874656000","2436","52","10.0.0.2","40940","95.101.184.27","443","0","632","293144"
"16.268729","16.268729000","15.874668000","2437","52","10.0.0.2","40940","95.101.184.27","443","0","632","293388"
"16.269207","16.269207000","15.875146000","2438","296","95.101.184.27","443","10.0.0.2","40940","244","297292","632"
"16.269242","16.269242000","15.875181000","2439","296","95.101.184.27","443","10.0.0.2","40940","244","297536","632"
"16.269293","16.269293000","15.875232000","2440","296","95.101.184.27","443","10.0.0.2","40940","244","297780","632"
"16.269306","16.269306000","15.875245000","2441","296","95.101.184.27","443","10.0.0.2","40940","244","298024","632"
"16.269339","16.269339000","15.875278000","2442","296","95.101.184.27","443","10.0.0.2","40940","244","298268","632"
"16.330835","16.330835000","15.936774000","2443","52","10.0.0.2","40940","95.101.184.27","443","0","632","293632"
"16.330865","16.330865000","15.936804000","2444","52","10.0.0.2","40940","95.101.184.27","443","0","632","293876"
"16.330885","16.330885000","15.936824000","2445","52","10.0.0.2","40940","95.101.184.27","443","0","632","294120"
"16.330900","16.330900000","15.936839000","2446","52","10.0.0.2","40940","95.101.184.27","443","0","632","294364"
"16.330934","16.330934000","15.936873000","2447","52","10.0.0.2","40940","95.101.184.27","443","0","632","294608"
"16.331420","16.331420000","15.937359000","2448","296","95.101.184.27","443","10.0.0.2","40940","244","298512","632"
"16.331456","16.331456000","15.937395000","2449","296","95.101.184.27","443","10.0.0.2","40940","244","298756","632"
"16.331505","16.331505000","15.937444000","2450","296","95.101.184.27","443","10.0.0.2","40940","244","299000","632"
"16.331517","16.331517000","15.937456000","2451","296","95.101.184.27","443","10.0.0.2","40940","244","299244","632"
"16.331562","16.331562000","15.937501000","2452","296","95.101.184.27","443","10.0.0.2","40940","244","299488","632"
"16.331574","16.331574000","15.937513000","2453","296","95.101.184.27","443","10.0.0.2","40940","244","299732","632"
"16.393801","16.393801000","15.999740000","2454","52","10.0.0.2","40940","95.101.184.27","443","0","632","294852"
"16.393832","16.393832000","15.999771000","2455","52","10.0.0.2","40940","95.101.184.27","443","0","632","295096"
"16.393852","16.393852000","15.999791000","2456","52","10.0.0.2","40940","95.101.184.27","443","0","632","295340"
"16.393869","16.393869000","15.999808000","2457","52","10.0.0.2","40940","95.101.184.27","443","0","632","295584"
"16.393887","16.393887000","15.999826000","2458","52","10.0.0.2","40940","95.101.184.27","443","0","632","295828"
"16.394387","16.394387000","16.000326000","2459","296","95.101.184.27","443","10.0.0.2","40940","244","299976","632"
"16.394423","16.394423000","16.000362000","2460","296","95.101.184.27","443","10.0.0.2","40940","244","300220","632"
"16.394474","16.394474000","16.000413000","2461","296","95.101.184.27","443","10.0.0.2","40940","244","300464","632"
"16.394486","16.394486000","16.000425000","2462","296","95.101.184.27","443","10.0.0.2","40940","244","300708","632"
"16.394519","16.394519000","16.000458000","2463","296","95.101.184.27","443","10.0.0.2","40940","244","300952","632"
"16.455436","16.455436000","16.061375000","2464","52","10.0.0.2","40940","95.101.184.27","443","0","632","296072"
"16.455467","16.455467000","16.061406000","2465","52","10.0.0.2","40940","95.101.184.27","443","0","632","296316"
"16.455483","16.455483000","16.061422000","2466","52","10.0.0.2","40940","95.101.184.27","443","0","632","296560"
"16.455499","16.455499000","16.061438000","2467","52","10.0.0.2","40940","95.101.184.27","443","0","632","296804"
"16.455513","16.455513000","16.061452000","2468","52","10.0.0.2","40940","95.101.184.27","443","0","632","297048"
"16.456029","16.456029000","16.061968000","2469","296","95.101.184.27","443","10.0.0.2","40940","244","301196","632"
"16.456066","16.456066000","16.062005000","2470","296","95.101.184.27","443","10.0.0.2","40940","244","301440","632"
"16.456117","16.456117000","16.062056000","2471","296","95.101.184.27","443","10.0.0.2","40940","244","301684","632"
"16.456129","16.456129000","16.062068000","2472","296","95.101.184.27","443","10.0.0.2","40940","244","301928","632"
"16.456163","16.456163000","16.062102000","2473","296","95.101.184.27","443","10.0.0.2","40940","244","302172","632"
"16.518232","16.518232000","16.124171000","2474","52","10.0.0.2","40940","95.101.184.27","443","0","632","297292"
"16.518262","16.518262000","16.124201000","2475","52","10.0.0.2","40940","95.101.184.27","443","0","632","297536"
"16.518280","16.518280000","16.124219000","2476","52","10.0.0.2","40940","95.101.184.27","443","0","632","297780"
"16.518297","16.518297000","16.124236000","2477","52","10.0.0.2","40940","95.101.184.27","443","0","632","298024"
"16.518313","16.518313000","16.124252000","2478","52","10.0.0.2","40940","95.101.184.27","443","0","632","298268"
"16.518809","16.518809000","16.124748000","2479","296","95.101.184.27","443","10.0.0.2","40940","244","302416","632"
"16.518845","16.518845000","16.124784000","2480","296","95.101.184.27","443","10.0.0.2","40940","244","302660","632"
"16.518895","16.518895000","16.124834000","2481","296","95.101.184.27","443","10.0.0.2","40940","244","302904","632"
"16.518907","16.518907000","16.124846000","2482","296","95.101.184.27","443","10.0.0.2","40940","244","303148","632"
"16.518987","16.518987000","16.124926000","2483","296","95.101.184.27","443","10.0.0.2","40940","244","303392","632"
"16.519001","16.519001000","16.124940000","2484","296","95.101.184.27","443","10.0.0.2","40940","244","303636","632"
"16.580284","16.580284000","16.186223000","2485","52","10.0.0.2","40940","95.101.184.27","443","0","632","298512"
"16.580318","16.580318000","16.186257000","2486","52","10.0.0.2","40940","95.101.184.27","443","0","632","298756"
"16.580335","16.580335000","16.186274000","2487","52","10.0.0.2","40940","95.101.184.27","443","0","632","299000"
"16.580350","16.580350000","16.186289000","2488","52","10.0.0.2","40940","95.101.184.27","443","0","632","299244"
"16.580367","16.580367000","16.186306000","2489","52","10.0.0.2","40940","95.101.184.27","443","0","632","299488"
"16.580749","16.580749000","16.186688000","2490","296","95.101.184.27","443","10.0.0.2","40940","244","303880","632"
"16.580814","16.580814000","16.186753000","2491","296","95.101.184.27","443","10.0.0.2","40940","244","304124","632"
"16.580827","16.580827000","16.186766000","2492","296","95.101.184.27","443","10.0.0.2","40940","244","304368","632"
"16.580872","16.580872000","16.186811000","2493","296","95.101.184.27","443","10.0.0.2","40940","244","304612","632"
"16.580884","16.580884000","16.186823000","2494","296","95.101.184.27","443","10.0.0.2","40940","244","304856","632"
"16.643953","16.643953000","16.249892000","2495","52","10.0.0.2","40940","95.101.184.27","443","0","632","299732"
"16.644009","16.644009000","16.249948000","2496","52","10.0.0.2","40940","95.101.184.27","443","0","632","299976"
"16.644026","16.644026000","16.249965000","2497","52","10.0.0.2","40940","95.101.184.27","443","0","632","300220"
"16.644042","16.644042000","16.249981000","2498","52","10.0.0.2","40940","95.101.184.27","443","0","632","300464"
"16.644057","16.644057000","16.249996000","2499","52","10.0.0.2","40940","95.101.184.27","443","0","632","300708"
"16.644513","16.644513000","16.250452000","2500","296","95.101.184.27","443","10.0.0.2","40940","244","305100","632"
"16.644550","16.644550000","16.250489000","2501","296","95.101.184.27","443","10.0.0.2","40940","244","305344","632"
"16.644600","16.644600000","16.250539000","2502","296","95.101.184.27","443","10.0.0.2","40940","244","305588","632"
"16.644612","16.644612000","16.250551000","2503","296","95.101.184.27","443","10.0.0.2","40940","244","305832","632"
"16.644658","16.644658000","16.250597000","2504","296","95.101.184.27","443","10.0.0.2","40940","244","306076","632"
"16.644670","16.644670000","16.250609000","2505","296","95.101.184.27","443","10.0.0.2","40940","244","306320","632"
"16.705842","16.705842000","16.311781000","2506","52","10.0.0.2","40940","95.101.184.27","443","0","632","300952"
"16.705874","16.705874000","16.311813000","2507","52","10.0.0.2","40940","95.101.184.27","443","0","632","301196"
"16.705894","16.705894000","16.311833000","2508","52","10.0.0.2","40940","95.101.184.27","443","0","632","301440"
"16.705910","16.705910000","16.311849000","2509","52","10.0.0.2","40940","95.101.184.27","443","0","632","301684"
"16.705965","16.705965000","16.311904000","2510","52","10.0.0.2","40940","95.101.184.27","443","0","632","301928"
"16.706403","16.706403000","16.312342000","2511","296","95.101.184.27","443","10.0.0.2","40940","244","306564","632"
"16.706479","16.706479000","16.312418000","2512","296","95.101.184.27","443","10.0.0.2","40940","244","306808","632"
"16.706493","16.706493000","16.312432000","2513","296","95.101.184.27","443","10.0.0.2","40940","244","307052","632"
"16.706539","16.706539000","16.312478000","2514","296","95.101.184.27","443","10.0.0.2","40940","244","307296","632"
"16.706551","16.706551000","16.312490000","2515","296","95.101.184.27","443","10.0.0.2","40940","244","307540","632"
"16.768771","16.768771000","16.374710000","2516","52","10.0.0.2","40940","95.101.184.27","443","0","632","302172"
"16.768801","16.768801000","16.374740000","2517","52","10.0.0.2","40940","95.101.184.27","443","0","632","302416"
"16.768821","16.768821000","16.374760000","2518","52","10.0.0.2","40940","95.101.184.27","443","0","632","302660"
"16.768837","16.768837000","16.374776000","2519","52","10.0.0.2","40940","95.101.184.27","443","0","632","302904"
"16.768854","16.768854000","16.374793000","2520","52","10.0.0.2","40940","95.101.184.27","443","0","632","303148"
"16.769322","16.769322000","16.375261000","2521","296","95.101.184.27","443","10.0.0.2","40940","244","307784","632"
"16.769359","16.769359000","16.375298000","2522","296","95.101.184.27","443","10.0.0.2","40940","244","308028","632"
"16.769409","16.769409000","16.375348000","2523","296","95.101.184.27","443","10.0.0.2","40940","244","308272","632"
"16.769421","16.769421000","16.375360000","2524","296","95.101.184.27","443","10.0.0.2","40940","244","308516","632"
"16.769466","16.769466000","16.375405000","2525","296","95.101.184.27","443","10.0.0.2","40940","244","308760","632"
"16.769478","16.769478000","16.375417000","2526","296","95.101.184.27","443","10.0.0.2","40940","244","309004","632"
"16.830393","16.830393000","16.436332000","2527","52","10.0.0.2","40940","95.101.184.27","443","0","632","303392"
"16.830422","16.830422000","16.436361000","2528","52","10.0.0.2","40940","95.101.184.27","443","0","632","303636"
"16.830440","16.830440000","16.436379000","2529","52","10.0.0.2","40940","95.101.184.27","443","0","632","303880"
"16.830455","16.830455000","16.436394000","2530","52","10.0.0.2","40940","95.101.184.27","443","0","632","304124"
"16.830469","16.830469000","16.436408000","2531","52","10.0.0.2","40940","95.101.184.27","443","0","632","304368"
"16.831009","16.831009000","16.436948000","2532","296","95.101.184.27","443","10.0.0.2","40940","244","309248","632"
"16.831045","16.831045000","16.436984000","2533","296","95.101.184.27","443","10.0.0.2","40940","244","309492","632"
"16.831096","16.831096000","16.437035000","2534","296","95.101.184.27","443","10.0.0.2","40940","244","309736","632"
"16.831108","16.831108000","16.437047000","2535","296","95.101.184.27","443","10.0.0.2","40940","244","309980","632"
"16.831142","16.831142000","16.437081000","2536","296","95.101.184.27","443","10.0.0.2","40940","244","310224","632"
"16.893198","16.893198000","16.499137000","2537","52","10.0.0.2","40940","95.101.184.27","443","0","632","304612"
"16.893228","16.893228000","16.499167000","2538","52","10.0.0.2","40940","95.101.184.27","443","0","632","304856"
"16.893245","16.893245000","16.499184000","2539","52","10.0.0.2","40940","95.101.184.27","443","0","632","305100"
"16.893261","16.893261000","16.499200000","2540","52","10.0.0.2","40940","95.101.184.27","443","0","632","305344"
"16.893276","16.893276000","16.499215000","2541","52","10.0.0.2","40940","95.101.184.27","443","0","632","305588"
"16.893758","16.893758000","16.499697000","2542","296","95.101.184.27","443","10.0.0.2","40940","244","310468","632"
"16.893796","16.893796000","16.499735000","2543","296","95.101.184.27","443","10.0.0.2","40940","244","310712","632"
"16.893847","16.893847000","16.499786000","2544","296","95.101.184.27","443","10.0.0.2","40940","244","310956","632"
"16.893859","16.893859000","16.499798000","2545","296","95.101.184.27","443","10.0.0.2","40940","244","311200","632"
"16.893905","16.893905000","16.499844000","2546","296","95.101.184.27","443","10.0.0.2","40940","244","311444","632"
"16.893943","16.893943000","16.499882000","2547","296","95.101.184.27","443","10.0.0.2","40940","244","311688","632"
"16.955273","16.955273000","16.561212000","2548","52","10.0.0.2","40940","95.101.184.27","443","0","632","305832"
"16.955321","16.955321000","16.561260000","2549","52","10.0.0.2","40940","95.101.184.27","443","0","632","306076"
"16.955336","16.955336000","16.561275000","2550","52","10.0.0.2","40940","95.101.184.27","443","0","632","306320"
"16.955351","16.955351000","16.561290000","2551","52","10.0.0.2","40940","95.101.184.27","443","0","632","306564"
"16.955366","16.955366000","16.561305000","2552","52","10.0.0.2","40940","95.101.184.27","443","0","632","306808"
"16.955770","16.955770000","16.561709000","2553","296","95.101.184.27","443","10.0.0.2","40940","244","311932","632"
"16.955805","16.955805000","16.561744000","2554","296","95.101.184.27","443","10.0.0.2","40940","244","312176","632"
"16.955857","16.955857000","16.561796000","2555","296","95.101.184.27","443","10.0.0.2","40940","244","312420","632"
"16.955870","16.955870000","16.561809000","2556","296","95.101.184.27","443","10.0.0.2","40940","244","312664","632"
"16.955972","16.955972000","16.561911000","2557","296","95.101.184.27","443","10.0.0.2","40940","244","312908","632"
"17.018773","17.018773000","16.624712000","2558","52","10.0.0.2","40940","95.101.184.27","443","0","632","307052"
"17.018806","17.018806000","16.624745000","2559","52","10.0.0.2","40940","95.101.184.27","443","0","632","307296"
"17.018825","17.018825000","16.624764000","2560","52","10.0.0.2","40940","95.101.184.27","443","0","632","307540"
"17.018841","17.018841000","16.624780000","2561","52","10.0.0.2","40940","95.101.184.27","443","0","632","307784"
"17.018859","17.018859000","16.624798000","2562","52","10.0.0.2","40940","95.101.184.27","443","0","632","308028"
"17.019316","17.019316000","16.625255000","2563","296","95.101.184.27","443","10.0.0.2","40940","244","313152","632"
"17.019392","17.019392000","16.625331000","2564","296","95.101.184.27","443","10.0.0.2","40940","244","313396","632"
"17.019405","17.019405000","16.625344000","2565","296","95.101.184.27","443","10.0.0.2","40940","244","313640","632"
"17.019452","17.019452000","16.625391000","2566","296","95.101.184.27","443","10.0.0.2","40940","244","313884","632"
"17.019464","17.019464000","16.625403000","2567","296","95.101.184.27","443","10.0.0.2","40940","244","314128","632"
"17.080788","17.080788000","16.686727000","2568","52","10.0.0.2","40940","95.101.184.27","443","0","632","308272"
"17.080820","17.080820000","16.686759000","2569","52","10.0.0.2","40940","95.101.184.27","443","0","632","308516"
"17.080839","17.080839000","16.686778000","2570","52","10.0.0.2","40940","95.101.184.27","443","0","632","308760"
"17.080855","17.080855000","16.686794000","2571","52","10.0.0.2","40940","95.101.184.27","443","0","632","309004"
"17.080872","17.080872000","16.686811000","2572","52","10.0.0.2","40940","95.101.184.27","443","0","632","309248"
"17.081302","17.081302000","16.687241000","2573","296","95.101.184.27","443","10.0.0.2","40940","244","314372","632"
"17.081379","17.081379000","16.687318000","2574","296","95.101.184.27","443","10.0.0.2","40940","244","314616","632"
"17.081392","17.081392000","16.687331000","2575","296","95.101.184.27","443","10.0.0.2","40940","244","314860","632"
"17.081427","17.081427000","16.687366000","2576","296","95.101.184.27","443","10.0.0.2","40940","244","315104","632"
"17.081462","17.081462000","16.687401000","2577","296","95.101.184.27","443","10.0.0.2","40940","244","315348","632"
"17.143763","17.143763000","16.749702000","2578","52","10.0.0.2","40940","95.101.184.27","443","0","632","309492"
"17.143796","17.143796000","16.749735000","2579","52","10.0.0.2","40940","95.101.184.27","443","0","632","309736"
"17.143814","17.143814000","16.749753000","2580","52","10.0.0.2","40940","95.101.184.27","443","0","632","309980"
"17.143828","17.143828000","16.749767000","2581","52","10.0.0.2","40940","95.101.184.27","443","0","632","310224"
"17.143845","17.143845000","16.749784000","2582","52","10.0.0.2","40940","95.101.184.27","443","0","632","310468"
"17.144306","17.144306000","16.750245000","2583","296","95.101.184.27","443","10.0.0.2","40940","244","315592","632"
"17.144342","17.144342000","16.750281000","2584","296","95.101.184.27","443","10.0.0.2","40940","244","315836","632"
"17.144393","17.144393000","16.750332000","2585","296","95.101.184.27","443","10.0.0.2","40940","244","316080","632"
"17.144406","17.144406000","16.750345000","2586","296","95.101.184.27","443","10.0.0.2","40940","244","316324","632"
"17.144452","17.144452000","16.750391000","2587","296","95.101.184.27","443","10.0.0.2","40940","244","316568","632"
"17.144464","17.144464000","16.750403000","2588","296","95.101.184.27","443","10.0.0.2","40940","244","316812","632"
"17.205212","17.205212000","16.811151000","2589","52","10.0.0.2","40940","95.101.184.27","443","0","632","310712"
"17.205242","17.205242000","16.811181000","2590","52","10.0.0.2","40940","95.101.184.27","443","0","632","310956"
"17.205260","17.205260000","16.811199000","2591","52","10.0.0.2","40940","95.101.184.27","443","0","632","311200"
"17.205275","17.205275000","16.811214000","2592","52","10.0.0.2","40940","95.101.184.27","443","0","632","311444"
"17.205288","17.205288000","16.811227000","2593","52","10.0.0.2","40940","95.101.184.27","443","0","632","311688"
"17.205738","17.205738000","16.811677000","2594","296","95.101.184.27","443","10.0.0.2","40940","244","317056","632"
"17.205771","17.205771000","16.811710000","2595","296","95.101.184.27","443","10.0.0.2","40940","244","317300","632"
"17.205823","17.205823000","16.811762000","2596","296","95.101.184.27","443","10.0.0.2","40940","244","317544","632"
"17.205836","17.205836000","16.811775000","2597","296","95.101.184.27","443","10.0.0.2","40940","244","317788","632"
"17.205870","17.205870000","16.811809000","2598","296","95.101.184.27","443","10.0.0.2","40940","244","318032","632"
"17.268139","17.268139000","16.874078000","2599","52","10.0.0.2","40940","95.101.184.27","443","0","632","311932"
"17.268174","17.268174000","16.874113000","2600","52","10.0.0.2","40940","95.101.184.27","443","0","632","312176"
"17.268193","17.268193000","16.874132000","2601","52","10.0.0.2","40940","95.101.184.27","443","0","632","312420"
"17.268208","17.268208000","16.874147000","2602","52","10.0.0.2","40940","95.101.184.27","443","0","632","312664"
"17.268226","17.268226000","16.874165000","2603","52","10.0.0.2","40940","95.101.184.27","443","0","632","312908"
"17.268568","17.268568000","16.874507000","2604","296","95.101.184.27","443","10.0.0.2","40940","244","318276","632"
"17.268784","17.268784000","16.874723000","2605","296","95.101.184.27","443","10.0.0.2","40940","244","318520","632"
"17.268818","17.268818000","16.874757000","2606","296","95.101.184.27","443","10.0.0.2","40940","244","318764","632"
"17.268872","17.268872000","16.874811000","2607","296","95.101.184.27","443","10.0.0.2","40940","244","319008","632"
"17.268884","17.268884000","16.874823000","2608","296","95.101.184.27","443","10.0.0.2","40940","244","319252","632"
"17.330474","17.330474000","16.936413000","2609","52","10.0.0.2","40940","95.101.184.27","443","0","632","313152"
"17.330506","17.330506000","16.936445000","2610","52","10.0.0.2","40940","95.101.184.27","443","0","632","313396"
"17.330524","17.330524000","16.936463000","2611","52","10.0.0.2","40940","95.101.184.27","443","0","632","313640"
"17.330539","17.330539000","16.936478000","2612","52","10.0.0.2","40940","95.101.184.27","443","0","632","313884"
"17.330551","17.330551000","16.936490000","2613","52","10.0.0.2","40940","95.101.184.27","443","0","632","314128"
"17.331030","17.331030000","16.936969000","2614","296","95.101.184.27","443","10.0.0.2","40940","244","319496","632"
"17.331066","17.331066000","16.937005000","2615","296","95.101.184.27","443","10.0.0.2","40940","244","319740","632"
"17.331116","17.331116000","16.937055000","2616","296","95.101.184.27","443","10.0.0.2","40940","244","319984","632"
"17.331128","17.331128000","16.937067000","2617","296","95.101.184.27","443","10.0.0.2","40940","244","320228","632"
"17.331165","17.331165000","16.937104000","2618","296","95.101.184.27","443","10.0.0.2","40940","244","320472","632"
"17.393497","17.393497000","16.999436000","2619","52","10.0.0.2","40940","95.101.184.27","443","0","632","314372"
"17.393531","17.393531000","16.999470000","2620","52","10.0.0.2","40940","95.101.184.27","443","0","632","314616"
"17.393549","17.393549000","16.999488000","2621","52","10.0.0.2","40940","95.101.184.27","443","0","632","314860"
"17.393565","17.393565000","16.999504000","2622","52","10.0.0.2","40940","95.101.184.27","443","0","632","315104"
"17.393582","17.393582000","16.999521000","2623","52","10.0.0.2","40940","95.101.184.27","443","0","632","315348"
"17.394019","17.394019000","16.999958000","2624","296","95.101.184.27","443","10.0.0.2","40940","244","320716","632"
"17.394055","17.394055000","16.999994000","2625","296","95.101.184.27","443","10.0.0.2","40940","244","320960","632"
"17.394107","17.394107000","17.000046000","2626","296","95.101.184.27","443","10.0.0.2","40940","244","321204","632"
"17.394119","17.394119000","17.000058000","2627","296","95.101.184.27","443","10.0.0.2","40940","244","321448","632"
"17.394152","17.394152000","17.000091000","2628","296","95.101.184.27","443","10.0.0.2","40940","244","321692","632"
"17.455765","17.455765000","17.061704000","2629","52","10.0.0.2","40940","95.101.184.27","443","0","632","315592"
"17.455793","17.455793000","17.061732000","2630","52","10.0.0.2","40940","95.101.184.27","443","0","632","315836"
"17.455809","17.455809000","17.061748000","2631","52","10.0.0.2","40940","95.101.184.27","443","0","632","316080"
"17.455822","17.455822000","17.061761000","2632","52","10.0.0.2","40940","95.101.184.27","443","0","632","316324"
"17.455833","17.455833000","17.061772000","2633","52","10.0.0.2","40940","95.101.184.27","443","0","632","316568"
"17.456342","17.456342000","17.062281000","2634","296","95.101.184.27","443","10.0.0.2","40940","244","321936","632"
"17.456377","17.456377000","17.062316000","2635","296","95.101.184.27","443","10.0.0.2","40940","244","322180","632"
"17.456427","17.456427000","17.062366000","2636","296","95.101.184.27","443","10.0.0.2","40940","244","322424","632"
"17.456440","17.456440000","17.062379000","2637","296","95.101.184.27","443","10.0.0.2","40940","244","322668","632"
"17.456485","17.456485000","17.062424000","2638","296","95.101.184.27","443","10.0.0.2","40940","244","322912","632"
"17.456497","17.456497000","17.062436000","2639","296","95.101.184.27","443","10.0.0.2","40940","244","323156","632"
"17.518823","17.518823000","17.124762000","2640","52","10.0.0.2","40940","95.101.184.27","443","0","632","316812"
"17.518854","17.518854000","17.124793000","2641","52","10.0.0.2","40940","95.101.184.27","443","0","632","317056"
"17.518872","17.518872000","17.124811000","2642","52","10.0.0.2","40940","95.101.184.27","443","0","632","317300"
"17.518889","17.518889000","17.124828000","2643","52","10.0.0.2","40940","95.101.184.27","443","0","632","317544"
"17.519453","17.519453000","17.125392000","2644","296","95.101.184.27","443","10.0.0.2","40940","244","323400","632"
"17.519490","17.519490000","17.125429000","2645","296","95.101.184.27","443","10.0.0.2","40940","244","323644","632"
"17.519541","17.519541000","17.125480000","2646","296","95.101.184.27","443","10.0.0.2","40940","244","323888","632"
"17.519552","17.519552000","17.125491000","2647","296","95.101.184.27","443","10.0.0.2","40940","244","324132","632"
"17.580993","17.580993000","17.186932000","2648","52","10.0.0.2","40940","95.101.184.27","443","0","632","317788"
"17.581029","17.581029000","17.186968000","2649","52","10.0.0.2","40940","95.101.184.27","443","0","632","318032"
"17.581049","17.581049000","17.186988000","2650","52","10.0.0.2","40940","95.101.184.27","443","0","632","319008"
"17.581499","17.581499000","17.187438000","2651","296","95.101.184.27","443","10.0.0.2","40940","244","324376","632"
"17.581535","17.581535000","17.187474000","2652","296","95.101.184.27","443","10.0.0.2","40940","244","324620","632"
"17.581587","17.581587000","17.187526000","2653","296","95.101.184.27","443","10.0.0.2","40940","244","324864","632"
"17.581599","17.581599000","17.187538000","2654","296","95.101.184.27","443","10.0.0.2","40940","244","325108","632"
"17.581644","17.581644000","17.187583000","2655","296","95.101.184.27","443","10.0.0.2","40940","244","325352","632"
"17.581656","17.581656000","17.187595000","2656","296","95.101.184.27","443","10.0.0.2","40940","244","325596","632"
"17.644056","17.644056000","17.249995000","2657","52","10.0.0.2","40940","95.101.184.27","443","0","632","319496"
"17.644087","17.644087000","17.250026000","2658","52","10.0.0.2","40940","95.101.184.27","443","0","632","320228"
"17.644682","17.644682000","17.250621000","2659","296","95.101.184.27","443","10.0.0.2","40940","244","325840","632"
"17.644718","17.644718000","17.250657000","2660","296","95.101.184.27","443","10.0.0.2","40940","244","326084","632"
"17.644769","17.644769000","17.250708000","2661","296","95.101.184.27","443","10.0.0.2","40940","244","326328","632"
"17.644781","17.644781000","17.250720000","2662","296","95.101.184.27","443","10.0.0.2","40940","244","326572","632"
"17.644815","17.644815000","17.250754000","2663","296","95.101.184.27","443","10.0.0.2","40940","244","326816","632"
"17.705153","17.705153000","17.311092000","2664","52","10.0.0.2","40940","95.101.184.27","443","0","632","320716"
"17.705187","17.705187000","17.311126000","2665","52","10.0.0.2","40940","95.101.184.27","443","0","632","321448"
"17.705780","17.705780000","17.311719000","2666","296","95.101.184.27","443","10.0.0.2","40940","244","327060","632"
"17.705816","17.705816000","17.311755000","2667","296","95.101.184.27","443","10.0.0.2","40940","244","327304","632"
"17.705868","17.705868000","17.311807000","2668","296","95.101.184.27","443","10.0.0.2","40940","244","327548","632"
"17.705881","17.705881000","17.311820000","2669","296","95.101.184.27","443","10.0.0.2","40940","244","327792","632"
"17.705960","17.705960000","17.311899000","2670","296","95.101.184.27","443","10.0.0.2","40940","244","328036","632"
"17.768275","17.768275000","17.374214000","2671","52","10.0.0.2","40940","95.101.184.27","443","0","632","321936"
"17.768311","17.768311000","17.374250000","2672","52","10.0.0.2","40940","95.101.184.27","443","0","632","322668"
"17.768943","17.768943000","17.374882000","2673","296","95.101.184.27","443","10.0.0.2","40940","244","328280","632"
"17.768982","17.768982000","17.374921000","2674","296","95.101.184.27","443","10.0.0.2","40940","244","328524","632"
"17.769036","17.769036000","17.374975000","2675","296","95.101.184.27","443","10.0.0.2","40940","244","328768","632"
"17.769051","17.769051000","17.374990000","2676","296","95.101.184.27","443","10.0.0.2","40940","244","329012","632"
"17.769100","17.769100000","17.375039000","2677","296","95.101.184.27","443","10.0.0.2","40940","244","329256","632"
"17.769113","17.769113000","17.375052000","2678","296","95.101.184.27","443","10.0.0.2","40940","244","329500","632"
"17.830443","17.830443000","17.436382000","2679","52","10.0.0.2","40940","95.101.184.27","443","0","632","323156"
"17.830476","17.830476000","17.436415000","2680","52","10.0.0.2","40940","95.101.184.27","443","0","632","323156"
"17.830495","17.830495000","17.436434000","2681","52","10.0.0.2","40940","95.101.184.27","443","0","632","323156"
"17.830510","17.830510000","17.436449000","2682","52","10.0.0.2","40940","95.101.184.27","443","0","632","323156"
"17.831018","17.831018000","17.436957000","2683","296","95.101.184.27","443","10.0.0.2","40940","244","329744","632"
"17.831056","17.831056000","17.436995000","2684","296","95.101.184.27","443","10.0.0.2","40940","244","329988","632"
"17.831106","17.831106000","17.437045000","2685","296","95.101.184.27","443","10.0.0.2","40940","244","330232","632"
"17.831118","17.831118000","17.437057000","2686","296","95.101.184.27","443","10.0.0.2","40940","244","330476","632"
"17.831151","17.831151000","17.437090000","2687","296","95.101.184.27","443","10.0.0.2","40940","244","323156","632"
"17.893737","17.893737000","17.499676000","2688","52","10.0.0.2","40940","95.101.184.27","443","0","632","323156"
"17.893760","17.893760000","17.499699000","2689","52","10.0.0.2","40940","95.101.184.27","443","0","632","323156"
"17.893772","17.893772000","17.499711000","2690","52","10.0.0.2","40940","95.101.184.27","443","0","632","323156"
"17.893783","17.893783000","17.499722000","2691","52","10.0.0.2","40940","95.101.184.27","443","0","632","323156"
"17.893794","17.893794000","17.499733000","2692","52","10.0.0.2","40940","95.101.184.27","443","0","632","323156"
"17.894301","17.894301000","17.500240000","2693","296","95.101.184.27","443","10.0.0.2","40940","244","330720","632"
"17.894337","17.894337000","17.500276000","2694","296","95.101.184.27","443","10.0.0.2","40940","244","330964","632"
"17.894387","17.894387000","17.500326000","2695","296","95.101.184.27","443","10.0.0.2","40940","244","331208","632"
"17.894398","17.894398000","17.500337000","2696","296","95.101.184.27","443","10.0.0.2","40940","244","331452","632"
"17.955760","17.955760000","17.561699000","2697","52","10.0.0.2","40940","95.101.184.27","443","0","632","323156"
"17.955805","17.955805000","17.561744000","2698","52","10.0.0.2","40940","95.101.184.27","443","0","632","323156"
"17.955817","17.955817000","17.561756000","2699","52","10.0.0.2","40940","95.101.184.27","443","0","632","323156"
"17.955829","17.955829000","17.561768000","2700","52","10.0.0.2","40940","95.101.184.27","443","0","632","323156"
"17.955840","17.955840000","17.561779000","2701","52","10.0.0.2","40940","95.101.184.27","443","0","632","323156"
"17.956345","17.956345000","17.562284000","2702","296","95.101.184.27","443","10.0.0.2","40940","244","331696","632"
"17.956421","17.956421000","17.562360000","2703","296","95.101.184.27","443","10.0.0.2","40940","244","331940","632"
"17.956434","17.956434000","17.562373000","2704","296","95.101.184.27","443","10.0.0.2","40940","244","332184","632"
"18.018776","18.018776000","17.624715000","2705","52","10.0.0.2","40940","95.101.184.27","443","0","632","323156"
"18.018807","18.018807000","17.624746000","2706","52","10.0.0.2","40940","95.101.184.27","443","0","632","323156"
"18.018826","18.018826000","17.624765000","2707","52","10.0.0.2","40940","95.101.184.27","443","0","632","323156"
"18.018842","18.018842000","17.624781000","2708","52","10.0.0.2","40940","95.101.184.27","443","0","632","323156"
"18.018860","18.018860000","17.624799000","2709","52","10.0.0.2","40940","95.101.184.27","443","0","632","323156"
"18.019371","18.019371000","17.625310000","2710","296","95.101.184.27","443","10.0.0.2","40940","244","332428","632"
"18.019408","18.019408000","17.625347000","2711","296","95.101.184.27","443","10.0.0.2","40940","244","332672","632"
"18.019459","18.019459000","17.625398000","2712","296","95.101.184.27","443","10.0.0.2","40940","244","332916","632"
"18.019472","18.019472000","17.625411000","2713","296","95.101.184.27","443","10.0.0.2","40940","244","333160","632"
"18.080138","18.080138000","17.686077000","2714","52","10.0.0.2","40940","95.101.184.27","443","0","632","323156"
"18.080168","18.080168000","17.686107000","2715","52","10.0.0.2","40940","95.101.184.27","443","0","632","323156"
"18.080185","18.080185000","17.686124000","2716","52","10.0.0.2","40940","95.101.184.27","443","0","632","323156"
"18.080201","18.080201000","17.686140000","2717","52","10.0.0.2","40940","95.101.184.27","443","0","632","323156"
"18.080215","18.080215000","17.686154000","2718","52","10.0.0.2","40940","95.101.184.27","443","0","632","323156"
"18.080699","18.080699000","17.686638000","2719","296","95.101.184.27","443","10.0.0.2","40940","244","333404","632"
"18.080732","18.080732000","17.686671000","2720","296","95.101.184.27","443","10.0.0.2","40940","244","333648","632"
"18.080768","18.080768000","17.686707000","2721","296","95.101.184.27","443","10.0.0.2","40940","244","333892","632"
"18.143213","18.143213000","17.749152000","2722","52","10.0.0.2","40940","95.101.184.27","443","0","632","323156"
"18.143242","18.143242000","17.749181000","2723","52","10.0.0.2","40940","95.101.184.27","443","0","632","323156"
"18.143260","18.143260000","17.749199000","2724","52","10.0.0.2","40940","95.101.184.27","443","0","632","323156"
"18.143275","18.143275000","17.749214000","2725","52","10.0.0.2","40940","95.101.184.27","443","0","632","323156"
"18.143290","18.143290000","17.749229000","2726","52","10.0.0.2","40940","95.101.184.27","443","0","632","323156"
"18.143761","18.143761000","17.749700000","2727","296","95.101.184.27","443","10.0.0.2","40940","244","334136","632"
"18.143840","18.143840000","17.749779000","2728","296","95.101.184.27","443","10.0.0.2","40940","244","334380","632"
"18.143853","18.143853000","17.749792000","2729","296","95.101.184.27","443","10.0.0.2","40940","244","334624","632"
"18.205438","18.205438000","17.811377000","2730","52","10.0.0.2","40940","95.101.184.27","443","0","632","323156"
"18.205470","18.205470000","17.811409000","2731","52","10.0.0.2","40940","95.101.184.27","443","0","632","329500"
"18.205489","18.205489000","17.811428000","2732","52","10.0.0.2","40940","95.101.184.27","443","0","632","329500"
"18.205505","18.205505000","17.811444000","2733","52","10.0.0.2","40940","95.101.184.27","443","0","632","329500"
"18.205522","18.205522000","17.811461000","2734","52","10.0.0.2","40940","95.101.184.27","443","0","632","329500"
"18.205973","18.205973000","17.811912000","2735","296","95.101.184.27","443","10.0.0.2","40940","244","334868","632"
"18.206009","18.206009000","17.811948000","2736","296","95.101.184.27","443","10.0.0.2","40940","244","329500","632"
"18.206064","18.206064000","17.812003000","2737","296","95.101.184.27","443","10.0.0.2","40940","244","335112","632"
"18.206076","18.206076000","17.812015000","2738","296","95.101.184.27","443","10.0.0.2","40940","244","335356","632"
"18.206113","18.206113000","17.812052000","2739","296","95.101.184.27","443","10.0.0.2","40940","244","335600","632"
"18.268362","18.268362000","17.874301000","2740","52","10.0.0.2","40940","95.101.184.27","443","0","632","329500"
"18.268394","18.268394000","17.874333000","2741","52","10.0.0.2","40940","95.101.184.27","443","0","632","329500"
"18.268414","18.268414000","17.874353000","2742","52","10.0.0.2","40940","95.101.184.27","443","0","632","329500"
"18.268433","18.268433000","17.874372000","2743","52","10.0.0.2","40940","95.101.184.27","443","0","632","329500"
"18.268449","18.268449000","17.874388000","2744","52","10.0.0.2","40940","95.101.184.27","443","0","632","329500"
"18.268910","18.268910000","17.874849000","2745","296","95.101.184.27","443","10.0.0.2","40940","244","335844","632"
"18.268971","18.268971000","17.874910000","2746","296","95.101.184.27","443","10.0.0.2","40940","244","336088","632"
"18.269023","18.269023000","17.874962000","2747","296","95.101.184.27","443","10.0.0.2","40940","244","336332","632"
"18.269035","18.269035000","17.874974000","2748","296","95.101.184.27","443","10.0.0.2","40940","244","336576","632"
"18.269068","18.269068000","17.875007000","2749","296","95.101.184.27","443","10.0.0.2","40940","244","336820","632"
"18.330675","18.330675000","17.936614000","2750","52","10.0.0.2","40940","95.101.184.27","443","0","632","329500"
"18.330703","18.330703000","17.936642000","2751","52","10.0.0.2","40940","95.101.184.27","443","0","632","329500"
"18.330717","18.330717000","17.936656000","2752","52","10.0.0.2","40940","95.101.184.27","443","0","632","329500"
"18.330729","18.330729000","17.936668000","2753","52","10.0.0.2","40940","95.101.184.27","443","0","632","329500"
"18.330740","18.330740000","17.936679000","2754","52","10.0.0.2","40940","95.101.184.27","443","0","632","329500"
"18.331255","18.331255000","17.937194000","2755","296","95.101.184.27","443","10.0.0.2","40940","244","337064","632"
"18.331290","18.331290000","17.937229000","2756","296","95.101.184.27","443","10.0.0.2","40940","244","337308","632"
"18.331341","18.331341000","17.937280000","2757","296","95.101.184.27","443","10.0.0.2","40940","244","337552","632"
"18.331353","18.331353000","17.937292000","2758","296","95.101.184.27","443","10.0.0.2","40940","244","337796","632"
"18.331386","18.331386000","17.937325000","2759","296","95.101.184.27","443","10.0.0.2","40940","244","338040","632"
"18.393722","18.393722000","17.999661000","2760","52","10.0.0.2","40940","95.101.184.27","443","0","632","329500"
"18.393756","18.393756000","17.999695000","2761","52","10.0.0.2","40940","95.101.184.27","443","0","632","329500"
"18.393774","18.393774000","17.999713000","2762","52","10.0.0.2","40940","95.101.184.27","443","0","632","329500"
"18.393789","18.393789000","17.999728000","2763","52","10.0.0.2","40940","95.101.184.27","443","0","632","329500"
"18.393807","18.393807000","17.999746000","2764","52","10.0.0.2","40940","95.101.184.27","443","0","632","329500"
"18.394264","18.394264000","18.000203000","2765","296","95.101.184.27","443","10.0.0.2","40940","244","338284","632"
"18.394299","18.394299000","18.000238000","2766","296","95.101.184.27","443","10.0.0.2","40940","244","338528","632"
"18.394351","18.394351000","18.000290000","2767","296","95.101.184.27","443","10.0.0.2","40940","244","338772","632"
"18.394363","18.394363000","18.000302000","2768","296","95.101.184.27","443","10.0.0.2","40940","244","339016","632"
"18.394396","18.394396000","18.000335000","2769","296","95.101.184.27","443","10.0.0.2","40940","244","339260","632"
"18.455713","18.455713000","18.061652000","2770","52","10.0.0.2","40940","95.101.184.27","443","0","632","335112"
"18.455747","18.455747000","18.061686000","2771","52","10.0.0.2","40940","95.101.184.27","443","0","632","336332"
"18.456258","18.456258000","18.062197000","2772","296","95.101.184.27","443","10.0.0.2","40940","244","339504","632"
"18.456294","18.456294000","18.062233000","2773","296","95.101.184.27","443","10.0.0.2","40940","244","339748","632"
"18.456345","18.456345000","18.062284000","2774","296","95.101.184.27","443","10.0.0.2","40940","244","339992","632"
"18.456357","18.456357000","18.062296000","2775","296","95.101.184.27","443","10.0.0.2","40940","244","340236","632"
"18.456403","18.456403000","18.062342000","2776","296","95.101.184.27","443","10.0.0.2","40940","244","340480","632"
"18.456415","18.456415000","18.062354000","2777","296","95.101.184.27","443","10.0.0.2","40940","244","340724","632"
"18.456451","18.456451000","18.062390000","2778","296","95.101.184.27","443","10.0.0.2","40940","244","340968","632"
"18.518877","18.518877000","18.124816000","2779","52","10.0.0.2","40940","95.101.184.27","443","0","632","336820"
"18.518907","18.518907000","18.124846000","2780","52","10.0.0.2","40940","95.101.184.27","443","0","632","337308"
"18.519423","18.519423000","18.125362000","2781","296","95.101.184.27","443","10.0.0.2","40940","244","341212","632"
"18.519459","18.519459000","18.125398000","2782","296","95.101.184.27","443","10.0.0.2","40940","244","341456","632"
"18.519509","18.519509000","18.125448000","2783","296","95.101.184.27","443","10.0.0.2","40940","244","341700","632"
"18.519521","18.519521000","18.125460000","2784","296","95.101.184.27","443","10.0.0.2","40940","244","341944","632"
"18.519554","18.519554000","18.125493000","2785","296","95.101.184.27","443","10.0.0.2","40940","244","342188","632"
"18.580886","18.580886000","18.186825000","2786","52","10.0.0.2","40940","95.101.184.27","443","0","632","337552"
"18.580939","18.580939000","18.186878000","2787","52","10.0.0.2","40940","95.101.184.27","443","0","632","338040"
"18.580966","18.580966000","18.186905000","2788","52","10.0.0.2","40940","95.101.184.27","443","0","632","338528"
"18.581436","18.581436000","18.187375000","2789","296","95.101.184.27","443","10.0.0.2","40940","244","342432","632"
"18.581473","18.581473000","18.187412000","2790","296","95.101.184.27","443","10.0.0.2","40940","244","342676","632"
"18.581525","18.581525000","18.187464000","2791","296","95.101.184.27","443","10.0.0.2","40940","244","342920","632"
"18.581537","18.581537000","18.187476000","2792","296","95.101.184.27","443","10.0.0.2","40940","244","343164","632"
"18.581571","18.581571000","18.187510000","2793","296","95.101.184.27","443","10.0.0.2","40940","244","343408","632"
"18.643478","18.643478000","18.249417000","2794","52","10.0.0.2","40940","95.101.184.27","443","0","632","338772"
"18.643509","18.643509000","18.249448000","2795","52","10.0.0.2","40940","95.101.184.27","443","0","632","339260"
"18.643526","18.643526000","18.249465000","2796","52","10.0.0.2","40940","95.101.184.27","443","0","632","339992"
"18.644062","18.644062000","18.250001000","2797","296","95.101.184.27","443","10.0.0.2","40940","244","343652","632"
"18.644099","18.644099000","18.250038000","2798","296","95.101.184.27","443","10.0.0.2","40940","244","343896","632"
"18.644154","18.644154000","18.250093000","2799","296","95.101.184.27","443","10.0.0.2","40940","244","344140","632"
"18.644166","18.644166000","18.250105000","2800","296","95.101.184.27","443","10.0.0.2","40940","244","344384","632"
"18.644213","18.644213000","18.250152000","2801","296","95.101.184.27","443","10.0.0.2","40940","244","344628","632"
"18.644224","18.644224000","18.250163000","2802","296","95.101.184.27","443","10.0.0.2","40940","244","344872","632"
"18.644262","18.644262000","18.250201000","2803","296","95.101.184.27","443","10.0.0.2","40940","244","345116","632"
"18.705143","18.705143000","18.311082000","2804","52","10.0.0.2","40940","95.101.184.27","443","0","632","340480"
"18.705174","18.705174000","18.311113000","2805","52","10.0.0.2","40940","95.101.184.27","443","0","632","341212"
"18.705741","18.705741000","18.311680000","2806","296","95.101.184.27","443","10.0.0.2","40940","244","345360","632"
"18.705778","18.705778000","18.311717000","2807","296","95.101.184.27","443","10.0.0.2","40940","244","345604","632"
"18.705828","18.705828000","18.311767000","2808","296","95.101.184.27","443","10.0.0.2","40940","244","345848","632"
"18.705840","18.705840000","18.311779000","2809","296","95.101.184.27","443","10.0.0.2","40940","244","346092","632"
"18.705873","18.705873000","18.311812000","2810","296","95.101.184.27","443","10.0.0.2","40940","244","346336","632"
"18.768241","18.768241000","18.374180000","2811","52","10.0.0.2","40940","95.101.184.27","443","0","632","341700"
"18.768277","18.768277000","18.374216000","2812","52","10.0.0.2","40940","95.101.184.27","443","0","632","342432"
"18.768797","18.768797000","18.374736000","2813","296","95.101.184.27","443","10.0.0.2","40940","244","346580","632"
"18.768832","18.768832000","18.374771000","2814","296","95.101.184.27","443","10.0.0.2","40940","244","346824","632"
"18.768883","18.768883000","18.374822000","2815","296","95.101.184.27","443","10.0.0.2","40940","244","347068","632"
"18.768895","18.768895000","18.374834000","2816","296","95.101.184.27","443","10.0.0.2","40940","244","347312","632"
"18.768973","18.768973000","18.374912000","2817","296","95.101.184.27","443","10.0.0.2","40940","244","347556","632"
"18.768987","18.768987000","18.374926000","2818","296","95.101.184.27","443","10.0.0.2","40940","244","347800","632"
"18.830840","18.830840000","18.436779000","2819","52","10.0.0.2","40940","95.101.184.27","443","0","632","342920"
"18.830869","18.830869000","18.436808000","2820","52","10.0.0.2","40940","95.101.184.27","443","0","632","343652"
"18.831580","18.831580000","18.437519000","2821","296","95.101.184.27","443","10.0.0.2","40940","244","348044","632"
"18.831625","18.831625000","18.437564000","2822","296","95.101.184.27","443","10.0.0.2","40940","244","348288","632"
"18.831691","18.831691000","18.437630000","2823","296","95.101.184.27","443","10.0.0.2","40940","244","348532","632"
"18.831710","18.831710000","18.437649000","2824","296","95.101.184.27","443","10.0.0.2","40940","244","348776","632"
"18.831757","18.831757000","18.437696000","2825","296","95.101.184.27","443","10.0.0.2","40940","244","349020","632"
"18.893491","18.893491000","18.499430000","2826","52","10.0.0.2","40940","95.101.184.27","443","0","632","344140"
"18.893521","18.893521000","18.499460000","2827","52","10.0.0.2","40940","95.101.184.27","443","0","632","344872"
"18.894233","18.894233000","18.500172000","2828","296","95.101.184.27","443","10.0.0.2","40940","244","349264","632"
"18.894273","18.894273000","18.500212000","2829","296","95.101.184.27","443","10.0.0.2","40940","244","349508","632"
"18.894326","18.894326000","18.500265000","2830","296","95.101.184.27","443","10.0.0.2","40940","244","349752","632"
"18.894338","18.894338000","18.500277000","2831","296","95.101.184.27","443","10.0.0.2","40940","244","349996","632"
"18.894384","18.894384000","18.500323000","2832","296","95.101.184.27","443","10.0.0.2","40940","244","350240","632"
"18.894396","18.894396000","18.500335000","2833","296","95.101.184.27","443","10.0.0.2","40940","244","350484","632"
"18.955601","18.955601000","18.561540000","2834","52","10.0.0.2","40940","95.101.184.27","443","0","632","345360"
"18.955633","18.955633000","18.561572000","2835","52","10.0.0.2","40940","95.101.184.27","443","0","632","346092"
"18.956176","18.956176000","18.562115000","2836","296","95.101.184.27","443","10.0.0.2","40940","244","350728","632"
"18.956212","18.956212000","18.562151000","2837","296","95.101.184.27","443","10.0.0.2","40940","244","350972","632"
"18.956263","18.956263000","18.562202000","2838","296","95.101.184.27","443","10.0.0.2","40940","244","351216","632"
"18.956276","18.956276000","18.562215000","2839","296","95.101.184.27","443","10.0.0.2","40940","244","351460","632"
"18.956309","18.956309000","18.562248000","2840","296","95.101.184.27","443","10.0.0.2","40940","244","351704","632"
"19.018326","19.018326000","18.624265000","2841","52","10.0.0.2","40940","95.101.184.27","443","0","632","346580"
"19.018357","19.018357000","18.624296000","2842","52","10.0.0.2","40940","95.101.184.27","443","0","632","347312"
"19.018845","19.018845000","18.624784000","2843","296","95.101.184.27","443","10.0.0.2","40940","244","351948","632"
"19.018882","19.018882000","18.624821000","2844","296","95.101.184.27","443","10.0.0.2","40940","244","352192","632"
"19.018963","19.018963000","18.624902000","2845","296","95.101.184.27","443","10.0.0.2","40940","244","352436","632"
"19.018978","19.018978000","18.624917000","2846","296","95.101.184.27","443","10.0.0.2","40940","244","352680","632"
"19.019013","19.019013000","18.624952000","2847","296","95.101.184.27","443","10.0.0.2","40940","244","352924","632"
"19.080724","19.080724000","18.686663000","2848","52","10.0.0.2","40940","95.101.184.27","443","0","632","347800"
"19.080753","19.080753000","18.686692000","2849","52","10.0.0.2","40940","95.101.184.27","443","0","632","348288"
"19.081296","19.081296000","18.687235000","2850","296","95.101.184.27","443","10.0.0.2","40940","244","353168","632"
"19.081331","19.081331000","18.687270000","2851","296","95.101.184.27","443","10.0.0.2","40940","244","353412","632"
"19.081380","19.081380000","18.687319000","2852","296","95.101.184.27","443","10.0.0.2","40940","244","353656","632"
"19.081393","19.081393000","18.687332000","2853","296","95.101.184.27","443","10.0.0.2","40940","244","353900","632"
"19.081427","19.081427000","18.687366000","2854","296","95.101.184.27","443","10.0.0.2","40940","244","354144","632"
"19.143730","19.143730000","18.749669000","2855","52","10.0.0.2","40940","95.101.184.27","443","0","632","348532"
"19.143763","19.143763000","18.749702000","2856","52","10.0.0.2","40940","95.101.184.27","443","0","632","349020"
"19.143783","19.143783000","18.749722000","2857","52","10.0.0.2","40940","95.101.184.27","443","0","632","349508"
"19.144258","19.144258000","18.750197000","2858","296","95.101.184.27","443","10.0.0.2","40940","244","354388","632"
"19.144337","19.144337000","18.750276000","2859","296","95.101.184.27","443","10.0.0.2","40940","244","354632","632"
"19.144351","19.144351000","18.750290000","2860","296","95.101.184.27","443","10.0.0.2","40940","244","354876","632"
"19.144397","19.144397000","18.750336000","2861","296","95.101.184.27","443","10.0.0.2","40940","244","355120","632"
"19.144409","19.144409000","18.750348000","2862","296","95.101.184.27","443","10.0.0.2","40940","244","355364","632"
"19.205842","19.205842000","18.811781000","2863","52","10.0.0.2","40940","95.101.184.27","443","0","632","349752"
"19.205872","19.205872000","18.811811000","2864","52","10.0.0.2","40940","95.101.184.27","443","0","632","350240"
"19.205892","19.205892000","18.811831000","2865","52","10.0.0.2","40940","95.101.184.27","443","0","632","350972"
"19.206416","19.206416000","18.812355000","2866","296","95.101.184.27","443","10.0.0.2","40940","244","355608","632"
"19.206452","19.206452000","18.812391000","2867","296","95.101.184.27","443","10.0.0.2","40940","244","355852","632"
"19.206505","19.206505000","18.812444000","2868","296","95.101.184.27","443","10.0.0.2","40940","244","356096","632"
"19.206518","19.206518000","18.812457000","2869","296","95.101.184.27","443","10.0.0.2","40940","244","356340","632"
"19.206564","19.206564000","18.812503000","2870","296","95.101.184.27","443","10.0.0.2","40940","244","356584","632"
"19.206576","19.206576000","18.812515000","2871","296","95.101.184.27","443","10.0.0.2","40940","244","356828","632"
"19.206609","19.206609000","18.812548000","2872","296","95.101.184.27","443","10.0.0.2","40940","244","357072","632"
"19.268932","19.268932000","18.874871000","2873","52","10.0.0.2","40940","95.101.184.27","443","0","632","351460"
"19.268984","19.268984000","18.874923000","2874","52","10.0.0.2","40940","95.101.184.27","443","0","632","351948"
"19.269525","19.269525000","18.875464000","2875","296","95.101.184.27","443","10.0.0.2","40940","244","357316","632"
"19.269561","19.269561000","18.875500000","2876","296","95.101.184.27","443","10.0.0.2","40940","244","357560","632"
"19.269612","19.269612000","18.875551000","2877","296","95.101.184.27","443","10.0.0.2","40940","244","357804","632"
"19.269624","19.269624000","18.875563000","2878","296","95.101.184.27","443","10.0.0.2","40940","244","358048","632"
"19.330910","19.330910000","18.936849000","2879","52","10.0.0.2","40940","95.101.184.27","443","0","632","352192"
"19.330974","19.330974000","18.936913000","2880","52","10.0.0.2","40940","95.101.184.27","443","0","632","352680"
"19.330991","19.330991000","18.936930000","2881","52","10.0.0.2","40940","95.101.184.27","443","0","632","353168"
"19.331484","19.331484000","18.937423000","2882","296","95.101.184.27","443","10.0.0.2","40940","244","358292","632"
"19.331520","19.331520000","18.937459000","2883","296","95.101.184.27","443","10.0.0.2","40940","244","358536","632"
"19.331571","19.331571000","18.937510000","2884","296","95.101.184.27","443","10.0.0.2","40940","244","358780","632"
"19.331584","19.331584000","18.937523000","2885","296","95.101.184.27","443","10.0.0.2","40940","244","359024","632"
"19.331618","19.331618000","18.937557000","2886","296","95.101.184.27","443","10.0.0.2","40940","244","359268","632"
"19.393425","19.393425000","18.999364000","2887","52","10.0.0.2","40940","95.101.184.27","443","0","632","353412"
"19.393455","19.393455000","18.999394000","2888","52","10.0.0.2","40940","95.101.184.27","443","0","632","353900"
"19.393472","19.393472000","18.999411000","2889","52","10.0.0.2","40940","95.101.184.27","443","0","632","354632"
"19.393978","19.393978000","18.999917000","2890","296","95.101.184.27","443","10.0.0.2","40940","244","359512","632"
"19.394016","19.394016000","18.999955000","2891","296","95.101.184.27","443","10.0.0.2","40940","244","359756","632"
"19.394069","19.394069000","19.000008000","2892","296","95.101.184.27","443","10.0.0.2","40940","244","360000","632"
"19.394081","19.394081000","19.000020000","2893","296","95.101.184.27","443","10.0.0.2","40940","244","360244","632"
"19.394127","19.394127000","19.000066000","2894","296","95.101.184.27","443","10.0.0.2","40940","244","360488","632"
"19.394139","19.394139000","19.000078000","2895","296","95.101.184.27","443","10.0.0.2","40940","244","360732","632"
"19.455232","19.455232000","19.061171000","2896","52","10.0.0.2","40940","95.101.184.27","443","0","632","355120"
"19.455261","19.455261000","19.061200000","2897","52","10.0.0.2","40940","95.101.184.27","443","0","632","355852"
"19.455820","19.455820000","19.061759000","2898","296","95.101.184.27","443","10.0.0.2","40940","244","360976","632"
"19.455857","19.455857000","19.061796000","2899","296","95.101.184.27","443","10.0.0.2","40940","244","361220","632"
"19.455911","19.455911000","19.061850000","2900","296","95.101.184.27","443","10.0.0.2","40940","244","361464","632"
"19.455952","19.455952000","19.061891000","2901","296","95.101.184.27","443","10.0.0.2","40940","244","361708","632"
"19.456000","19.456000000","19.061939000","2902","296","95.101.184.27","443","10.0.0.2","40940","244","361952","632"
"19.456012","19.456012000","19.061951000","2903","296","95.101.184.27","443","10.0.0.2","40940","244","362196","632"
"19.518158","19.518158000","19.124097000","2904","52","10.0.0.2","40940","95.101.184.27","443","0","632","356340"
"19.518191","19.518191000","19.124130000","2905","52","10.0.0.2","40940","95.101.184.27","443","0","632","357072"
"19.518718","19.518718000","19.124657000","2906","296","95.101.184.27","443","10.0.0.2","40940","244","362440","632"
"19.518755","19.518755000","19.124694000","2907","296","95.101.184.27","443","10.0.0.2","40940","244","362684","632"
"19.518810","19.518810000","19.124749000","2908","296","95.101.184.27","443","10.0.0.2","40940","244","362928","632"
"19.518822","19.518822000","19.124761000","2909","296","95.101.184.27","443","10.0.0.2","40940","244","363172","632"
"19.518856","19.518856000","19.124795000","2910","296","95.101.184.27","443","10.0.0.2","40940","244","363416","632"
"19.580782","19.580782000","19.186721000","2911","52","10.0.0.2","40940","95.101.184.27","443","0","632","357560"
"19.580812","19.580812000","19.186751000","2912","52","10.0.0.2","40940","95.101.184.27","443","0","632","358292"
"19.581551","19.581551000","19.187490000","2913","296","95.101.184.27","443","10.0.0.2","40940","244","363660","632"
"19.581595","19.581595000","19.187534000","2914","296","95.101.184.27","443","10.0.0.2","40940","244","363904","632"
"19.581656","19.581656000","19.187595000","2915","296","95.101.184.27","443","10.0.0.2","40940","244","364148","632"
"19.581675","19.581675000","19.187614000","2916","296","95.101.184.27","443","10.0.0.2","40940","244","364392","632"
"19.581717","19.581717000","19.187656000","2917","296","95.101.184.27","443","10.0.0.2","40940","244","364636","632"
"19.643609","19.643609000","19.249548000","2918","52","10.0.0.2","40940","95.101.184.27","443","0","632","358780"
"19.643639","19.643639000","19.249578000","2919","52","10.0.0.2","40940","95.101.184.27","443","0","632","359512"
"19.644102","19.644102000","19.250041000","2920","296","95.101.184.27","443","10.0.0.2","40940","244","364880","632"
"19.644179","19.644179000","19.250118000","2921","296","95.101.184.27","443","10.0.0.2","40940","244","365124","632"
"19.644192","19.644192000","19.250131000","2922","296","95.101.184.27","443","10.0.0.2","40940","244","365368","632"
"19.644238","19.644238000","19.250177000","2923","296","95.101.184.27","443","10.0.0.2","40940","244","365612","632"
"19.644250","19.644250000","19.250189000","2924","296","95.101.184.27","443","10.0.0.2","40940","244","365856","632"
"19.705485","19.705485000","19.311424000","2925","52","10.0.0.2","40940","95.101.184.27","443","0","632","360000"
"19.705516","19.705516000","19.311455000","2926","52","10.0.0.2","40940","95.101.184.27","443","0","632","360732"
"19.706077","19.706077000","19.312016000","2927","296","95.101.184.27","443","10.0.0.2","40940","244","366100","632"
"19.706113","19.706113000","19.312052000","2928","296","95.101.184.27","443","10.0.0.2","40940","244","366344","632"
"19.706163","19.706163000","19.312102000","2929","296","95.101.184.27","443","10.0.0.2","40940","244","366588","632"
"19.706175","19.706175000","19.312114000","2930","296","95.101.184.27","443","10.0.0.2","40940","244","366832","632"
"19.706209","19.706209000","19.312148000","2931","296","95.101.184.27","443","10.0.0.2","40940","244","367076","632"
"19.768328","19.768328000","19.374267000","2932","52","10.0.0.2","40940","95.101.184.27","443","0","632","361220"
"19.768358","19.768358000","19.374297000","2933","52","10.0.0.2","40940","95.101.184.27","443","0","632","361952"
"19.768880","19.768880000","19.374819000","2934","296","95.101.184.27","443","10.0.0.2","40940","244","367320","632"
"19.768954","19.768954000","19.374893000","2935","296","95.101.184.27","443","10.0.0.2","40940","244","367564","632"
"19.769008","19.769008000","19.374947000","2936","296","95.101.184.27","443","10.0.0.2","40940","244","367808","632"
"19.769020","19.769020000","19.374959000","2937","296","95.101.184.27","443","10.0.0.2","40940","244","368052","632"
"19.769065","19.769065000","19.375004000","2938","296","95.101.184.27","443","10.0.0.2","40940","244","368296","632"
"19.769085","19.769085000","19.375024000","2939","296","95.101.184.27","443","10.0.0.2","40940","244","368540","632"
"19.830769","19.830769000","19.436708000","2940","52","10.0.0.2","40940","95.101.184.27","443","0","632","362440"
"19.830795","19.830795000","19.436734000","2941","52","10.0.0.2","40940","95.101.184.27","443","0","632","363172"
"19.831443","19.831443000","19.437382000","2942","296","95.101.184.27","443","10.0.0.2","40940","244","368784","632"
"19.831478","19.831478000","19.437417000","2943","296","95.101.184.27","443","10.0.0.2","40940","244","369028","632"
"19.831529","19.831529000","19.437468000","2944","296","95.101.184.27","443","10.0.0.2","40940","244","369272","632"
"19.831541","19.831541000","19.437480000","2945","296","95.101.184.27","443","10.0.0.2","40940","244","369516","632"
"19.831575","19.831575000","19.437514000","2946","296","95.101.184.27","443","10.0.0.2","40940","244","369760","632"
"19.893904","19.893904000","19.499843000","2947","52","10.0.0.2","40940","95.101.184.27","443","0","632","363660"
"19.893971","19.893971000","19.499910000","2948","52","10.0.0.2","40940","95.101.184.27","443","0","632","364392"
"19.894511","19.894511000","19.500450000","2949","296","95.101.184.27","443","10.0.0.2","40940","244","370004","632"
"19.894547","19.894547000","19.500486000","2950","296","95.101.184.27","443","10.0.0.2","40940","244","370248","632"
"19.894597","19.894597000","19.500536000","2951","296","95.101.184.27","443","10.0.0.2","40940","244","370492","632"
"19.894609","19.894609000","19.500548000","2952","296","95.101.184.27","443","10.0.0.2","40940","244","370736","632"
"19.894643","19.894643000","19.500582000","2953","296","95.101.184.27","443","10.0.0.2","40940","244","370980","632"
"19.955674","19.955674000","19.561613000","2954","52","10.0.0.2","40940","95.101.184.27","443","0","632","364880"
"19.955704","19.955704000","19.561643000","2955","52","10.0.0.2","40940","95.101.184.27","443","0","632","365612"
"19.956277","19.956277000","19.562216000","2956","296","95.101.184.27","443","10.0.0.2","40940","244","371224","632"
"19.956313","19.956313000","19.562252000","2957","296","95.101.184.27","443","10.0.0.2","40940","244","371468","632"
"19.956363","19.956363000","19.562302000","2958","296","95.101.184.27","443","10.0.0.2","40940","244","371712","632"
"19.956375","19.956375000","19.562314000","2959","296","95.101.184.27","443","10.0.0.2","40940","244","371956","632"
"19.956409","19.956409000","19.562348000","2960","296","95.101.184.27","443","10.0.0.2","40940","244","372200","632"
"20.018157","20.018157000","19.624096000","2961","52","10.0.0.2","40940","95.101.184.27","443","0","632","366100"
"20.018187","20.018187000","19.624126000","2962","52","10.0.0.2","40940","95.101.184.27","443","0","632","366832"
"20.018853","20.018853000","19.624792000","2963","296","95.101.184.27","443","10.0.0.2","40940","244","372444","632"
"20.018892","20.018892000","19.624831000","2964","296","95.101.184.27","443","10.0.0.2","40940","244","372688","632"
"20.018985","20.018985000","19.624924000","2965","296","95.101.184.27","443","10.0.0.2","40940","244","372932","632"
"20.018999","20.018999000","19.624938000","2966","296","95.101.184.27","443","10.0.0.2","40940","244","373176","632"
"20.019034","20.019034000","19.624973000","2967","296","95.101.184.27","443","10.0.0.2","40940","244","373420","632"
"20.080295","20.080295000","19.686234000","2968","52","10.0.0.2","40940","95.101.184.27","443","0","632","367320"
"20.080330","20.080330000","19.686269000","2969","52","10.0.0.2","40940","95.101.184.27","443","0","632","368052"
"20.080869","20.080869000","19.686808000","2970","296","95.101.184.27","443","10.0.0.2","40940","244","373664","632"
"20.080906","20.080906000","19.686845000","2971","296","95.101.184.27","443","10.0.0.2","40940","244","373908","632"
"20.080985","20.080985000","19.686924000","2972","296","95.101.184.27","443","10.0.0.2","40940","244","374152","632"
"20.080998","20.080998000","19.686937000","2973","296","95.101.184.27","443","10.0.0.2","40940","244","374396","632"
"20.081045","20.081045000","19.686984000","2974","296","95.101.184.27","443","10.0.0.2","40940","244","374640","632"
"20.081057","20.081057000","19.686996000","2975","296","95.101.184.27","443","10.0.0.2","40940","244","374884","632"
"20.143377","20.143377000","19.749316000","2976","52","10.0.0.2","40940","95.101.184.27","443","0","632","368540"
"20.143407","20.143407000","19.749346000","2977","52","10.0.0.2","40940","95.101.184.27","443","0","632","368540"
"20.143427","20.143427000","19.749366000","2978","52","10.0.0.2","40940","95.101.184.27","443","0","632","368540"
"20.143444","20.143444000","19.749383000","2979","52","10.0.0.2","40940","95.101.184.27","443","0","632","368540"
"20.143907","20.143907000","19.749846000","2980","296","95.101.184.27","443","10.0.0.2","40940","244","375128","632"
"20.143971","20.143971000","19.749910000","2981","296","95.101.184.27","443","10.0.0.2","40940","244","375372","632"
"20.144022","20.144022000","19.749961000","2982","296","95.101.184.27","443","10.0.0.2","40940","244","375616","632"
"20.144034","20.144034000","19.749973000","2983","296","95.101.184.27","443","10.0.0.2","40940","244","375860","632"
"20.144067","20.144067000","19.750006000","2984","296","95.101.184.27","443","10.0.0.2","40940","244","368540","632"
"20.205801","20.205801000","19.811740000","2985","52","10.0.0.2","40940","95.101.184.27","443","0","632","368540"
"20.205829","20.205829000","19.811768000","2986","52","10.0.0.2","40940","95.101.184.27","443","0","632","368540"
"20.205846","20.205846000","19.811785000","2987","52","10.0.0.2","40940","95.101.184.27","443","0","632","368540"
"20.205861","20.205861000","19.811800000","2988","52","10.0.0.2","40940","95.101.184.27","443","0","632","368540"
"20.205874","20.205874000","19.811813000","2989","52","10.0.0.2","40940","95.101.184.27","443","0","632","368540"
"20.206383","20.206383000","19.812322000","2990","296","95.101.184.27","443","10.0.0.2","40940","244","376104","632"
"20.206419","20.206419000","19.812358000","2991","296","95.101.184.27","443","10.0.0.2","40940","244","376348","632"
"20.206469","20.206469000","19.812408000","2992","296","95.101.184.27","443","10.0.0.2","40940","244","376592","632"
"20.206481","20.206481000","19.812420000","2993","296","95.101.184.27","443","10.0.0.2","40940","244","376836","632"
"20.268757","20.268757000","19.874696000","2994","52","10.0.0.2","40940","95.101.184.27","443","0","632","368540"
"20.268789","20.268789000","19.874728000","2995","52","10.0.0.2","40940","95.101.184.27","443","0","632","368540"
"20.268808","20.268808000","19.874747000","2996","52","10.0.0.2","40940","95.101.184.27","443","0","632","368540"
"20.268825","20.268825000","19.874764000","2997","52","10.0.0.2","40940","95.101.184.27","443","0","632","368540"
"20.268841","20.268841000","19.874780000","2998","52","10.0.0.2","40940","95.101.184.27","443","0","632","368540"
"20.269303","20.269303000","19.875242000","2999","296","95.101.184.27","443","10.0.0.2","40940","244","377080","632"
"20.269339","20.269339000","19.875278000","3000","296","95.101.184.27","443","10.0.0.2","40940","244","377324","632"
"20.269385","20.269385000","19.875324000","3001","296","95.101.184.27","443","10.0.0.2","40940","244","377568","632"
"20.330727","20.330727000","19.936666000","3002","52","10.0.0.2","40940","95.101.184.27","443","0","632","368540"
"20.330758","20.330758000","19.936697000","3003","52","10.0.0.2","40940","95.101.184.27","443","0","632","368540"
"20.330779","20.330779000","19.936718000","3004","52","10.0.0.2","40940","95.101.184.27","443","0","632","368540"
"20.330797","20.330797000","19.936736000","3005","52","10.0.0.2","40940","95.101.184.27","443","0","632","368540"
"20.330814","20.330814000","19.936753000","3006","52","10.0.0.2","40940","95.101.184.27","443","0","632","368540"
"20.331285","20.331285000","19.937224000","3007","296","95.101.184.27","443","10.0.0.2","40940","244","377812","632"
"20.331398","20.331398000","19.937337000","3008","296","95.101.184.27","443","10.0.0.2","40940","244","378056","632"
"20.331413","20.331413000","19.937352000","3009","296","95.101.184.27","443","10.0.0.2","40940","244","378300","632"
"20.331448","20.331448000","19.937387000","3010","296","95.101.184.27","443","10.0.0.2","40940","244","378544","632"
"20.393153","20.393153000","19.999092000","3011","52","10.0.0.2","40940","95.101.184.27","443","0","632","368540"
"20.393183","20.393183000","19.999122000","3012","52","10.0.0.2","40940","95.101.184.27","443","0","632","368540"
"20.393201","20.393201000","19.999140000","3013","52","10.0.0.2","40940","95.101.184.27","443","0","632","368540"
"20.393215","20.393215000","19.999154000","3014","52","10.0.0.2","40940","95.101.184.27","443","0","632","368540"
"20.393229","20.393229000","19.999168000","3015","52","10.0.0.2","40940","95.101.184.27","443","0","632","368540"
"20.393722","20.393722000","19.999661000","3016","296","95.101.184.27","443","10.0.0.2","40940","244","378788","632"
"20.393761","20.393761000","19.999700000","3017","296","95.101.184.27","443","10.0.0.2","40940","244","379032","632"
"20.393799","20.393799000","19.999738000","3018","296","95.101.184.27","443","10.0.0.2","40940","244","379276","632"
"20.456037","20.456037000","20.061976000","3019","52","10.0.0.2","40940","95.101.184.27","443","0","632","368540"
"20.456067","20.456067000","20.062006000","3020","52","10.0.0.2","40940","95.101.184.27","443","0","632","368540"
"20.456089","20.456089000","20.062028000","3021","52","10.0.0.2","40940","95.101.184.27","443","0","632","368540"
"20.456106","20.456106000","20.062045000","3022","52","10.0.0.2","40940","95.101.184.27","443","0","632","368540"
"20.456123","20.456123000","20.062062000","3023","52","10.0.0.2","40940","95.101.184.27","443","0","632","368540"
"20.456568","20.456568000","20.062507000","3024","296","95.101.184.27","443","10.0.0.2","40940","244","379520","632"
"20.456678","20.456678000","20.062617000","3025","296","95.101.184.27","443","10.0.0.2","40940","244","379764","632"
"20.456693","20.456693000","20.062632000","3026","296","95.101.184.27","443","10.0.0.2","40940","244","380008","632"
"20.519027","20.519027000","20.124966000","3027","52","10.0.0.2","40940","95.101.184.27","443","0","632","368540"
"20.519062","20.519062000","20.125001000","3028","52","10.0.0.2","40940","95.101.184.27","443","0","632","374884"
"20.519080","20.519080000","20.125019000","3029","52","10.0.0.2","40940","95.101.184.27","443","0","632","374884"
"20.519097","20.519097000","20.125036000","3030","52","10.0.0.2","40940","95.101.184.27","443","0","632","374884"
"20.519115","20.519115000","20.125054000","3031","52","10.0.0.2","40940","95.101.184.27","443","0","632","374884"
"20.519552","20.519552000","20.125491000","3032","296","95.101.184.27","443","10.0.0.2","40940","244","380252","632"
"20.519588","20.519588000","20.125527000","3033","296","95.101.184.27","443","10.0.0.2","40940","244","374884","632"
"20.519639","20.519639000","20.125578000","3034","296","95.101.184.27","443","10.0.0.2","40940","244","380496","632"
"20.519650","20.519650000","20.125589000","3035","296","95.101.184.27","443","10.0.0.2","40940","244","380740","632"
"20.519695","20.519695000","20.125634000","3036","296","95.101.184.27","443","10.0.0.2","40940","244","380984","632"
"20.519707","20.519707000","20.125646000","3037","296","95.101.184.27","443","10.0.0.2","40940","244","381228","632"
"20.580384","20.580384000","20.186323000","3038","52","10.0.0.2","40940","95.101.184.27","443","0","632","374884"
"20.580414","20.580414000","20.186353000","3039","52","10.0.0.2","40940","95.101.184.27","443","0","632","374884"
"20.580432","20.580432000","20.186371000","3040","52","10.0.0.2","40940","95.101.184.27","443","0","632","374884"
"20.580447","20.580447000","20.186386000","3041","52","10.0.0.2","40940","95.101.184.27","443","0","632","374884"
"20.580461","20.580461000","20.186400000","3042","52","10.0.0.2","40940","95.101.184.27","443","0","632","374884"
"20.580976","20.580976000","20.186915000","3043","296","95.101.184.27","443","10.0.0.2","40940","244","381472","632"
"20.581010","20.581010000","20.186949000","3044","296","95.101.184.27","443","10.0.0.2","40940","244","381716","632"
"20.581062","20.581062000","20.187001000","3045","296","95.101.184.27","443","10.0.0.2","40940","244","381960","632"
"20.581074","20.581074000","20.187013000","3046","296","95.101.184.27","443","10.0.0.2","40940","244","382204","632"
"20.643335","20.643335000","20.249274000","3047","52","10.0.0.2","40940","95.101.184.27","443","0","632","374884"
"20.643364","20.643364000","20.249303000","3048","52","10.0.0.2","40940","95.101.184.27","443","0","632","374884"
"20.643382","20.643382000","20.249321000","3049","52","10.0.0.2","40940","95.101.184.27","443","0","632","374884"
"20.643398","20.643398000","20.249337000","3050","52","10.0.0.2","40940","95.101.184.27","443","0","632","374884"
"20.643415","20.643415000","20.249354000","3051","52","10.0.0.2","40940","95.101.184.27","443","0","632","374884"
"20.643904","20.643904000","20.249843000","3052","296","95.101.184.27","443","10.0.0.2","40940","244","382448","632"
"20.643971","20.643971000","20.249910000","3053","296","95.101.184.27","443","10.0.0.2","40940","244","382692","632"
"20.644022","20.644022000","20.249961000","3054","296","95.101.184.27","443","10.0.0.2","40940","244","382936","632"
"20.644035","20.644035000","20.249974000","3055","296","95.101.184.27","443","10.0.0.2","40940","244","383180","632"
"20.644068","20.644068000","20.250007000","3056","296","95.101.184.27","443","10.0.0.2","40940","244","383424","632"
"20.705357","20.705357000","20.311296000","3057","52","10.0.0.2","40940","95.101.184.27","443","0","632","374884"
"20.705391","20.705391000","20.311330000","3058","52","10.0.0.2","40940","95.101.184.27","443","0","632","374884"
"20.705409","20.705409000","20.311348000","3059","52","10.0.0.2","40940","95.101.184.27","443","0","632","374884"
"20.705425","20.705425000","20.311364000","3060","52","10.0.0.2","40940","95.101.184.27","443","0","632","374884"
"20.705441","20.705441000","20.311380000","3061","52","10.0.0.2","40940","95.101.184.27","443","0","632","374884"
"20.705909","20.705909000","20.311848000","3062","296","95.101.184.27","443","10.0.0.2","40940","244","383668","632"
"20.705974","20.705974000","20.311913000","3063","296","95.101.184.27","443","10.0.0.2","40940","244","383912","632"
"20.706032","20.706032000","20.311971000","3064","296","95.101.184.27","443","10.0.0.2","40940","244","384156","632"
"20.706044","20.706044000","20.311983000","3065","296","95.101.184.27","443","10.0.0.2","40940","244","384400","632"
"20.706080","20.706080000","20.312019000","3066","296","95.101.184.27","443","10.0.0.2","40940","244","384644","632"
"20.768718","20.768718000","20.374657000","3067","52","10.0.0.2","40940","95.101.184.27","443","0","632","380496"
"20.768746","20.768746000","20.374685000","3068","52","10.0.0.2","40940","95.101.184.27","443","0","632","381472"
"20.769341","20.769341000","20.375280000","3069","296","95.101.184.27","443","10.0.0.2","40940","244","384888","632"
"20.769376","20.769376000","20.375315000","3070","296","95.101.184.27","443","10.0.0.2","40940","244","385132","632"
"20.769427","20.769427000","20.375366000","3071","296","95.101.184.27","443","10.0.0.2","40940","244","385376","632"
"20.769439","20.769439000","20.375378000","3072","296","95.101.184.27","443","10.0.0.2","40940","244","385620","632"
"20.769485","20.769485000","20.375424000","3073","296","95.101.184.27","443","10.0.0.2","40940","244","385864","632"
"20.769497","20.769497000","20.375436000","3074","296","95.101.184.27","443","10.0.0.2","40940","244","386108","632"
"20.830651","20.830651000","20.436590000","3075","52","10.0.0.2","40940","95.101.184.27","443","0","632","381960"
"20.830681","20.830681000","20.436620000","3076","52","10.0.0.2","40940","95.101.184.27","443","0","632","382692"
"20.831251","20.831251000","20.437190000","3077","296","95.101.184.27","443","10.0.0.2","40940","244","386352","632"
"20.831287","20.831287000","20.437226000","3078","296","95.101.184.27","443","10.0.0.2","40940","244","386596","632"
"20.831341","20.831341000","20.437280000","3079","296","95.101.184.27","443","10.0.0.2","40940","244","386840","632"
"20.831353","20.831353000","20.437292000","3080","296","95.101.184.27","443","10.0.0.2","40940","244","387084","632"
"20.831400","20.831400000","20.437339000","3081","296","95.101.184.27","443","10.0.0.2","40940","244","387328","632"
"20.831412","20.831412000","20.437351000","3082","296","95.101.184.27","443","10.0.0.2","40940","244","387572","632"
"20.893681","20.893681000","20.499620000","3083","52","10.0.0.2","40940","95.101.184.27","443","0","632","383180"
"20.893711","20.893711000","20.499650000","3084","52","10.0.0.2","40940","95.101.184.27","443","0","632","383912"
"20.894294","20.894294000","20.500233000","3085","296","95.101.184.27","443","10.0.0.2","40940","244","387816","632"
"20.894329","20.894329000","20.500268000","3086","296","95.101.184.27","443","10.0.0.2","40940","244","388060","632"
"20.894378","20.894378000","20.500317000","3087","296","95.101.184.27","443","10.0.0.2","40940","244","388304","632"
"20.894390","20.894390000","20.500329000","3088","296","95.101.184.27","443","10.0.0.2","40940","244","388548","632"
"20.894424","20.894424000","20.500363000","3089","296","95.101.184.27","443","10.0.0.2","40940","244","388792","632"
"20.956027","20.956027000","20.561966000","3090","52","10.0.0.2","40940","95.101.184.27","443","0","632","384400"
"20.956053","20.956053000","20.561992000","3091","52","10.0.0.2","40940","95.101.184.27","443","0","632","385132"
"20.956612","20.956612000","20.562551000","3092","296","95.101.184.27","443","10.0.0.2","40940","244","389036","632"
"20.956647","20.956647000","20.562586000","3093","296","95.101.184.27","443","10.0.0.2","40940","244","389280","632"
"20.956697","20.956697000","20.562636000","3094","296","95.101.184.27","443","10.0.0.2","40940","244","389524","632"
"20.956709","20.956709000","20.562648000","3095","296","95.101.184.27","443","10.0.0.2","40940","244","389768","632"
"20.956754","20.956754000","20.562693000","3096","296","95.101.184.27","443","10.0.0.2","40940","244","390012","632"
"20.956767","20.956767000","20.562706000","3097","296","95.101.184.27","443","10.0.0.2","40940","244","390256","632"
"21.018779","21.018779000","20.624718000","3098","52","10.0.0.2","40940","95.101.184.27","443","0","632","385620"
"21.018809","21.018809000","20.624748000","3099","52","10.0.0.2","40940","95.101.184.27","443","0","632","386108"
"21.019353","21.019353000","20.625292000","3100","296","95.101.184.27","443","10.0.0.2","40940","244","390500","632"
"21.019390","21.019390000","20.625329000","3101","296","95.101.184.27","443","10.0.0.2","40940","244","390744","632"
"21.019440","21.019440000","20.625379000","3102","296","95.101.184.27","443","10.0.0.2","40940","244","390988","632"
"21.019452","21.019452000","20.625391000","3103","296","95.101.184.27","443","10.0.0.2","40940","244","391232","632"
"21.080493","21.080493000","20.686432000","3104","52","10.0.0.2","40940","95.101.184.27","443","0","632","386352"
"21.080534","21.080534000","20.686473000","3105","52","10.0.0.2","40940","95.101.184.27","443","0","632","386840"
"21.080540","21.080540000","20.686479000","3106","52","10.0.0.2","40940","95.101.184.27","443","0","632","387572"
"21.080869","21.080869000","20.686808000","3107","296","95.101.184.27","443","10.0.0.2","40940","244","391476","632"
"21.080879","21.080879000","20.686818000","3108","296","95.101.184.27","443","10.0.0.2","40940","244","391720","632"
"21.080892","21.080892000","20.686831000","3109","296","95.101.184.27","443","10.0.0.2","40940","244","391964","632"
"21.080895","21.080895000","20.686834000","3110","296","95.101.184.27","443","10.0.0.2","40940","244","392208","632"
"21.080907","21.080907000","20.686846000","3111","296","95.101.184.27","443","10.0.0.2","40940","244","392452","632"
"21.080910","21.080910000","20.686849000","3112","296","95.101.184.27","443","10.0.0.2","40940","244","392696","632"
"21.080929","21.080929000","20.686868000","3113","296","95.101.184.27","443","10.0.0.2","40940","244","392940","632"
"21.143389","21.143389000","20.749328000","3114","52","10.0.0.2","40940","95.101.184.27","443","0","632","388060"
"21.143419","21.143419000","20.749358000","3115","52","10.0.0.2","40940","95.101.184.27","443","0","632","388792"
"21.143935","21.143935000","20.749874000","3116","296","95.101.184.27","443","10.0.0.2","40940","244","393184","632"
"21.143980","21.143980000","20.749919000","3117","296","95.101.184.27","443","10.0.0.2","40940","244","393428","632"
"21.144031","21.144031000","20.749970000","3118","296","95.101.184.27","443","10.0.0.2","40940","244","393672","632"
"21.144044","21.144044000","20.749983000","3119","296","95.101.184.27","443","10.0.0.2","40940","244","393916","632"
"21.144078","21.144078000","20.750017000","3120","296","95.101.184.27","443","10.0.0.2","40940","244","394160","632"
"21.205700","21.205700000","20.811639000","3121","52","10.0.0.2","40940","95.101.184.27","443","0","632","389280"
"21.205729","21.205729000","20.811668000","3122","52","10.0.0.2","40940","95.101.184.27","443","0","632","390012"
"21.206213","21.206213000","20.812152000","3123","296","95.101.184.27","443","10.0.0.2","40940","244","394404","632"
"21.206289","21.206289000","20.812228000","3124","296","95.101.184.27","443","10.0.0.2","40940","244","394648","632"
"21.206303","21.206303000","20.812242000","3125","296","95.101.184.27","443","10.0.0.2","40940","244","394892","632"
"21.206349","21.206349000","20.812288000","3126","296","95.101.184.27","443","10.0.0.2","40940","244","395136","632"
"21.206361","21.206361000","20.812300000","3127","296","95.101.184.27","443","10.0.0.2","40940","244","395380","632"
"21.268479","21.268479000","20.874418000","3128","52","10.0.0.2","40940","95.101.184.27","443","0","632","390500"
"21.268511","21.268511000","20.874450000","3129","52","10.0.0.2","40940","95.101.184.27","443","0","632","391232"
"21.269108","21.269108000","20.875047000","3130","296","95.101.184.27","443","10.0.0.2","40940","244","395624","632"
"21.269144","21.269144000","20.875083000","3131","296","95.101.184.27","443","10.0.0.2","40940","244","395868","632"
"21.269194","21.269194000","20.875133000","3132","296","95.101.184.27","443","10.0.0.2","40940","244","396112","632"
"21.269206","21.269206000","20.875145000","3133","296","95.101.184.27","443","10.0.0.2","40940","244","396356","632"
"21.269253","21.269253000","20.875192000","3134","296","95.101.184.27","443","10.0.0.2","40940","244","396600","632"
"21.269265","21.269265000","20.875204000","3135","296","95.101.184.27","443","10.0.0.2","40940","244","396844","632"
"21.330642","21.330642000","20.936581000","3136","52","10.0.0.2","40940","95.101.184.27","443","0","632","391720"
"21.330675","21.330675000","20.936614000","3137","52","10.0.0.2","40940","95.101.184.27","443","0","632","392452"
"21.331251","21.331251000","20.937190000","3138","296","95.101.184.27","443","10.0.0.2","40940","244","397088","632"
"21.331286","21.331286000","20.937225000","3139","296","95.101.184.27","443","10.0.0.2","40940","244","397332","632"
"21.331336","21.331336000","20.937275000","3140","296","95.101.184.27","443","10.0.0.2","40940","244","397576","632"
"21.331348","21.331348000","20.937287000","3141","296","95.101.184.27","443","10.0.0.2","40940","244","397820","632"
"21.331381","21.331381000","20.937320000","3142","296","95.101.184.27","443","10.0.0.2","40940","244","398064","632"
"21.393868","21.393868000","20.999807000","3143","52","10.0.0.2","40940","95.101.184.27","443","0","632","392940"
"21.393898","21.393898000","20.999837000","3144","52","10.0.0.2","40940","95.101.184.27","443","0","632","393672"
"21.394453","21.394453000","21.000392000","3145","296","95.101.184.27","443","10.0.0.2","40940","244","398308","632"
"21.394489","21.394489000","21.000428000","3146","296","95.101.184.27","443","10.0.0.2","40940","244","398552","632"
"21.394540","21.394540000","21.000479000","3147","296","95.101.184.27","443","10.0.0.2","40940","244","398796","632"
"21.394552","21.394552000","21.000491000","3148","296","95.101.184.27","443","10.0.0.2","40940","244","399040","632"
"21.394598","21.394598000","21.000537000","3149","296","95.101.184.27","443","10.0.0.2","40940","244","399284","632"
"21.394611","21.394611000","21.000550000","3150","296","95.101.184.27","443","10.0.0.2","40940","244","399528","632"
"21.455862","21.455862000","21.061801000","3151","52","10.0.0.2","40940","95.101.184.27","443","0","632","394160"
"21.455894","21.455894000","21.061833000","3152","52","10.0.0.2","40940","95.101.184.27","443","0","632","394892"
"21.456508","21.456508000","21.062447000","3153","296","95.101.184.27","443","10.0.0.2","40940","244","399772","632"
"21.456544","21.456544000","21.062483000","3154","296","95.101.184.27","443","10.0.0.2","40940","244","400016","632"
"21.456599","21.456599000","21.062538000","3155","296","95.101.184.27","443","10.0.0.2","40940","244","400260","632"
"21.456611","21.456611000","21.062550000","3156","296","95.101.184.27","443","10.0.0.2","40940","244","400504","632"
"21.456644","21.456644000","21.062583000","3157","296","95.101.184.27","443","10.0.0.2","40940","244","400748","632"
"21.518953","21.518953000","21.124892000","3158","52","10.0.0.2","40940","95.101.184.27","443","0","632","395380"
"21.518986","21.518986000","21.124925000","3159","52","10.0.0.2","40940","95.101.184.27","443","0","632","395868"
"21.519553","21.519553000","21.125492000","3160","296","95.101.184.27","443","10.0.0.2","40940","244","400992","632"
"21.519589","21.519589000","21.125528000","3161","296","95.101.184.27","443","10.0.0.2","40940","244","401236","632"
"21.519638","21.519638000","21.125577000","3162","296","95.101.184.27","443","10.0.0.2","40940","244","401480","632"
"21.519650","21.519650000","21.125589000","3163","296","95.101.184.27","443","10.0.0.2","40940","244","401724","632"
"21.580428","21.580428000","21.186367000","3164","52","10.0.0.2","40940","95.101.184.27","443","0","632","396112"
"21.580459","21.580459000","21.186398000","3165","52","10.0.0.2","40940","95.101.184.27","443","0","632","396600"
"21.580476","21.580476000","21.186415000","3166","52","10.0.0.2","40940","95.101.184.27","443","0","632","397332"
"21.581018","21.581018000","21.186957000","3167","296","95.101.184.27","443","10.0.0.2","40940","244","401968","632"
"21.581055","21.581055000","21.186994000","3168","296","95.101.184.27","443","10.0.0.2","40940","244","402212","632"
"21.581109","21.581109000","21.187048000","3169","296","95.101.184.27","443","10.0.0.2","40940","244","402456","632"
"21.581127","21.581127000","21.187066000","3170","296","95.101.184.27","443","10.0.0.2","40940","244","402700","632"
"21.581175","21.581175000","21.187114000","3171","296","95.101.184.27","443","10.0.0.2","40940","244","402944","632"
"21.581188","21.581188000","21.187127000","3172","296","95.101.184.27","443","10.0.0.2","40940","244","403188","632"
"21.581222","21.581222000","21.187161000","3173","296","95.101.184.27","443","10.0.0.2","40940","244","403432","632"
"21.643264","21.643264000","21.249203000","3174","52","10.0.0.2","40940","95.101.184.27","443","0","632","397820"
"21.643294","21.643294000","21.249233000","3175","52","10.0.0.2","40940","95.101.184.27","443","0","632","398552"
"21.643908","21.643908000","21.249847000","3176","296","95.101.184.27","443","10.0.0.2","40940","244","403676","632"
"21.643975","21.643975000","21.249914000","3177","296","95.101.184.27","443","10.0.0.2","40940","244","403920","632"
"21.644027","21.644027000","21.249966000","3178","296","95.101.184.27","443","10.0.0.2","40940","244","404164","632"
"21.644040","21.644040000","21.249979000","3179","296","95.101.184.27","443","10.0.0.2","40940","244","404408","632"
"21.644073","21.644073000","21.250012000","3180","296","95.101.184.27","443","10.0.0.2","40940","244","404652","632"
"21.705240","21.705240000","21.311179000","3181","52","10.0.0.2","40940","95.101.184.27","443","0","632","399040"
"21.705273","21.705273000","21.311212000","3182","52","10.0.0.2","40940","95.101.184.27","443","0","632","399772"
"21.705831","21.705831000","21.311770000","3183","296","95.101.184.27","443","10.0.0.2","40940","244","404896","632"
"21.705867","21.705867000","21.311806000","3184","296","95.101.184.27","443","10.0.0.2","40940","244","405140","632"
"21.705943","21.705943000","21.311882000","3185","296","95.101.184.27","443","10.0.0.2","40940","244","405384","632"
"21.705956","21.705956000","21.311895000","3186","296","95.101.184.27","443","10.0.0.2","40940","244","405628","632"
"21.705990","21.705990000","21.311929000","3187","296","95.101.184.27","443","10.0.0.2","40940","244","405872","632"
"21.768790","21.768790000","21.374729000","3188","52","10.0.0.2","40940","95.101.184.27","443","0","632","400260"
"21.768820","21.768820000","21.374759000","3189","52","10.0.0.2","40940","95.101.184.27","443","0","632","400992"
"21.769377","21.769377000","21.375316000","3190","296","95.101.184.27","443","10.0.0.2","40940","244","406116","632"
"21.769413","21.769413000","21.375352000","3191","296","95.101.184.27","443","10.0.0.2","40940","244","406360","632"
"21.769466","21.769466000","21.375405000","3192","296","95.101.184.27","443","10.0.0.2","40940","244","406604","632"
"21.769478","21.769478000","21.375417000","3193","296","95.101.184.27","443","10.0.0.2","40940","244","406848","632"
"21.769524","21.769524000","21.375463000","3194","296","95.101.184.27","443","10.0.0.2","40940","244","407092","632"
"21.769536","21.769536000","21.375475000","3195","296","95.101.184.27","443","10.0.0.2","40940","244","407336","632"
"21.830614","21.830614000","21.436553000","3196","52","10.0.0.2","40940","95.101.184.27","443","0","632","401480"
"21.830643","21.830643000","21.436582000","3197","52","10.0.0.2","40940","95.101.184.27","443","0","632","402212"
"21.831224","21.831224000","21.437163000","3198","296","95.101.184.27","443","10.0.0.2","40940","244","407580","632"
"21.831262","21.831262000","21.437201000","3199","296","95.101.184.27","443","10.0.0.2","40940","244","407824","632"
"21.831313","21.831313000","21.437252000","3200","296","95.101.184.27","443","10.0.0.2","40940","244","408068","632"
"21.831325","21.831325000","21.437264000","3201","296","95.101.184.27","443","10.0.0.2","40940","244","408312","632"
"21.831359","21.831359000","21.437298000","3202","296","95.101.184.27","443","10.0.0.2","40940","244","408556","632"
"21.893508","21.893508000","21.499447000","3203","52","10.0.0.2","40940","95.101.184.27","443","0","632","402700"
"21.893538","21.893538000","21.499477000","3204","52","10.0.0.2","40940","95.101.184.27","443","0","632","403432"
"21.894063","21.894063000","21.500002000","3205","296","95.101.184.27","443","10.0.0.2","40940","244","408800","632"
"21.894100","21.894100000","21.500039000","3206","296","95.101.184.27","443","10.0.0.2","40940","244","409044","632"
"21.894151","21.894151000","21.500090000","3207","296","95.101.184.27","443","10.0.0.2","40940","244","409288","632"
"21.894163","21.894163000","21.500102000","3208","296","95.101.184.27","443","10.0.0.2","40940","244","409532","632"
"21.894196","21.894196000","21.500135000","3209","296","95.101.184.27","443","10.0.0.2","40940","244","409776","632"
"21.955271","21.955271000","21.561210000","3210","52","10.0.0.2","40940","95.101.184.27","443","0","632","403920"
"21.955301","21.955301000","21.561240000","3211","52","10.0.0.2","40940","95.101.184.27","443","0","632","404652"
"21.955824","21.955824000","21.561763000","3212","296","95.101.184.27","443","10.0.0.2","40940","244","410020","632"
"21.955861","21.955861000","21.561800000","3213","296","95.101.184.27","443","10.0.0.2","40940","244","410264","632"
"21.955930","21.955930000","21.561869000","3214","296","95.101.184.27","443","10.0.0.2","40940","244","410508","632"
"21.955952","21.955952000","21.561891000","3215","296","95.101.184.27","443","10.0.0.2","40940","244","410752","632"
"21.955992","21.955992000","21.561931000","3216","296","95.101.184.27","443","10.0.0.2","40940","244","410996","632"
"22.018720","22.018720000","21.624659000","3217","52","10.0.0.2","40940","95.101.184.27","443","0","632","405140"
"22.018749","22.018749000","21.624688000","3218","52","10.0.0.2","40940","95.101.184.27","443","0","632","405628"
"22.019232","22.019232000","21.625171000","3219","296","95.101.184.27","443","10.0.0.2","40940","244","411240","632"
"22.019267","22.019267000","21.625206000","3220","296","95.101.184.27","443","10.0.0.2","40940","244","411484","632"
"22.019318","22.019318000","21.625257000","3221","296","95.101.184.27","443","10.0.0.2","40940","244","411728","632"
"22.019330","22.019330000","21.625269000","3222","296","95.101.184.27","443","10.0.0.2","40940","244","411972","632"
"22.081021","22.081021000","21.686960000","3223","52","10.0.0.2","40940","95.101.184.27","443","0","632","405872"
"22.081051","22.081051000","21.686990000","3224","52","10.0.0.2","40940","95.101.184.27","443","0","632","406360"
"22.081070","22.081070000","21.687009000","3225","52","10.0.0.2","40940","95.101.184.27","443","0","632","407092"
"22.081529","22.081529000","21.687468000","3226","296","95.101.184.27","443","10.0.0.2","40940","244","412216","632"
"22.081697","22.081697000","21.687636000","3227","296","95.101.184.27","443","10.0.0.2","40940","244","412460","632"
"22.081718","22.081718000","21.687657000","3228","296","95.101.184.27","443","10.0.0.2","40940","244","412704","632"
"22.081764","22.081764000","21.687703000","3229","296","95.101.184.27","443","10.0.0.2","40940","244","412948","632"
"22.081776","22.081776000","21.687715000","3230","296","95.101.184.27","443","10.0.0.2","40940","244","413192","632"
"22.081822","22.081822000","21.687761000","3231","296","95.101.184.27","443","10.0.0.2","40940","244","413436","632"
"22.081833","22.081833000","21.687772000","3232","296","95.101.184.27","443","10.0.0.2","40940","244","413680","632"
"22.143562","22.143562000","21.749501000","3233","52","10.0.0.2","40940","95.101.184.27","443","0","632","407580"
"22.143591","22.143591000","21.749530000","3234","52","10.0.0.2","40940","95.101.184.27","443","0","632","408312"
"22.144125","22.144125000","21.750064000","3235","296","95.101.184.27","443","10.0.0.2","40940","244","413924","632"
"22.144161","22.144161000","21.750100000","3236","296","95.101.184.27","443","10.0.0.2","40940","244","414168","632"
"22.144211","22.144211000","21.750150000","3237","296","95.101.184.27","443","10.0.0.2","40940","244","414412","632"
"22.144223","22.144223000","21.750162000","3238","296","95.101.184.27","443","10.0.0.2","40940","244","414656","632"
"22.144257","22.144257000","21.750196000","3239","296","95.101.184.27","443","10.0.0.2","40940","244","414900","632"
"22.205734","22.205734000","21.811673000","3240","52","10.0.0.2","40940","95.101.184.27","443","0","632","408800"
"22.205764","22.205764000","21.811703000","3241","52","10.0.0.2","40940","95.101.184.27","443","0","632","409288"
"22.206342","22.206342000","21.812281000","3242","296","95.101.184.27","443","10.0.0.2","40940","244","415144","632"
"22.206377","22.206377000","21.812316000","3243","296","95.101.184.27","443","10.0.0.2","40940","244","415388","632"
"22.206428","22.206428000","21.812367000","3244","296","95.101.184.27","443","10.0.0.2","40940","244","415632","632"
"22.206440","22.206440000","21.812379000","3245","296","95.101.184.27","443","10.0.0.2","40940","244","415876","632"
"22.268682","22.268682000","21.874621000","3246","52","10.0.0.2","40940","95.101.184.27","443","0","632","409532"
"22.268714","22.268714000","21.874653000","3247","52","10.0.0.2","40940","95.101.184.27","443","0","632","410020"
"22.268734","22.268734000","21.874673000","3248","52","10.0.0.2","40940","95.101.184.27","443","0","632","410752"
"22.269232","22.269232000","21.875171000","3249","296","95.101.184.27","443","10.0.0.2","40940","244","416120","632"
"22.269268","22.269268000","21.875207000","3250","296","95.101.184.27","443","10.0.0.2","40940","244","416364","632"
"22.269320","22.269320000","21.875259000","3251","296","95.101.184.27","443","10.0.0.2","40940","244","416608","632"
"22.269332","22.269332000","21.875271000","3252","296","95.101.184.27","443","10.0.0.2","40940","244","416852","632"
"22.269378","22.269378000","21.875317000","3253","296","95.101.184.27","443","10.0.0.2","40940","244","417096","632"
"22.269390","22.269390000","21.875329000","3254","296","95.101.184.27","443","10.0.0.2","40940","244","417340","632"
"22.330810","22.330810000","21.936749000","3255","52","10.0.0.2","40940","95.101.184.27","443","0","632","411240"
"22.330843","22.330843000","21.936782000","3256","52","10.0.0.2","40940","95.101.184.27","443","0","632","411972"
"22.331417","22.331417000","21.937356000","3257","296","95.101.184.27","443","10.0.0.2","40940","244","417584","632"
"22.331452","22.331452000","21.937391000","3258","296","95.101.184.27","443","10.0.0.2","40940","244","417828","632"
"22.331506","22.331506000","21.937445000","3259","296","95.101.184.27","443","10.0.0.2","40940","244","418072","632"
"22.331518","22.331518000","21.937457000","3260","296","95.101.184.27","443","10.0.0.2","40940","244","418316","632"
"22.331552","22.331552000","21.937491000","3261","296","95.101.184.27","443","10.0.0.2","40940","244","418560","632"
"22.393266","22.393266000","21.999205000","3262","52","10.0.0.2","40940","95.101.184.27","443","0","632","412460"
"22.393297","22.393297000","21.999236000","3263","52","10.0.0.2","40940","95.101.184.27","443","0","632","413192"
"22.394042","22.394042000","21.999981000","3264","296","95.101.184.27","443","10.0.0.2","40940","244","418804","632"
"22.394080","22.394080000","22.000019000","3265","296","95.101.184.27","443","10.0.0.2","40940","244","419048","632"
"22.394136","22.394136000","22.000075000","3266","296","95.101.184.27","443","10.0.0.2","40940","244","419292","632"
"22.394148","22.394148000","22.000087000","3267","296","95.101.184.27","443","10.0.0.2","40940","244","419536","632"
"22.394196","22.394196000","22.000135000","3268","296","95.101.184.27","443","10.0.0.2","40940","244","419780","632"
"22.394208","22.394208000","22.000147000","3269","296","95.101.184.27","443","10.0.0.2","40940","244","420024","632"
"22.455403","22.455403000","22.061342000","3270","52","10.0.0.2","40940","95.101.184.27","443","0","632","413680"
"22.455435","22.455435000","22.061374000","3271","52","10.0.0.2","40940","95.101.184.27","443","0","632","413680"
"22.455455","22.455455000","22.061394000","3272","52","10.0.0.2","40940","95.101.184.27","443","0","632","413680"
"22.455473","22.455473000","22.061412000","3273","52","10.0.0.2","40940","95.101.184.27","443","0","632","413680"
"22.455943","22.455943000","22.061882000","3274","296","95.101.184.27","443","10.0.0.2","40940","244","420268","632"
"22.455983","22.455983000","22.061922000","3275","296","95.101.184.27","443","10.0.0.2","40940","244","420512","632"
"22.456033","22.456033000","22.061972000","3276","296","95.101.184.27","443","10.0.0.2","40940","244","420756","632"
"22.456045","22.456045000","22.061984000","3277","296","95.101.184.27","443","10.0.0.2","40940","244","421000","632"
"22.456077","22.456077000","22.062016000","3278","296","95.101.184.27","443","10.0.0.2","40940","244","413680","632"
"22.518278","22.518278000","22.124217000","3279","52","10.0.0.2","40940","95.101.184.27","443","0","632","413680"
"22.518311","22.518311000","22.124250000","3280","52","10.0.0.2","40940","95.101.184.27","443","0","632","413680"
"22.518330","22.518330000","22.124269000","3281","52","10.0.0.2","40940","95.101.184.27","443","0","632","413680"
"22.518348","22.518348000","22.124287000","3282","52","10.0.0.2","40940","95.101.184.27","443","0","632","413680"
"22.518363","22.518363000","22.124302000","3283","52","10.0.0.2","40940","95.101.184.27","443","0","632","413680"
"22.518814","22.518814000","22.124753000","3284","296","95.101.184.27","443","10.0.0.2","40940","244","421244","632"
"22.518850","22.518850000","22.124789000","3285","296","95.101.184.27","443","10.0.0.2","40940","244","421488","632"
"22.518899","22.518899000","22.124838000","3286","296","95.101.184.27","443","10.0.0.2","40940","244","421732","632"
"22.518911","22.518911000","22.124850000","3287","296","95.101.184.27","443","10.0.0.2","40940","244","421976","632"
"22.580843","22.580843000","22.186782000","3288","52","10.0.0.2","40940","95.101.184.27","443","0","632","413680"
"22.580873","22.580873000","22.186812000","3289","52","10.0.0.2","40940","95.101.184.27","443","0","632","413680"
"22.580891","22.580891000","22.186830000","3290","52","10.0.0.2","40940","95.101.184.27","443","0","632","413680"
"22.580906","22.580906000","22.186845000","3291","52","10.0.0.2","40940","95.101.184.27","443","0","632","413680"
"22.580961","22.580961000","22.186900000","3292","52","10.0.0.2","40940","95.101.184.27","443","0","632","413680"
"22.581434","22.581434000","22.187373000","3293","296","95.101.184.27","443","10.0.0.2","40940","244","422220","632"
"22.581471","22.581471000","22.187410000","3294","296","95.101.184.27","443","10.0.0.2","40940","244","422464","632"
"22.581509","22.581509000","22.187448000","3295","296","95.101.184.27","443","10.0.0.2","40940","244","422708","632"
"22.643769","22.643769000","22.249708000","3296","52","10.0.0.2","40940","95.101.184.27","443","0","632","413680"
"22.643800","22.643800000","22.249739000","3297","52","10.0.0.2","40940","95.101.184.27","443","0","632","413680"
"22.643820","22.643820000","22.249759000","3298","52","10.0.0.2","40940","95.101.184.27","443","0","632","413680"
"22.643836","22.643836000","22.249775000","3299","52","10.0.0.2","40940","95.101.184.27","443","0","632","413680"
"22.643851","22.643851000","22.249790000","3300","52","10.0.0.2","40940","95.101.184.27","443","0","632","413680"
"22.644310","22.644310000","22.250249000","3301","296","95.101.184.27","443","10.0.0.2","40940","244","422952","632"
"22.644386","22.644386000","22.250325000","3302","296","95.101.184.27","443","10.0.0.2","40940","244","423196","632"
"22.644399","22.644399000","22.250338000","3303","296","95.101.184.27","443","10.0.0.2","40940","244","423440","632"
"22.644433","22.644433000","22.250372000","3304","296","95.101.184.27","443","10.0.0.2","40940","244","423684","632"
"22.705810","22.705810000","22.311749000","3305","52","10.0.0.2","40940","95.101.184.27","443","0","632","413680"
"22.705841","22.705841000","22.311780000","3306","52","10.0.0.2","40940","95.101.184.27","443","0","632","413680"
"22.705861","22.705861000","22.311800000","3307","52","10.0.0.2","40940","95.101.184.27","443","0","632","413680"
"22.705882","22.705882000","22.311821000","3308","52","10.0.0.2","40940","95.101.184.27","443","0","632","413680"
"22.705900","22.705900000","22.311839000","3309","52","10.0.0.2","40940","95.101.184.27","443","0","632","413680"
"22.706399","22.706399000","22.312338000","3310","296","95.101.184.27","443","10.0.0.2","40940","244","423928","632"
"22.706433","22.706433000","22.312372000","3311","296","95.101.184.27","443","10.0.0.2","40940","244","424172","632"
"22.706471","22.706471000","22.312410000","3312","296","95.101.184.27","443","10.0.0.2","40940","244","424416","632"
"22.768269","22.768269000","22.374208000","3313","52","10.0.0.2","40940","95.101.184.27","443","0","632","413680"
"22.768299","22.768299000","22.374238000","3314","52","10.0.0.2","40940","95.101.184.27","443","0","632","413680"
"22.768316","22.768316000","22.374255000","3315","52","10.0.0.2","40940","95.101.184.27","443","0","632","413680"
"22.768331","22.768331000","22.374270000","3316","52","10.0.0.2","40940","95.101.184.27","443","0","632","413680"
"22.768344","22.768344000","22.374283000","3317","52","10.0.0.2","40940","95.101.184.27","443","0","632","413680"
"22.768815","22.768815000","22.374754000","3318","296","95.101.184.27","443","10.0.0.2","40940","244","424660","632"
"22.768853","22.768853000","22.374792000","3319","296","95.101.184.27","443","10.0.0.2","40940","244","424904","632"
"22.768895","22.768895000","22.374834000","3320","296","95.101.184.27","443","10.0.0.2","40940","244","425148","632"
"22.830146","22.830146000","22.436085000","3321","52","10.0.0.2","40940","95.101.184.27","443","0","632","413680"
"22.830178","22.830178000","22.436117000","3322","52","10.0.0.2","40940","95.101.184.27","443","0","632","420024"
"22.830198","22.830198000","22.436137000","3323","52","10.0.0.2","40940","95.101.184.27","443","0","632","420024"
"22.830215","22.830215000","22.436154000","3324","52","10.0.0.2","40940","95.101.184.27","443","0","632","420024"
"22.830232","22.830232000","22.436171000","3325","52","10.0.0.2","40940","95.101.184.27","443","0","632","420024"
"22.830668","22.830668000","22.436607000","3326","296","95.101.184.27","443","10.0.0.2","40940","244","425392","632"
"22.830705","22.830705000","22.436644000","3327","296","95.101.184.27","443","10.0.0.2","40940","244","420024","632"
"22.830761","22.830761000","22.436700000","3328","296","95.101.184.27","443","10.0.0.2","40940","244","425636","632"
"22.830773","22.830773000","22.436712000","3329","296","95.101.184.27","443","10.0.0.2","40940","244","425880","632"
"22.830820","22.830820000","22.436759000","3330","296","95.101.184.27","443","10.0.0.2","40940","244","426124","632"
"22.830831","22.830831000","22.436770000","3331","296","95.101.184.27","443","10.0.0.2","40940","244","426368","632"
"22.893492","22.893492000","22.499431000","3332","52","10.0.0.2","40940","95.101.184.27","443","0","632","420024"
"22.893519","22.893519000","22.499458000","3333","52","10.0.0.2","40940","95.101.184.27","443","0","632","420024"
"22.893531","22.893531000","22.499470000","3334","52","10.0.0.2","40940","95.101.184.27","443","0","632","420024"
"22.893542","22.893542000","22.499481000","3335","52","10.0.0.2","40940","95.101.184.27","443","0","632","420024"
"22.893554","22.893554000","22.499493000","3336","52","10.0.0.2","40940","95.101.184.27","443","0","632","420024"
"22.894018","22.894018000","22.499957000","3337","296","95.101.184.27","443","10.0.0.2","40940","244","426612","632"
"22.894053","22.894053000","22.499992000","3338","296","95.101.184.27","443","10.0.0.2","40940","244","426856","632"
"22.894104","22.894104000","22.500043000","3339","296","95.101.184.27","443","10.0.0.2","40940","244","427100","632"
"22.894116","22.894116000","22.500055000","3340","296","95.101.184.27","443","10.0.0.2","40940","244","427344","632"
"22.955517","22.955517000","22.561456000","3341","52","10.0.0.2","40940","95.101.184.27","443","0","632","420024"
"22.955549","22.955549000","22.561488000","3342","52","10.0.0.2","40940","95.101.184.27","443","0","632","420024"
"22.955570","22.955570000","22.561509000","3343","52","10.0.0.2","40940","95.101.184.27","443","0","632","420024"
"22.955587","22.955587000","22.561526000","3344","52","10.0.0.2","40940","95.101.184.27","443","0","632","420024"
"22.955605","22.955605000","22.561544000","3345","52","10.0.0.2","40940","95.101.184.27","443","0","632","420024"
"22.956078","22.956078000","22.562017000","3346","296","95.101.184.27","443","10.0.0.2","40940","244","427588","632"
"22.956114","22.956114000","22.562053000","3347","296","95.101.184.27","443","10.0.0.2","40940","244","427832","632"
"22.956166","22.956166000","22.562105000","3348","296","95.101.184.27","443","10.0.0.2","40940","244","428076","632"
"22.956178","22.956178000","22.562117000","3349","296","95.101.184.27","443","10.0.0.2","40940","244","428320","632"
"22.956212","22.956212000","22.562151000","3350","296","95.101.184.27","443","10.0.0.2","40940","244","428564","632"
"23.018490","23.018490000","22.624429000","3351","52","10.0.0.2","40940","95.101.184.27","443","0","632","420024"
"23.018523","23.018523000","22.624462000","3352","52","10.0.0.2","40940","95.101.184.27","443","0","632","420024"
"23.018539","23.018539000","22.624478000","3353","52","10.0.0.2","40940","95.101.184.27","443","0","632","420024"
"23.018554","23.018554000","22.624493000","3354","52","10.0.0.2","40940","95.101.184.27","443","0","632","420024"
"23.018571","23.018571000","22.624510000","3355","52","10.0.0.2","40940","95.101.184.27","443","0","632","420024"
"23.019030","23.019030000","22.624969000","3356","296","95.101.184.27","443","10.0.0.2","40940","244","428808","632"
"23.019066","23.019066000","22.625005000","3357","296","95.101.184.27","443","10.0.0.2","40940","244","429052","632"
"23.019116","23.019116000","22.625055000","3358","296","95.101.184.27","443","10.0.0.2","40940","244","429296","632"
"23.019128","23.019128000","22.625067000","3359","296","95.101.184.27","443","10.0.0.2","40940","244","429540","632"
"23.019162","23.019162000","22.625101000","3360","296","95.101.184.27","443","10.0.0.2","40940","244","429784","632"
"23.080710","23.080710000","22.686649000","3361","52","10.0.0.2","40940","95.101.184.27","443","0","632","425636"
"23.080740","23.080740000","22.686679000","3362","52","10.0.0.2","40940","95.101.184.27","443","0","632","426124"
"23.080757","23.080757000","22.686696000","3363","52","10.0.0.2","40940","95.101.184.27","443","0","632","426612"
"23.081297","23.081297000","22.687236000","3364","296","95.101.184.27","443","10.0.0.2","40940","244","430028","632"
"23.081333","23.081333000","22.687272000","3365","296","95.101.184.27","443","10.0.0.2","40940","244","430272","632"
"23.081384","23.081384000","22.687323000","3366","296","95.101.184.27","443","10.0.0.2","40940","244","430516","632"
"23.081396","23.081396000","22.687335000","3367","296","95.101.184.27","443","10.0.0.2","40940","244","430760","632"
"23.081443","23.081443000","22.687382000","3368","296","95.101.184.27","443","10.0.0.2","40940","244","431004","632"
"23.081455","23.081455000","22.687394000","3369","296","95.101.184.27","443","10.0.0.2","40940","244","431248","632"
"23.143787","23.143787000","22.749726000","3370","52","10.0.0.2","40940","95.101.184.27","443","0","632","427100"
"23.143821","23.143821000","22.749760000","3371","52","10.0.0.2","40940","95.101.184.27","443","0","632","428076"
"23.144424","23.144424000","22.750363000","3372","296","95.101.184.27","443","10.0.0.2","40940","244","431492","632"
"23.144459","23.144459000","22.750398000","3373","296","95.101.184.27","443","10.0.0.2","40940","244","431736","632"
"23.144510","23.144510000","22.750449000","3374","296","95.101.184.27","443","10.0.0.2","40940","244","431980","632"
"23.144522","23.144522000","22.750461000","3375","296","95.101.184.27","443","10.0.0.2","40940","244","432224","632"
"23.144567","23.144567000","22.750506000","3376","296","95.101.184.27","443","10.0.0.2","40940","244","432468","632"
"23.144578","23.144578000","22.750517000","3377","296","95.101.184.27","443","10.0.0.2","40940","244","432712","632"
"23.144612","23.144612000","22.750551000","3378","296","95.101.184.27","443","10.0.0.2","40940","244","432956","632"
"23.205800","23.205800000","22.811739000","3379","52","10.0.0.2","40940","95.101.184.27","443","0","632","428564"
"23.205832","23.205832000","22.811771000","3380","52","10.0.0.2","40940","95.101.184.27","443","0","632","429296"
"23.206475","23.206475000","22.812414000","3381","296","95.101.184.27","443","10.0.0.2","40940","244","433200","632"
"23.206511","23.206511000","22.812450000","3382","296","95.101.184.27","443","10.0.0.2","40940","244","433444","632"
"23.206562","23.206562000","22.812501000","3383","296","95.101.184.27","443","10.0.0.2","40940","244","433688","632"
"23.206574","23.206574000","22.812513000","3384","296","95.101.184.27","443","10.0.0.2","40940","244","433932","632"
"23.206608","23.206608000","22.812547000","3385","296","95.101.184.27","443","10.0.0.2","40940","244","434176","632"
"23.269026","23.269026000","22.874965000","3386","52","10.0.0.2","40940","95.101.184.27","443","0","632","429784"
"23.269057","23.269057000","22.874996000","3387","52","10.0.0.2","40940","95.101.184.27","443","0","632","430516"
"23.269540","23.269540000","22.875479000","3388","296","95.101.184.27","443","10.0.0.2","40940","244","434420","632"
"23.269576","23.269576000","22.875515000","3389","296","95.101.184.27","443","10.0.0.2","40940","244","434664","632"
"23.269626","23.269626000","22.875565000","3390","296","95.101.184.27","443","10.0.0.2","40940","244","434908","632"
"23.269638","23.269638000","22.875577000","3391","296","95.101.184.27","443","10.0.0.2","40940","244","435152","632"
"23.269684","23.269684000","22.875623000","3392","296","95.101.184.27","443","10.0.0.2","40940","244","435396","632"
"23.269695","23.269695000","22.875634000","3393","296","95.101.184.27","443","10.0.0.2","40940","244","435640","632"
"23.330229","23.330229000","22.936168000","3394","52","10.0.0.2","40940","95.101.184.27","443","0","632","431004"
"23.330260","23.330260000","22.936199000","3395","52","10.0.0.2","40940","95.101.184.27","443","0","632","431736"
"23.331033","23.331033000","22.936972000","3396","296","95.101.184.27","443","10.0.0.2","40940","244","435884","632"
"23.331074","23.331074000","22.937013000","3397","296","95.101.184.27","443","10.0.0.2","40940","244","436128","632"
"23.331129","23.331129000","22.937068000","3398","296","95.101.184.27","443","10.0.0.2","40940","244","436372","632"
"23.331141","23.331141000","22.937080000","3399","296","95.101.184.27","443","10.0.0.2","40940","244","436616","632"
"23.331177","23.331177000","22.937116000","3400","296","95.101.184.27","443","10.0.0.2","40940","244","436860","632"
"23.393256","23.393256000","22.999195000","3401","52","10.0.0.2","40940","95.101.184.27","443","0","632","432224"
"23.393285","23.393285000","22.999224000","3402","52","10.0.0.2","40940","95.101.184.27","443","0","632","432956"
"23.393796","23.393796000","22.999735000","3403","296","95.101.184.27","443","10.0.0.2","40940","244","437104","632"
"23.393834","23.393834000","22.999773000","3404","296","95.101.184.27","443","10.0.0.2","40940","244","437348","632"
"23.393888","23.393888000","22.999827000","3405","296","95.101.184.27","443","10.0.0.2","40940","244","437592","632"
"23.393900","23.393900000","22.999839000","3406","296","95.101.184.27","443","10.0.0.2","40940","244","437836","632"
"23.393973","23.393973000","22.999912000","3407","296","95.101.184.27","443","10.0.0.2","40940","244","438080","632"
"23.393987","23.393987000","22.999926000","3408","296","95.101.184.27","443","10.0.0.2","40940","244","438324","632"
"23.455288","23.455288000","23.061227000","3409","52","10.0.0.2","40940","95.101.184.27","443","0","632","433444"
"23.455323","23.455323000","23.061262000","3410","52","10.0.0.2","40940","95.101.184.27","443","0","632","434176"
"23.455871","23.455871000","23.061810000","3411","296","95.101.184.27","443","10.0.0.2","40940","244","438568","632"
"23.455908","23.455908000","23.061847000","3412","296","95.101.184.27","443","10.0.0.2","40940","244","438812","632"
"23.455993","23.455993000","23.061932000","3413","296","95.101.184.27","443","10.0.0.2","40940","244","439056","632"
"23.456007","23.456007000","23.061946000","3414","296","95.101.184.27","443","10.0.0.2","40940","244","439300","632"
"23.456040","23.456040000","23.061979000","3415","296","95.101.184.27","443","10.0.0.2","40940","244","439544","632"
"23.518810","23.518810000","23.124749000","3416","52","10.0.0.2","40940","95.101.184.27","443","0","632","434664"
"23.518840","23.518840000","23.124779000","3417","52","10.0.0.2","40940","95.101.184.27","443","0","632","435396"
"23.519395","23.519395000","23.125334000","3418","296","95.101.184.27","443","10.0.0.2","40940","244","439788","632"
"23.519433","23.519433000","23.125372000","3419","296","95.101.184.27","443","10.0.0.2","40940","244","440032","632"
"23.519486","23.519486000","23.125425000","3420","296","95.101.184.27","443","10.0.0.2","40940","244","440276","632"
"23.519498","23.519498000","23.125437000","3421","296","95.101.184.27","443","10.0.0.2","40940","244","440520","632"
"23.519544","23.519544000","23.125483000","3422","296","95.101.184.27","443","10.0.0.2","40940","244","440764","632"
"23.519556","23.519556000","23.125495000","3423","296","95.101.184.27","443","10.0.0.2","40940","244","441008","632"
"23.580725","23.580725000","23.186664000","3424","52","10.0.0.2","40940","95.101.184.27","443","0","632","435884"
"23.580756","23.580756000","23.186695000","3425","52","10.0.0.2","40940","95.101.184.27","443","0","632","436616"
"23.581373","23.581373000","23.187312000","3426","296","95.101.184.27","443","10.0.0.2","40940","244","441252","632"
"23.581408","23.581408000","23.187347000","3427","296","95.101.184.27","443","10.0.0.2","40940","244","441496","632"
"23.581461","23.581461000","23.187400000","3428","296","95.101.184.27","443","10.0.0.2","40940","244","441740","632"
"23.581474","23.581474000","23.187413000","3429","296","95.101.184.27","443","10.0.0.2","40940","244","441984","632"
"23.581508","23.581508000","23.187447000","3430","296","95.101.184.27","443","10.0.0.2","40940","244","442228","632"
"23.643621","23.643621000","23.249560000","3431","52","10.0.0.2","40940","95.101.184.27","443","0","632","437104"
"23.643651","23.643651000","23.249590000","3432","52","10.0.0.2","40940","95.101.184.27","443","0","632","437836"
"23.644201","23.644201000","23.250140000","3433","296","95.101.184.27","443","10.0.0.2","40940","244","442472","632"
"23.644238","23.644238000","23.250177000","3434","296","95.101.184.27","443","10.0.0.2","40940","244","442716","632"
"23.644287","23.644287000","23.250226000","3435","296","95.101.184.27","443","10.0.0.2","40940","244","442960","632"
"23.644299","23.644299000","23.250238000","3436","296","95.101.184.27","443","10.0.0.2","40940","244","443204","632"
"23.644332","23.644332000","23.250271000","3437","296","95.101.184.27","443","10.0.0.2","40940","244","443448","632"
"23.705152","23.705152000","23.311091000","3438","52","10.0.0.2","40940","95.101.184.27","443","0","632","438324"
"23.705182","23.705182000","23.311121000","3439","52","10.0.0.2","40940","95.101.184.27","443","0","632","439056"
"23.705839","23.705839000","23.311778000","3440","296","95.101.184.27","443","10.0.0.2","40940","244","443692","632"
"23.705875","23.705875000","23.311814000","3441","296","95.101.184.27","443","10.0.0.2","40940","244","443936","632"
"23.705967","23.705967000","23.311906000","3442","296","95.101.184.27","443","10.0.0.2","40940","244","444180","632"
"23.705982","23.705982000","23.311921000","3443","296","95.101.184.27","443","10.0.0.2","40940","244","444424","632"
"23.706029","23.706029000","23.311968000","3444","296","95.101.184.27","443","10.0.0.2","40940","244","444668","632"
"23.706041","23.706041000","23.311980000","3445","296","95.101.184.27","443","10.0.0.2","40940","244","444912","632"
"23.768269","23.768269000","23.374208000","3446","52","10.0.0.2","40940","95.101.184.27","443","0","632","439544"
"23.768302","23.768302000","23.374241000","3447","52","10.0.0.2","40940","95.101.184.27","443","0","632","440276"
"23.768979","23.768979000","23.374918000","3448","296","95.101.184.27","443","10.0.0.2","40940","244","445156","632"
"23.769028","23.769028000","23.374967000","3449","296","95.101.184.27","443","10.0.0.2","40940","244","445400","632"
"23.769093","23.769093000","23.375032000","3450","296","95.101.184.27","443","10.0.0.2","40940","244","445644","632"
"23.769112","23.769112000","23.375051000","3451","296","95.101.184.27","443","10.0.0.2","40940","244","445888","632"
"23.769158","23.769158000","23.375097000","3452","296","95.101.184.27","443","10.0.0.2","40940","244","446132","632"
"23.830852","23.830852000","23.436791000","3453","52","10.0.0.2","40940","95.101.184.27","443","0","632","440764"
"23.830881","23.830881000","23.436820000","3454","52","10.0.0.2","40940","95.101.184.27","443","0","632","441496"
"23.831439","23.831439000","23.437378000","3455","296","95.101.184.27","443","10.0.0.2","40940","244","446376","632"
"23.831475","23.831475000","23.437414000","3456","296","95.101.184.27","443","10.0.0.2","40940","244","446620","632"
"23.831528","23.831528000","23.437467000","3457","296","95.101.184.27","443","10.0.0.2","40940","244","446864","632"
"23.831541","23.831541000","23.437480000","3458","296","95.101.184.27","443","10.0.0.2","40940","244","447108","632"
"23.831585","23.831585000","23.437524000","3459","296","95.101.184.27","443","10.0.0.2","40940","244","447352","632"
"23.831597","23.831597000","23.437536000","3460","296","95.101.184.27","443","10.0.0.2","40940","244","447596","632"
"23.893719","23.893719000","23.499658000","3461","52","10.0.0.2","40940","95.101.184.27","443","0","632","441984"
"23.893749","23.893749000","23.499688000","3462","52","10.0.0.2","40940","95.101.184.27","443","0","632","442716"
"23.894268","23.894268000","23.500207000","3463","296","95.101.184.27","443","10.0.0.2","40940","244","447840","632"
"23.894304","23.894304000","23.500243000","3464","296","95.101.184.27","443","10.0.0.2","40940","244","448084","632"
"23.894357","23.894357000","23.500296000","3465","296","95.101.184.27","443","10.0.0.2","40940","244","448328","632"
"23.894368","23.894368000","23.500307000","3466","296","95.101.184.27","443","10.0.0.2","40940","244","448572","632"
"23.894402","23.894402000","23.500341000","3467","296","95.101.184.27","443","10.0.0.2","40940","244","448816","632"
"23.955730","23.955730000","23.561669000","3468","52","10.0.0.2","40940","95.101.184.27","443","0","632","443204"
"23.955765","23.955765000","23.561704000","3469","52","10.0.0.2","40940","95.101.184.27","443","0","632","443936"
"23.956357","23.956357000","23.562296000","3470","296","95.101.184.27","443","10.0.0.2","40940","244","449060","632"
"23.956393","23.956393000","23.562332000","3471","296","95.101.184.27","443","10.0.0.2","40940","244","449304","632"
"23.956443","23.956443000","23.562382000","3472","296","95.101.184.27","443","10.0.0.2","40940","244","449548","632"
"23.956456","23.956456000","23.562395000","3473","296","95.101.184.27","443","10.0.0.2","40940","244","449792","632"
"23.956489","23.956489000","23.562428000","3474","296","95.101.184.27","443","10.0.0.2","40940","244","450036","632"
"24.018156","24.018156000","23.624095000","3475","52","10.0.0.2","40940","95.101.184.27","443","0","632","444424"
"24.018186","24.018186000","23.624125000","3476","52","10.0.0.2","40940","95.101.184.27","443","0","632","445156"
"24.018899","24.018899000","23.624838000","3477","296","95.101.184.27","443","10.0.0.2","40940","244","450280","632"
"24.018970","24.018970000","23.624909000","3478","296","95.101.184.27","443","10.0.0.2","40940","244","450524","632"
"24.019023","24.019023000","23.624962000","3479","296","95.101.184.27","443","10.0.0.2","40940","244","450768","632"
"24.019036","24.019036000","23.624975000","3480","296","95.101.184.27","443","10.0.0.2","40940","244","451012","632"
"24.019070","24.019070000","23.625009000","3481","296","95.101.184.27","443","10.0.0.2","40940","244","451256","632"
"24.080943","24.080943000","23.686882000","3482","52","10.0.0.2","40940","95.101.184.27","443","0","632","445644"
"24.080989","24.080989000","23.686928000","3483","52","10.0.0.2","40940","95.101.184.27","443","0","632","446132"
"24.081665","24.081665000","23.687604000","3484","296","95.101.184.27","443","10.0.0.2","40940","244","451500","632"
"24.081710","24.081710000","23.687649000","3485","296","95.101.184.27","443","10.0.0.2","40940","244","451744","632"
"24.081774","24.081774000","23.687713000","3486","296","95.101.184.27","443","10.0.0.2","40940","244","451988","632"
"24.081792","24.081792000","23.687731000","3487","296","95.101.184.27","443","10.0.0.2","40940","244","452232","632"
"24.081835","24.081835000","23.687774000","3488","296","95.101.184.27","443","10.0.0.2","40940","244","452476","632"
"24.143281","24.143281000","23.749220000","3489","52","10.0.0.2","40940","95.101.184.27","443","0","632","446376"
"24.143313","24.143313000","23.749252000","3490","52","10.0.0.2","40940","95.101.184.27","443","0","632","446864"
"24.143334","24.143334000","23.749273000","3491","52","10.0.0.2","40940","95.101.184.27","443","0","632","447596"
"24.143819","24.143819000","23.749758000","3492","296","95.101.184.27","443","10.0.0.2","40940","244","452720","632"
"24.143854","24.143854000","23.749793000","3493","296","95.101.184.27","443","10.0.0.2","40940","244","452964","632"
"24.143909","24.143909000","23.749848000","3494","296","95.101.184.27","443","10.0.0.2","40940","244","453208","632"
"24.143953","24.143953000","23.749892000","3495","296","95.101.184.27","443","10.0.0.2","40940","244","453452","632"
"24.144001","24.144001000","23.749940000","3496","296","95.101.184.27","443","10.0.0.2","40940","244","453696","632"
"24.144013","24.144013000","23.749952000","3497","296","95.101.184.27","443","10.0.0.2","40940","244","453940","632"
"24.205625","24.205625000","23.811564000","3498","52","10.0.0.2","40940","95.101.184.27","443","0","632","448084"
"24.205652","24.205652000","23.811591000","3499","52","10.0.0.2","40940","95.101.184.27","443","0","632","448816"
"24.206209","24.206209000","23.812148000","3500","296","95.101.184.27","443","10.0.0.2","40940","244","454184","632"
"24.206245","24.206245000","23.812184000","3501","296","95.101.184.27","443","10.0.0.2","40940","244","454428","632"
"24.206296","24.206296000","23.812235000","3502","296","95.101.184.27","443","10.0.0.2","40940","244","454672","632"
"24.206308","24.206308000","23.812247000","3503","296","95.101.184.27","443","10.0.0.2","40940","244","454916","632"
"24.206341","24.206341000","23.812280000","3504","296","95.101.184.27","443","10.0.0.2","40940","244","455160","632"
"24.268440","24.268440000","23.874379000","3505","52","10.0.0.2","40940","95.101.184.27","443","0","632","449304"
"24.268470","24.268470000","23.874409000","3506","52","10.0.0.2","40940","95.101.184.27","443","0","632","450036"
"24.269041","24.269041000","23.874980000","3507","296","95.101.184.27","443","10.0.0.2","40940","244","455404","632"
"24.269076","24.269076000","23.875015000","3508","296","95.101.184.27","443","10.0.0.2","40940","244","455648","632"
"24.269126","24.269126000","23.875065000","3509","296","95.101.184.27","443","10.0.0.2","40940","244","455892","632"
"24.269138","24.269138000","23.875077000","3510","296","95.101.184.27","443","10.0.0.2","40940","244","456136","632"
"24.269172","24.269172000","23.875111000","3511","296","95.101.184.27","443","10.0.0.2","40940","244","456380","632"
"24.330575","24.330575000","23.936514000","3512","52","10.0.0.2","40940","95.101.184.27","443","0","632","450524"
"24.330607","24.330607000","23.936546000","3513","52","10.0.0.2","40940","95.101.184.27","443","0","632","451256"
"24.331182","24.331182000","23.937121000","3514","296","95.101.184.27","443","10.0.0.2","40940","244","456624","632"
"24.331217","24.331217000","23.937156000","3515","296","95.101.184.27","443","10.0.0.2","40940","244","456868","632"
"24.331267","24.331267000","23.937206000","3516","296","95.101.184.27","443","10.0.0.2","40940","244","457112","632"
"24.331279","24.331279000","23.937218000","3517","296","95.101.184.27","443","10.0.0.2","40940","244","457356","632"
"24.331317","24.331317000","23.937256000","3518","296","95.101.184.27","443","10.0.0.2","40940","244","457600","632"
"24.393875","24.393875000","23.999814000","3519","52","10.0.0.2","40940","95.101.184.27","443","0","632","451744"
"24.393906","24.393906000","23.999845000","3520","52","10.0.0.2","40940","95.101.184.27","443","0","632","452232"
"24.394484","24.394484000","24.000423000","3521","296","95.101.184.27","443","10.0.0.2","40940","244","457844","632"
"24.394520","24.394520000","24.000459000","3522","296","95.101.184.27","443","10.0.0.2","40940","244","458088","632"
"24.394570","24.394570000","24.000509000","3523","296","95.101.184.27","443","10.0.0.2","40940","244","458332","632"
"24.394582","24.394582000","24.000521000","3524","296","95.101.184.27","443","10.0.0.2","40940","244","458576","632"
"24.394616","24.394616000","24.000555000","3525","296","95.101.184.27","443","10.0.0.2","40940","244","458820","632"
"24.456026","24.456026000","24.061965000","3526","52","10.0.0.2","40940","95.101.184.27","443","0","632","452476"
"24.456060","24.456060000","24.061999000","3527","52","10.0.0.2","40940","95.101.184.27","443","0","632","452964"
"24.456081","24.456081000","24.062020000","3528","52","10.0.0.2","40940","95.101.184.27","443","0","632","453696"
"24.456542","24.456542000","24.062481000","3529","296","95.101.184.27","443","10.0.0.2","40940","244","459064","632"
"24.456662","24.456662000","24.062601000","3530","296","95.101.184.27","443","10.0.0.2","40940","244","459308","632"
"24.456678","24.456678000","24.062617000","3531","296","95.101.184.27","443","10.0.0.2","40940","244","459552","632"
"24.456725","24.456725000","24.062664000","3532","296","95.101.184.27","443","10.0.0.2","40940","244","459796","632"
"24.456739","24.456739000","24.062678000","3533","296","95.101.184.27","443","10.0.0.2","40940","244","460040","632"
"24.456777","24.456777000","24.062716000","3534","296","95.101.184.27","443","10.0.0.2","40940","244","460284","632"
"24.518941","24.518941000","24.124880000","3535","52","10.0.0.2","40940","95.101.184.27","443","0","632","454184"
"24.518998","24.518998000","24.124937000","3536","52","10.0.0.2","40940","95.101.184.27","443","0","632","454916"
"24.519578","24.519578000","24.125517000","3537","296","95.101.184.27","443","10.0.0.2","40940","244","460528","632"
"24.519613","24.519613000","24.125552000","3538","296","95.101.184.27","443","10.0.0.2","40940","244","460772","632"
"24.519663","24.519663000","24.125602000","3539","296","95.101.184.27","443","10.0.0.2","40940","244","461016","632"
"24.519675","24.519675000","24.125614000","3540","296","95.101.184.27","443","10.0.0.2","40940","244","461260","632"
"24.519709","24.519709000","24.125648000","3541","296","95.101.184.27","443","10.0.0.2","40940","244","461504","632"
"24.580273","24.580273000","24.186212000","3542","52","10.0.0.2","40940","95.101.184.27","443","0","632","455404"
"24.580303","24.580303000","24.186242000","3543","52","10.0.0.2","40940","95.101.184.27","443","0","632","456136"
"24.581063","24.581063000","24.187002000","3544","296","95.101.184.27","443","10.0.0.2","40940","244","461748","632"
"24.581102","24.581102000","24.187041000","3545","296","95.101.184.27","443","10.0.0.2","40940","244","461992","632"
"24.581156","24.581156000","24.187095000","3546","296","95.101.184.27","443","10.0.0.2","40940","244","462236","632"
"24.581181","24.581181000","24.187120000","3547","296","95.101.184.27","443","10.0.0.2","40940","244","462480","632"
"24.581216","24.581216000","24.187155000","3548","296","95.101.184.27","443","10.0.0.2","40940","244","462724","632"
"24.643326","24.643326000","24.249265000","3549","52","10.0.0.2","40940","95.101.184.27","443","0","632","456624"
"24.643357","24.643357000","24.249296000","3550","52","10.0.0.2","40940","95.101.184.27","443","0","632","457356"
"24.643993","24.643993000","24.249932000","3551","296","95.101.184.27","443","10.0.0.2","40940","244","462968","632"
"24.644031","24.644031000","24.249970000","3552","296","95.101.184.27","443","10.0.0.2","40940","244","463212","632"
"24.644081","24.644081000","24.250020000","3553","296","95.101.184.27","443","10.0.0.2","40940","244","463456","632"
"24.644093","24.644093000","24.250032000","3554","296","95.101.184.27","443","10.0.0.2","40940","244","463700","632"
"24.644127","24.644127000","24.250066000","3555","296","95.101.184.27","443","10.0.0.2","40940","244","463944","632"
"24.705305","24.705305000","24.311244000","3556","52","10.0.0.2","40940","95.101.184.27","443","0","632","457844"
"24.705339","24.705339000","24.311278000","3557","52","10.0.0.2","40940","95.101.184.27","443","0","632","458576"
"24.706001","24.706001000","24.311940000","3558","296","95.101.184.27","443","10.0.0.2","40940","244","464188","632"
"24.706037","24.706037000","24.311976000","3559","296","95.101.184.27","443","10.0.0.2","40940","244","464432","632"
"24.706086","24.706086000","24.312025000","3560","296","95.101.184.27","443","10.0.0.2","40940","244","464676","632"
"24.706098","24.706098000","24.312037000","3561","296","95.101.184.27","443","10.0.0.2","40940","244","464920","632"
"24.706144","24.706144000","24.312083000","3562","296","95.101.184.27","443","10.0.0.2","40940","244","465164","632"
"24.706157","24.706157000","24.312096000","3563","296","95.101.184.27","443","10.0.0.2","40940","244","465408","632"
"24.768660","24.768660000","24.374599000","3564","52","10.0.0.2","40940","95.101.184.27","443","0","632","459064"
"24.768694","24.768694000","24.374633000","3565","52","10.0.0.2","40940","95.101.184.27","443","0","632","459796"
"24.769248","24.769248000","24.375187000","3566","296","95.101.184.27","443","10.0.0.2","40940","244","465652","632"
"24.769283","24.769283000","24.375222000","3567","296","95.101.184.27","443","10.0.0.2","40940","244","465896","632"
"24.769335","24.769335000","24.375274000","3568","296","95.101.184.27","443","10.0.0.2","40940","244","466140","632"
"24.769348","24.769348000","24.375287000","3569","296","95.101.184.27","443","10.0.0.2","40940","244","466384","632"
"24.769382","24.769382000","24.375321000","3570","296","95.101.184.27","443","10.0.0.2","40940","244","466628","632"
"24.830712","24.830712000","24.436651000","3571","52","10.0.0.2","40940","95.101.184.27","443","0","632","460284"
"24.830747","24.830747000","24.436686000","3572","52","10.0.0.2","40940","95.101.184.27","443","0","632","460284"
"24.830765","24.830765000","24.436704000","3573","52","10.0.0.2","40940","95.101.184.27","443","0","632","460284"
"24.830780","24.830780000","24.436719000","3574","52","10.0.0.2","40940","95.101.184.27","443","0","632","460284"
"24.831219","24.831219000","24.437158000","3575","296","95.101.184.27","443","10.0.0.2","40940","244","466872","632"
"24.831247","24.831247000","24.437186000","3576","296","95.101.184.27","443","10.0.0.2","40940","244","467116","632"
"24.831295","24.831295000","24.437234000","3577","296","95.101.184.27","443","10.0.0.2","40940","244","467360","632"
"24.831307","24.831307000","24.437246000","3578","296","95.101.184.27","443","10.0.0.2","40940","244","467604","632"
"24.831340","24.831340000","24.437279000","3579","296","95.101.184.27","443","10.0.0.2","40940","244","460284","632"
"24.893787","24.893787000","24.499726000","3580","52","10.0.0.2","40940","95.101.184.27","443","0","632","460284"
"24.893818","24.893818000","24.499757000","3581","52","10.0.0.2","40940","95.101.184.27","443","0","632","460284"
"24.893838","24.893838000","24.499777000","3582","52","10.0.0.2","40940","95.101.184.27","443","0","632","460284"
"24.893856","24.893856000","24.499795000","3583","52","10.0.0.2","40940","95.101.184.27","443","0","632","460284"
"24.893871","24.893871000","24.499810000","3584","52","10.0.0.2","40940","95.101.184.27","443","0","632","460284"
"24.894353","24.894353000","24.500292000","3585","296","95.101.184.27","443","10.0.0.2","40940","244","467848","632"
"24.894388","24.894388000","24.500327000","3586","296","95.101.184.27","443","10.0.0.2","40940","244","468092","632"
"24.894439","24.894439000","24.500378000","3587","296","95.101.184.27","443","10.0.0.2","40940","244","468336","632"
"24.894452","24.894452000","24.500391000","3588","296","95.101.184.27","443","10.0.0.2","40940","244","468580","632"
"24.955471","24.955471000","24.561410000","3589","52","10.0.0.2","40940","95.101.184.27","443","0","632","460284"
"24.955502","24.955502000","24.561441000","3590","52","10.0.0.2","40940","95.101.184.27","443","0","632","460284"
"24.955520","24.955520000","24.561459000","3591","52","10.0.0.2","40940","95.101.184.27","443","0","632","460284"
"24.955536","24.955536000","24.561475000","3592","52","10.0.0.2","40940","95.101.184.27","443","0","632","460284"
"24.955550","24.955550000","24.561489000","3593","52","10.0.0.2","40940","95.101.184.27","443","0","632","460284"
"24.956062","24.956062000","24.562001000","3594","296","95.101.184.27","443","10.0.0.2","40940","244","468824","632"
"24.956099","24.956099000","24.562038000","3595","296","95.101.184.27","443","10.0.0.2","40940","244","469068","632"
"24.956136","24.956136000","24.562075000","3596","296","95.101.184.27","443","10.0.0.2","40940","244","469312","632"
"25.018440","25.018440000","24.624379000","3597","52","10.0.0.2","40940","95.101.184.27","443","0","632","460284"
"25.018473","25.018473000","24.624412000","3598","52","10.0.0.2","40940","95.101.184.27","443","0","632","460284"
"25.018491","25.018491000","24.624430000","3599","52","10.0.0.2","40940","95.101.184.27","443","0","632","460284"
"25.018507","25.018507000","24.624446000","3600","52","10.0.0.2","40940","95.101.184.27","443","0","632","460284"
"25.018523","25.018523000","24.624462000","3601","52","10.0.0.2","40940","95.101.184.27","443","0","632","460284"
"25.018998","25.018998000","24.624937000","3602","296","95.101.184.27","443","10.0.0.2","40940","244","469556","632"
"25.019034","25.019034000","24.624973000","3603","296","95.101.184.27","443","10.0.0.2","40940","244","469800","632"
"25.019087","25.019087000","24.625026000","3604","296","95.101.184.27","443","10.0.0.2","40940","244","470044","632"
"25.019100","25.019100000","24.625039000","3605","296","95.101.184.27","443","10.0.0.2","40940","244","470288","632"
"25.080398","25.080398000","24.686337000","3606","52","10.0.0.2","40940","95.101.184.27","443","0","632","460284"
"25.080432","25.080432000","24.686371000","3607","52","10.0.0.2","40940","95.101.184.27","443","0","632","460284"
"25.080450","25.080450000","24.686389000","3608","52","10.0.0.2","40940","95.101.184.27","443","0","632","460284"
"25.080467","25.080467000","24.686406000","3609","52","10.0.0.2","40940","95.101.184.27","443","0","632","460284"
"25.080483","25.080483000","24.686422000","3610","52","10.0.0.2","40940","95.101.184.27","443","0","632","460284"
"25.080980","25.080980000","24.686919000","3611","296","95.101.184.27","443","10.0.0.2","40940","244","470532","632"
"25.081017","25.081017000","24.686956000","3612","296","95.101.184.27","443","10.0.0.2","40940","244","470776","632"
"25.081056","25.081056000","24.686995000","3613","296","95.101.184.27","443","10.0.0.2","40940","244","471020","632"
"25.143751","25.143751000","24.749690000","3614","52","10.0.0.2","40940","95.101.184.27","443","0","632","460284"
"25.143779","25.143779000","24.749718000","3615","52","10.0.0.2","40940","95.101.184.27","443","0","632","460284"
"25.143796","25.143796000","24.749735000","3616","52","10.0.0.2","40940","95.101.184.27","443","0","632","460284"
"25.143810","25.143810000","24.749749000","3617","52","10.0.0.2","40940","95.101.184.27","443","0","632","460284"
"25.143822","25.143822000","24.749761000","3618","52","10.0.0.2","40940","95.101.184.27","443","0","632","460284"
"25.144310","25.144310000","24.750249000","3619","296","95.101.184.27","443","10.0.0.2","40940","244","471264","632"
"25.144345","25.144345000","24.750284000","3620","296","95.101.184.27","443","10.0.0.2","40940","244","471508","632"
"25.144384","25.144384000","24.750323000","3621","296","95.101.184.27","443","10.0.0.2","40940","244","471752","632"
"25.205810","25.205810000","24.811749000","3622","52","10.0.0.2","40940","95.101.184.27","443","0","632","460284"
"25.205841","25.205841000","24.811780000","3623","52","10.0.0.2","40940","95.101.184.27","443","0","632","465408"
"25.205863","25.205863000","24.811802000","3624","52","10.0.0.2","40940","95.101.184.27","443","0","632","465408"
"25.205881","25.205881000","24.811820000","3625","52","10.0.0.2","40940","95.101.184.27","443","0","632","465408"
"25.205899","25.205899000","24.811838000","3626","52","10.0.0.2","40940","95.101.184.27","443","0","632","465408"
"25.206339","25.206339000","24.812278000","3627","296","95.101.184.27","443","10.0.0.2","40940","244","471996","632"
"25.206374","25.206374000","24.812313000","3628","296","95.101.184.27","443","10.0.0.2","40940","244","465408","632"
"25.206426","25.206426000","24.812365000","3629","296","95.101.184.27","443","10.0.0.2","40940","244","472240","632"
"25.206438","25.206438000","24.812377000","3630","296","95.101.184.27","443","10.0.0.2","40940","244","472484","632"
"25.206485","25.206485000","24.812424000","3631","296","95.101.184.27","443","10.0.0.2","40940","244","472728","632"
"25.206496","25.206496000","24.812435000","3632","296","95.101.184.27","443","10.0.0.2","40940","244","472972","632"
"25.268795","25.268795000","24.874734000","3633","52","10.0.0.2","40940","95.101.184.27","443","0","632","465408"
"25.268830","25.268830000","24.874769000","3634","52","10.0.0.2","40940","95.101.184.27","443","0","632","465408"
"25.268850","25.268850000","24.874789000","3635","52","10.0.0.2","40940","95.101.184.27","443","0","632","465408"
"25.268864","25.268864000","24.874803000","3636","52","10.0.0.2","40940","95.101.184.27","443","0","632","465408"
"25.268881","25.268881000","24.874820000","3637","52","10.0.0.2","40940","95.101.184.27","443","0","632","465408"
"25.269416","25.269416000","24.875355000","3638","296","95.101.184.27","443","10.0.0.2","40940","244","473216","632"
"25.269491","25.269491000","24.875430000","3639","296","95.101.184.27","443","10.0.0.2","40940","244","473460","632"
"25.269505","25.269505000","24.875444000","3640","296","95.101.184.27","443","10.0.0.2","40940","244","473704","632"
"25.269539","25.269539000","24.875478000","3641","296","95.101.184.27","443","10.0.0.2","40940","244","473948","632"
"25.330547","25.330547000","24.936486000","3642","52","10.0.0.2","40940","95.101.184.27","443","0","632","465408"
"25.330576","25.330576000","24.936515000","3643","52","10.0.0.2","40940","95.101.184.27","443","0","632","465408"
"25.330594","25.330594000","24.936533000","3644","52","10.0.0.2","40940","95.101.184.27","443","0","632","465408"
"25.330611","25.330611000","24.936550000","3645","52","10.0.0.2","40940","95.101.184.27","443","0","632","465408"
"25.330626","25.330626000","24.936565000","3646","52","10.0.0.2","40940","95.101.184.27","443","0","632","465408"
"25.331118","25.331118000","24.937057000","3647","296","95.101.184.27","443","10.0.0.2","40940","244","474192","632"
"25.331153","25.331153000","24.937092000","3648","296","95.101.184.27","443","10.0.0.2","40940","244","474436","632"
"25.331207","25.331207000","24.937146000","3649","296","95.101.184.27","443","10.0.0.2","40940","244","474680","632"
"25.331219","25.331219000","24.937158000","3650","296","95.101.184.27","443","10.0.0.2","40940","244","474924","632"
"25.331253","25.331253000","24.937192000","3651","296","95.101.184.27","443","10.0.0.2","40940","244","475168","632"
"25.393214","25.393214000","24.999153000","3652","52","10.0.0.2","40940","95.101.184.27","443","0","632","465408"
"25.393245","25.393245000","24.999184000","3653","52","10.0.0.2","40940","95.101.184.27","443","0","632","465408"
"25.393264","25.393264000","24.999203000","3654","52","10.0.0.2","40940","95.101.184.27","443","0","632","465408"
"25.393279","25.393279000","24.999218000","3655","52","10.0.0.2","40940","95.101.184.27","443","0","632","465408"
"25.393295","25.393295000","24.999234000","3656","52","10.0.0.2","40940","95.101.184.27","443","0","632","465408"
"25.393786","25.393786000","24.999725000","3657","296","95.101.184.27","443","10.0.0.2","40940","244","475412","632"
"25.393822","25.393822000","24.999761000","3658","296","95.101.184.27","443","10.0.0.2","40940","244","475656","632"
"25.393872","25.393872000","24.999811000","3659","296","95.101.184.27","443","10.0.0.2","40940","244","475900","632"
"25.393884","25.393884000","24.999823000","3660","296","95.101.184.27","443","10.0.0.2","40940","244","476144","632"
"25.393954","25.393954000","24.999893000","3661","296","95.101.184.27","443","10.0.0.2","40940","244","476388","632"
"25.455237","25.455237000","25.061176000","3662","52","10.0.0.2","40940","95.101.184.27","443","0","632","472240"
"25.455271","25.455271000","25.061210000","3663","52","10.0.0.2","40940","95.101.184.27","443","0","632","473216"
"25.455868","25.455868000","25.061807000","3664","296","95.101.184.27","443","10.0.0.2","40940","244","476632","632"
"25.455905","25.455905000","25.061844000","3665","296","95.101.184.27","443","10.0.0.2","40940","244","476876","632"
"25.455986","25.455986000","25.061925000","3666","296","95.101.184.27","443","10.0.0.2","40940","244","477120","632"
"25.456000","25.456000000","25.061939000","3667","296","95.101.184.27","443","10.0.0.2","40940","244","477364","632"
"25.456046","25.456046000","25.061985000","3668","296","95.101.184.27","443","10.0.0.2","40940","244","477608","632"
"25.456058","25.456058000","25.061997000","3669","296","95.101.184.27","443","10.0.0.2","40940","244","477852","632"
"25.518898","25.518898000","25.124837000","3670","52","10.0.0.2","40940","95.101.184.27","443","0","632","473704"
"25.518972","25.518972000","25.124911000","3671","52","10.0.0.2","40940","95.101.184.27","443","0","632","474436"
"25.519577","25.519577000","25.125516000","3672","296","95.101.184.27","443","10.0.0.2","40940","244","478096","632"
"25.519621","25.519621000","25.125560000","3673","296","95.101.184.27","443","10.0.0.2","40940","244","478340","632"
"25.519683","25.519683000","25.125622000","3674","296","95.101.184.27","443","10.0.0.2","40940","244","478584","632"
"25.519701","25.519701000","25.125640000","3675","296","95.101.184.27","443","10.0.0.2","40940","244","478828","632"
"25.519757","25.519757000","25.125696000","3676","296","95.101.184.27","443","10.0.0.2","40940","244","479072","632"
"25.519775","25.519775000","25.125714000","3677","296","95.101.184.27","443","10.0.0.2","40940","244","479316","632"
"25.580492","25.580492000","25.186431000","3678","52","10.0.0.2","40940","95.101.184.27","443","0","632","474924"
"25.580522","25.580522000","25.186461000","3679","52","10.0.0.2","40940","95.101.184.27","443","0","632","475656"
"25.581245","25.581245000","25.187184000","3680","296","95.101.184.27","443","10.0.0.2","40940","244","479560","632"
"25.581285","25.581285000","25.187224000","3681","296","95.101.184.27","443","10.0.0.2","40940","244","479804","632"
"25.581339","25.581339000","25.187278000","3682","296","95.101.184.27","443","10.0.0.2","40940","244","480048","632"
"25.581352","25.581352000","25.187291000","3683","296","95.101.184.27","443","10.0.0.2","40940","244","480292","632"
"25.581386","25.581386000","25.187325000","3684","296","95.101.184.27","443","10.0.0.2","40940","244","480536","632"
"25.643654","25.643654000","25.249593000","3685","52","10.0.0.2","40940","95.101.184.27","443","0","632","476144"
"25.643683","25.643683000","25.249622000","3686","52","10.0.0.2","40940","95.101.184.27","443","0","632","476876"
"25.644213","25.644213000","25.250152000","3687","296","95.101.184.27","443","10.0.0.2","40940","244","480780","632"
"25.644250","25.644250000","25.250189000","3688","296","95.101.184.27","443","10.0.0.2","40940","244","481024","632"
"25.644300","25.644300000","25.250239000","3689","296","95.101.184.27","443","10.0.0.2","40940","244","481268","632"
"25.644312","25.644312000","25.250251000","3690","296","95.101.184.27","443","10.0.0.2","40940","244","481512","632"
"25.644361","25.644361000","25.250300000","3691","296","95.101.184.27","443","10.0.0.2","40940","244","481756","632"
"25.644372","25.644372000","25.250311000","3692","296","95.101.184.27","443","10.0.0.2","40940","244","482000","632"
"25.705326","25.705326000","25.311265000","3693","52","10.0.0.2","40940","95.101.184.27","443","0","632","477364"
"25.705357","25.705357000","25.311296000","3694","52","10.0.0.2","40940","95.101.184.27","443","0","632","478096"
"25.705882","25.705882000","25.311821000","3695","296","95.101.184.27","443","10.0.0.2","40940","244","482244","632"
"25.705948","25.705948000","25.311887000","3696","296","95.101.184.27","443","10.0.0.2","40940","244","482488","632"
"25.706003","25.706003000","25.311942000","3697","296","95.101.184.27","443","10.0.0.2","40940","244","482732","632"
"25.706015","25.706015000","25.311954000","3698","296","95.101.184.27","443","10.0.0.2","40940","244","482976","632"
"25.706049","25.706049000","25.311988000","3699","296","95.101.184.27","443","10.0.0.2","40940","244","483220","632"
"25.768908","25.768908000","25.374847000","3700","52","10.0.0.2","40940","95.101.184.27","443","0","632","478584"
"25.768987","25.768987000","25.374926000","3701","52","10.0.0.2","40940","95.101.184.27","443","0","632","479316"
"25.769651","25.769651000","25.375590000","3702","296","95.101.184.27","443","10.0.0.2","40940","244","483464","632"
"25.769696","25.769696000","25.375635000","3703","296","95.101.184.27","443","10.0.0.2","40940","244","483708","632"
"25.769757","25.769757000","25.375696000","3704","296","95.101.184.27","443","10.0.0.2","40940","244","483952","632"
"25.769775","25.769775000","25.375714000","3705","296","95.101.184.27","443","10.0.0.2","40940","244","484196","632"
"25.769833","25.769833000","25.375772000","3706","296","95.101.184.27","443","10.0.0.2","40940","244","484440","632"
"25.769848","25.769848000","25.375787000","3707","296","95.101.184.27","443","10.0.0.2","40940","244","484684","632"
"25.830173","25.830173000","25.436112000","3708","52","10.0.0.2","40940","95.101.184.27","443","0","632","479804"
"25.830209","25.830209000","25.436148000","3709","52","10.0.0.2","40940","95.101.184.27","443","0","632","480536"
"25.830746","25.830746000","25.436685000","3710","296","95.101.184.27","443","10.0.0.2","40940","244","484928","632"
"25.830782","25.830782000","25.436721000","3711","296","95.101.184.27","443","10.0.0.2","40940","244","485172","632"
"25.830833","25.830833000","25.436772000","3712","296","95.101.184.27","443","10.0.0.2","40940","244","485416","632"
"25.830845","25.830845000","25.436784000","3713","296","95.101.184.27","443","10.0.0.2","40940","244","485660","632"
"25.830879","25.830879000","25.436818000","3714","296","95.101.184.27","443","10.0.0.2","40940","244","485904","632"
"25.863013","25.863013000",,"3715","48",,,,,,,
"25.893583","25.893583000","25.499522000","3716","52","10.0.0.2","40940","95.101.184.27","443","0","632","481024"
"25.893611","25.893611000","25.499550000","3717","52","10.0.0.2","40940","95.101.184.27","443","0","632","481756"
"25.894074","25.894074000","25.500013000","3718","296","95.101.184.27","443","10.0.0.2","40940","244","486148","632"
"25.894110","25.894110000","25.500049000","3719","296","95.101.184.27","443","10.0.0.2","40940","244","486392","632"
"25.894160","25.894160000","25.500099000","3720","296","95.101.184.27","443","10.0.0.2","40940","244","486636","632"
"25.894172","25.894172000","25.500111000","3721","296","95.101.184.27","443","10.0.0.2","40940","244","486880","632"
"25.894210","25.894210000","25.500149000","3722","296","95.101.184.27","443","10.0.0.2","40940","244","487124","632"
"25.955439","25.955439000","25.561378000","3723","52","10.0.0.2","40940","95.101.184.27","443","0","632","482244"
"25.955494","25.955494000","25.561433000","3724","52","10.0.0.2","40940","95.101.184.27","443","0","632","482976"
"25.956047","25.956047000","25.561986000","3725","296","95.101.184.27","443","10.0.0.2","40940","244","487368","632"
"25.956082","25.956082000","25.562021000","3726","296","95.101.184.27","443","10.0.0.2","40940","244","487612","632"
"25.956133","25.956133000","25.562072000","3727","296","95.101.184.27","443","10.0.0.2","40940","244","487856","632"
"25.956145","25.956145000","25.562084000","3728","296","95.101.184.27","443","10.0.0.2","40940","244","488100","632"
"25.956190","25.956190000","25.562129000","3729","296","95.101.184.27","443","10.0.0.2","40940","244","488344","632"
"25.956202","25.956202000","25.562141000","3730","296","95.101.184.27","443","10.0.0.2","40940","244","488588","632"
"26.018499","26.018499000","25.624438000","3731","52","10.0.0.2","40940","95.101.184.27","443","0","632","483464"
"26.018538","26.018538000","25.624477000","3732","52","10.0.0.2","40940","95.101.184.27","443","0","632","484196"
"26.019091","26.019091000","25.625030000","3733","296","95.101.184.27","443","10.0.0.2","40940","244","488832","632"
"26.019127","26.019127000","25.625066000","3734","296","95.101.184.27","443","10.0.0.2","40940","244","489076","632"
"26.019182","26.019182000","25.625121000","3735","296","95.101.184.27","443","10.0.0.2","40940","244","489320","632"
"26.019194","26.019194000","25.625133000","3736","296","95.101.184.27","443","10.0.0.2","40940","244","489564","632"
"26.019228","26.019228000","25.625167000","3737","296","95.101.184.27","443","10.0.0.2","40940","244","489808","632"
"26.081011","26.081011000","25.686950000","3738","52","10.0.0.2","40940","95.101.184.27","443","0","632","484684"
"26.081042","26.081042000","25.686981000","3739","52","10.0.0.2","40940","95.101.184.27","443","0","632","485416"
"26.081738","26.081738000","25.687677000","3740","296","95.101.184.27","443","10.0.0.2","40940","244","490052","632"
"26.081782","26.081782000","25.687721000","3741","296","95.101.184.27","443","10.0.0.2","40940","244","490296","632"
"26.081847","26.081847000","25.687786000","3742","296","95.101.184.27","443","10.0.0.2","40940","244","490540","632"
"26.081863","26.081863000","25.687802000","3743","296","95.101.184.27","443","10.0.0.2","40940","244","490784","632"
"26.081958","26.081958000","25.687897000","3744","296","95.101.184.27","443","10.0.0.2","40940","244","491028","632"
"26.081974","26.081974000","25.687913000","3745","296","95.101.184.27","443","10.0.0.2","40940","244","491272","632"
"26.143722","26.143722000","25.749661000","3746","52","10.0.0.2","40940","95.101.184.27","443","0","632","485904"
"26.143751","26.143751000","25.749690000","3747","52","10.0.0.2","40940","95.101.184.27","443","0","632","486636"
"26.144483","26.144483000","25.750422000","3748","296","95.101.184.27","443","10.0.0.2","40940","244","491516","632"
"26.144527","26.144527000","25.750466000","3749","296","95.101.184.27","443","10.0.0.2","40940","244","491760","632"
"26.144588","26.144588000","25.750527000","3750","296","95.101.184.27","443","10.0.0.2","40940","244","492004","632"
"26.144608","26.144608000","25.750547000","3751","296","95.101.184.27","443","10.0.0.2","40940","244","492248","632"
"26.144653","26.144653000","25.750592000","3752","296","95.101.184.27","443","10.0.0.2","40940","244","492492","632"
"26.205845","26.205845000","25.811784000","3753","52","10.0.0.2","40940","95.101.184.27","443","0","632","487124"
"26.205879","26.205879000","25.811818000","3754","52","10.0.0.2","40940","95.101.184.27","443","0","632","487856"
"26.206528","26.206528000","25.812467000","3755","296","95.101.184.27","443","10.0.0.2","40940","244","492736","632"
"26.206566","26.206566000","25.812505000","3756","296","95.101.184.27","443","10.0.0.2","40940","244","492980","632"
"26.206617","26.206617000","25.812556000","3757","296","95.101.184.27","443","10.0.0.2","40940","244","493224","632"
"26.206629","26.206629000","25.812568000","3758","296","95.101.184.27","443","10.0.0.2","40940","244","493468","632"
"26.206675","26.206675000","25.812614000","3759","296","95.101.184.27","443","10.0.0.2","40940","244","493712","632"
"26.206687","26.206687000","25.812626000","3760","296","95.101.184.27","443","10.0.0.2","40940","244","493956","632"
"26.268604","26.268604000","25.874543000","3761","52","10.0.0.2","40940","95.101.184.27","443","0","632","488344"
"26.268633","26.268633000","25.874572000","3762","52","10.0.0.2","40940","95.101.184.27","443","0","632","489076"
"26.269166","26.269166000","25.875105000","3763","296","95.101.184.27","443","10.0.0.2","40940","244","494200","632"
"26.269203","26.269203000","25.875142000","3764","296","95.101.184.27","443","10.0.0.2","40940","244","494444","632"
"26.269256","26.269256000","25.875195000","3765","296","95.101.184.27","443","10.0.0.2","40940","244","494688","632"
"26.269268","26.269268000","25.875207000","3766","296","95.101.184.27","443","10.0.0.2","40940","244","494932","632"
"26.269307","26.269307000","25.875246000","3767","296","95.101.184.27","443","10.0.0.2","40940","244","495176","632"
"26.330270","26.330270000","25.936209000","3768","52","10.0.0.2","40940","95.101.184.27","443","0","632","489564"
"26.330301","26.330301000","25.936240000","3769","52","10.0.0.2","40940","95.101.184.27","443","0","632","490296"
"26.330881","26.330881000","25.936820000","3770","296","95.101.184.27","443","10.0.0.2","40940","244","495420","632"
"26.330951","26.330951000","25.936890000","3771","296","95.101.184.27","443","10.0.0.2","40940","244","495664","632"
"26.331004","26.331004000","25.936943000","3772","296","95.101.184.27","443","10.0.0.2","40940","244","495908","632"
"26.331016","26.331016000","25.936955000","3773","296","95.101.184.27","443","10.0.0.2","40940","244","496152","632"
"26.331049","26.331049000","25.936988000","3774","296","95.101.184.27","443","10.0.0.2","40940","244","496396","632"
"26.393289","26.393289000","25.999228000","3775","52","10.0.0.2","40940","95.101.184.27","443","0","632","490784"
"26.393317","26.393317000","25.999256000","3776","52","10.0.0.2","40940","95.101.184.27","443","0","632","491516"
"26.393869","26.393869000","25.999808000","3777","296","95.101.184.27","443","10.0.0.2","40940","244","496640","632"
"26.393904","26.393904000","25.999843000","3778","296","95.101.184.27","443","10.0.0.2","40940","244","496884","632"
"26.393986","26.393986000","25.999925000","3779","296","95.101.184.27","443","10.0.0.2","40940","244","497128","632"
"26.394000","26.394000000","25.999939000","3780","296","95.101.184.27","443","10.0.0.2","40940","244","497372","632"
"26.394034","26.394034000","25.999973000","3781","296","95.101.184.27","443","10.0.0.2","40940","244","497616","632"
"26.455909","26.455909000","26.061848000","3782","52","10.0.0.2","40940","95.101.184.27","443","0","632","492004"
"26.455995","26.455995000","26.061934000","3783","52","10.0.0.2","40940","95.101.184.27","443","0","632","492736"
"26.456673","26.456673000","26.062612000","3784","296","95.101.184.27","443","10.0.0.2","40940","244","497860","632"
"26.456721","26.456721000","26.062660000","3785","296","95.101.184.27","443","10.0.0.2","40940","244","498104","632"
"26.456788","26.456788000","26.062727000","3786","296","95.101.184.27","443","10.0.0.2","40940","244","498348","632"
"26.456809","26.456809000","26.062748000","3787","296","95.101.184.27","443","10.0.0.2","40940","244","498592","632"
"26.456868","26.456868000","26.062807000","3788","296","95.101.184.27","443","10.0.0.2","40940","244","498836","632"
"26.456882","26.456882000","26.062821000","3789","296","95.101.184.27","443","10.0.0.2","40940","244","499080","632"
"26.518703","26.518703000","26.124642000","3790","52","10.0.0.2","40940","95.101.184.27","443","0","632","493224"
"26.518735","26.518735000","26.124674000","3791","52","10.0.0.2","40940","95.101.184.27","443","0","632","493956"
"26.519271","26.519271000","26.125210000","3792","296","95.101.184.27","443","10.0.0.2","40940","244","499324","632"
"26.519307","26.519307000","26.125246000","3793","296","95.101.184.27","443","10.0.0.2","40940","244","499568","632"
"26.519360","26.519360000","26.125299000","3794","296","95.101.184.27","443","10.0.0.2","40940","244","499812","632"
"26.519372","26.519372000","26.125311000","3795","296","95.101.184.27","443","10.0.0.2","40940","244","500056","632"
"26.519407","26.519407000","26.125346000","3796","296","95.101.184.27","443","10.0.0.2","40940","244","500300","632"
"26.580634","26.580634000","26.186573000","3797","52","10.0.0.2","40940","95.101.184.27","443","0","632","494444"
"26.580665","26.580665000","26.186604000","3798","52","10.0.0.2","40940","95.101.184.27","443","0","632","495176"
"26.581246","26.581246000","26.187185000","3799","296","95.101.184.27","443","10.0.0.2","40940","244","500544","632"
"26.581282","26.581282000","26.187221000","3800","296","95.101.184.27","443","10.0.0.2","40940","244","500788","632"
"26.581332","26.581332000","26.187271000","3801","296","95.101.184.27","443","10.0.0.2","40940","244","501032","632"
"26.581343","26.581343000","26.187282000","3802","296","95.101.184.27","443","10.0.0.2","40940","244","501276","632"
"26.581377","26.581377000","26.187316000","3803","296","95.101.184.27","443","10.0.0.2","40940","244","501520","632"
"26.643500","26.643500000","26.249439000","3804","52","10.0.0.2","40940","95.101.184.27","443","0","632","495664"
"26.643529","26.643529000","26.249468000","3805","52","10.0.0.2","40940","95.101.184.27","443","0","632","496396"
"26.644137","26.644137000","26.250076000","3806","296","95.101.184.27","443","10.0.0.2","40940","244","501764","632"
"26.644172","26.644172000","26.250111000","3807","296","95.101.184.27","443","10.0.0.2","40940","244","502008","632"
"26.644222","26.644222000","26.250161000","3808","296","95.101.184.27","443","10.0.0.2","40940","244","502252","632"
"26.644234","26.644234000","26.250173000","3809","296","95.101.184.27","443","10.0.0.2","40940","244","502496","632"
"26.644268","26.644268000","26.250207000","3810","296","95.101.184.27","443","10.0.0.2","40940","244","502740","632"
"26.705874","26.705874000","26.311813000","3811","52","10.0.0.2","40940","95.101.184.27","443","0","632","496884"
"26.705903","26.705903000","26.311842000","3812","52","10.0.0.2","40940","95.101.184.27","443","0","632","497372"
"26.706470","26.706470000","26.312409000","3813","296","95.101.184.27","443","10.0.0.2","40940","244","502984","632"
"26.706505","26.706505000","26.312444000","3814","296","95.101.184.27","443","10.0.0.2","40940","244","503228","632"
"26.706554","26.706554000","26.312493000","3815","296","95.101.184.27","443","10.0.0.2","40940","244","503472","632"
"26.706566","26.706566000","26.312505000","3816","296","95.101.184.27","443","10.0.0.2","40940","244","503716","632"
"26.768784","26.768784000","26.374723000","3817","52","10.0.0.2","40940","95.101.184.27","443","0","632","497616"
"26.768817","26.768817000","26.374756000","3818","52","10.0.0.2","40940","95.101.184.27","443","0","632","498104"
"26.768839","26.768839000","26.374778000","3819","52","10.0.0.2","40940","95.101.184.27","443","0","632","498592"
"26.769338","26.769338000","26.375277000","3820","296","95.101.184.27","443","10.0.0.2","40940","244","503960","632"
"26.769374","26.769374000","26.375313000","3821","296","95.101.184.27","443","10.0.0.2","40940","244","504204","632"
"26.769427","26.769427000","26.375366000","3822","296","95.101.184.27","443","10.0.0.2","40940","244","504448","632"
"26.769439","26.769439000","26.375378000","3823","296","95.101.184.27","443","10.0.0.2","40940","244","504692","632"
"26.769484","26.769484000","26.375423000","3824","296","95.101.184.27","443","10.0.0.2","40940","244","504936","632"
"26.769496","26.769496000","26.375435000","3825","296","95.101.184.27","443","10.0.0.2","40940","244","505180","632"
"26.831075","26.831075000","26.437014000","3826","52","10.0.0.2","40940","95.101.184.27","443","0","632","498836"
"26.831103","26.831103000","26.437042000","3827","52","10.0.0.2","40940","95.101.184.27","443","0","632","499324"
"26.831115","26.831115000","26.437054000","3828","52","10.0.0.2","40940","95.101.184.27","443","0","632","500056"
"26.831572","26.831572000","26.437511000","3829","296","95.101.184.27","443","10.0.0.2","40940","244","505424","632"
"26.831706","26.831706000","26.437645000","3830","296","95.101.184.27","443","10.0.0.2","40940","244","505668","632"
"26.831726","26.831726000","26.437665000","3831","296","95.101.184.27","443","10.0.0.2","40940","244","505912","632"
"26.831774","26.831774000","26.437713000","3832","296","95.101.184.27","443","10.0.0.2","40940","244","506156","632"
"26.831787","26.831787000","26.437726000","3833","296","95.101.184.27","443","10.0.0.2","40940","244","506400","632"
"26.831821","26.831821000","26.437760000","3834","296","95.101.184.27","443","10.0.0.2","40940","244","506644","632"
"26.893153","26.893153000","26.499092000","3835","52","10.0.0.2","40940","95.101.184.27","443","0","632","500544"
"26.893225","26.893225000","26.499164000","3836","52","10.0.0.2","40940","95.101.184.27","443","0","632","501276"
"26.893653","26.893653000","26.499592000","3837","296","95.101.184.27","443","10.0.0.2","40940","244","506888","632"
"26.893679","26.893679000","26.499618000","3838","296","95.101.184.27","443","10.0.0.2","40940","244","507132","632"
"26.893713","26.893713000","26.499652000","3839","296","95.101.184.27","443","10.0.0.2","40940","244","507376","632"
"26.893722","26.893722000","26.499661000","3840","296","95.101.184.27","443","10.0.0.2","40940","244","507620","632"
"26.893744","26.893744000","26.499683000","3841","296","95.101.184.27","443","10.0.0.2","40940","244","507864","632"
"26.956018","26.956018000","26.561957000","3842","52","10.0.0.2","40940","95.101.184.27","443","0","632","501764"
"26.956041","26.956041000","26.561980000","3843","52","10.0.0.2","40940","95.101.184.27","443","0","632","502496"
"26.956749","26.956749000","26.562688000","3844","296","95.101.184.27","443","10.0.0.2","40940","244","508108","632"
"26.956795","26.956795000","26.562734000","3845","296","95.101.184.27","443","10.0.0.2","40940","244","508352","632"
"26.956858","26.956858000","26.562797000","3846","296","95.101.184.27","443","10.0.0.2","40940","244","508596","632"
"26.956877","26.956877000","26.562816000","3847","296","95.101.184.27","443","10.0.0.2","40940","244","508840","632"
"26.956962","26.956962000","26.562901000","3848","296","95.101.184.27","443","10.0.0.2","40940","244","509084","632"
"27.018882","27.018882000","26.624821000","3849","52","10.0.0.2","40940","95.101.184.27","443","0","632","502984"
"27.018905","27.018905000","26.624844000","3850","52","10.0.0.2","40940","95.101.184.27","443","0","632","503716"
"27.019493","27.019493000","26.625432000","3851","296","95.101.184.27","443","10.0.0.2","40940","244","509328","632"
"27.019535","27.019535000","26.625474000","3852","296","95.101.184.27","443","10.0.0.2","40940","244","509572","632"
"27.019600","27.019600000","26.625539000","3853","296","95.101.184.27","443","10.0.0.2","40940","244","509816","632"
"27.019620","27.019620000","26.625559000","3854","296","95.101.184.27","443","10.0.0.2","40940","244","510060","632"
"27.019665","27.019665000","26.625604000","3855","296","95.101.184.27","443","10.0.0.2","40940","244","510304","632"
"27.080481","27.080481000","26.686420000","3856","52","10.0.0.2","40940","95.101.184.27","443","0","632","504204"
"27.080513","27.080513000","26.686452000","3857","52","10.0.0.2","40940","95.101.184.27","443","0","632","504936"
"27.081159","27.081159000","26.687098000","3858","296","95.101.184.27","443","10.0.0.2","40940","244","510548","632"
"27.081196","27.081196000","26.687135000","3859","296","95.101.184.27","443","10.0.0.2","40940","244","510792","632"
"27.081246","27.081246000","26.687185000","3860","296","95.101.184.27","443","10.0.0.2","40940","244","511036","632"
"27.081259","27.081259000","26.687198000","3861","296","95.101.184.27","443","10.0.0.2","40940","244","511280","632"
"27.081305","27.081305000","26.687244000","3862","296","95.101.184.27","443","10.0.0.2","40940","244","511524","632"
"27.081317","27.081317000","26.687256000","3863","296","95.101.184.27","443","10.0.0.2","40940","244","511768","632"
"27.143507","27.143507000","26.749446000","3864","52","10.0.0.2","40940","95.101.184.27","443","0","632","505424"
"27.143539","27.143539000","26.749478000","3865","52","10.0.0.2","40940","95.101.184.27","443","0","632","506156"
"27.144147","27.144147000","26.750086000","3866","296","95.101.184.27","443","10.0.0.2","40940","244","512012","632"
"27.144184","27.144184000","26.750123000","3867","296","95.101.184.27","443","10.0.0.2","40940","244","512256","632"
"27.144240","27.144240000","26.750179000","3868","296","95.101.184.27","443","10.0.0.2","40940","244","512500","632"
"27.144253","27.144253000","26.750192000","3869","296","95.101.184.27","443","10.0.0.2","40940","244","512744","632"
"27.144287","27.144287000","26.750226000","3870","296","95.101.184.27","443","10.0.0.2","40940","244","512988","632"
"27.205310","27.205310000","26.811249000","3871","52","10.0.0.2","40940","95.101.184.27","443","0","632","506644"
"27.205340","27.205340000","26.811279000","3872","52","10.0.0.2","40940","95.101.184.27","443","0","632","506644"
"27.205357","27.205357000","26.811296000","3873","52","10.0.0.2","40940","95.101.184.27","443","0","632","506644"
"27.205374","27.205374000","26.811313000","3874","52","10.0.0.2","40940","95.101.184.27","443","0","632","506644"
"27.205870","27.205870000","26.811809000","3875","296","95.101.184.27","443","10.0.0.2","40940","244","513232","632"
"27.205907","27.205907000","26.811846000","3876","296","95.101.184.27","443","10.0.0.2","40940","244","513476","632"
"27.205991","27.205991000","26.811930000","3877","296","95.101.184.27","443","10.0.0.2","40940","244","513720","632"
"27.206006","27.206006000","26.811945000","3878","296","95.101.184.27","443","10.0.0.2","40940","244","513964","632"
"27.206040","27.206040000","26.811979000","3879","296","95.101.184.27","443","10.0.0.2","40940","244","506644","632"
"27.269020","27.269020000","26.874959000","3880","52","10.0.0.2","40940","95.101.184.27","443","0","632","506644"
"27.269049","27.269049000","26.874988000","3881","52","10.0.0.2","40940","95.101.184.27","443","0","632","506644"
"27.269068","27.269068000","26.875007000","3882","52","10.0.0.2","40940","95.101.184.27","443","0","632","506644"
"27.269084","27.269084000","26.875023000","3883","52","10.0.0.2","40940","95.101.184.27","443","0","632","506644"
"27.269098","27.269098000","26.875037000","3884","52","10.0.0.2","40940","95.101.184.27","443","0","632","506644"
"27.269590","27.269590000","26.875529000","3885","296","95.101.184.27","443","10.0.0.2","40940","244","514208","632"
"27.269626","27.269626000","26.875565000","3886","296","95.101.184.27","443","10.0.0.2","40940","244","514452","632"
"27.269677","27.269677000","26.875616000","3887","296","95.101.184.27","443","10.0.0.2","40940","244","514696","632"
"27.269690","27.269690000","26.875629000","3888","296","95.101.184.27","443","10.0.0.2","40940","244","514940","632"
"27.330428","27.330428000","26.936367000","3889","52","10.0.0.2","40940","95.101.184.27","443","0","632","506644"
"27.330459","27.330459000","26.936398000","3890","52","10.0.0.2","40940","95.101.184.27","443","0","632","506644"
"27.330478","27.330478000","26.936417000","3891","52","10.0.0.2","40940","95.101.184.27","443","0","632","506644"
"27.330492","27.330492000","26.936431000","3892","52","10.0.0.2","40940","95.101.184.27","443","0","632","506644"
"27.330507","27.330507000","26.936446000","3893","52","10.0.0.2","40940","95.101.184.27","443","0","632","506644"
"27.331033","27.331033000","26.936972000","3894","296","95.101.184.27","443","10.0.0.2","40940","244","515184","632"
"27.331065","27.331065000","26.937004000","3895","296","95.101.184.27","443","10.0.0.2","40940","244","515428","632"
"27.331102","27.331102000","26.937041000","3896","296","95.101.184.27","443","10.0.0.2","40940","244","515672","632"
"27.393690","27.393690000","26.999629000","3897","52","10.0.0.2","40940","95.101.184.27","443","0","632","506644"
"27.393718","27.393718000","26.999657000","3898","52","10.0.0.2","40940","95.101.184.27","443","0","632","506644"
"27.393735","27.393735000","26.999674000","3899","52","10.0.0.2","40940","95.101.184.27","443","0","632","506644"
"27.393748","27.393748000","26.999687000","3900","52","10.0.0.2","40940","95.101.184.27","443","0","632","506644"
"27.393760","27.393760000","26.999699000","3901","52","10.0.0.2","40940","95.101.184.27","443","0","632","506644"
"27.394256","27.394256000","27.000195000","3902","296","95.101.184.27","443","10.0.0.2","40940","244","515916","632"
"27.394291","27.394291000","27.000230000","3903","296","95.101.184.27","443","10.0.0.2","40940","244","516160","632"
"27.394343","27.394343000","27.000282000","3904","296","95.101.184.27","443","10.0.0.2","40940","244","516404","632"
"27.394355","27.394355000","27.000294000","3905","296","95.101.184.27","443","10.0.0.2","40940","244","516648","632"
"27.455182","27.455182000","27.061121000","3906","52","10.0.0.2","40940","95.101.184.27","443","0","632","506644"
"27.455213","27.455213000","27.061152000","3907","52","10.0.0.2","40940","95.101.184.27","443","0","632","506644"
"27.455231","27.455231000","27.061170000","3908","52","10.0.0.2","40940","95.101.184.27","443","0","632","506644"
"27.455246","27.455246000","27.061185000","3909","52","10.0.0.2","40940","95.101.184.27","443","0","632","506644"
"27.455260","27.455260000","27.061199000","3910","52","10.0.0.2","40940","95.101.184.27","443","0","632","506644"
"27.455753","27.455753000","27.061692000","3911","296","95.101.184.27","443","10.0.0.2","40940","244","516892","632"
"27.455781","27.455781000","27.061720000","3912","296","95.101.184.27","443","10.0.0.2","40940","244","517136","632"
"27.455817","27.455817000","27.061756000","3913","296","95.101.184.27","443","10.0.0.2","40940","244","517380","632"
"27.518777","27.518777000","27.124716000","3914","52","10.0.0.2","40940","95.101.184.27","443","0","632","506644"
"27.518809","27.518809000","27.124748000","3915","52","10.0.0.2","40940","95.101.184.27","443","0","632","506644"
"27.518828","27.518828000","27.124767000","3916","52","10.0.0.2","40940","95.101.184.27","443","0","632","506644"
"27.518843","27.518843000","27.124782000","3917","52","10.0.0.2","40940","95.101.184.27","443","0","632","506644"
"27.518857","27.518857000","27.124796000","3918","52","10.0.0.2","40940","95.101.184.27","443","0","632","506644"
"27.519301","27.519301000","27.125240000","3919","296","95.101.184.27","443","10.0.0.2","40940","244","517624","632"
"27.519512","27.519512000","27.125451000","3920","296","95.101.184.27","443","10.0.0.2","40940","244","517868","632"
"27.519546","27.519546000","27.125485000","3921","296","95.101.184.27","443","10.0.0.2","40940","244","518112","632"
"27.581001","27.581001000","27.186940000","3922","52","10.0.0.2","40940","95.101.184.27","443","0","632","506644"
"27.581039","27.581039000","27.186978000","3923","52","10.0.0.2","40940","95.101.184.27","443","0","632","511768"
"27.581058","27.581058000","27.186997000","3924","52","10.0.0.2","40940","95.101.184.27","443","0","632","511768"
"27.581076","27.581076000","27.187015000","3925","52","10.0.0.2","40940","95.101.184.27","443","0","632","511768"
"27.581087","27.581087000","27.187026000","3926","52","10.0.0.2","40940","95.101.184.27","443","0","632","511768"
"27.581472","27.581472000","27.187411000","3927","296","95.101.184.27","443","10.0.0.2","40940","244","518356","632"
"27.581580","27.581580000","27.187519000","3928","296","95.101.184.27","443","10.0.0.2","40940","244","511768","632"
"27.581595","27.581595000","27.187534000","3929","296","95.101.184.27","443","10.0.0.2","40940","244","518600","632"
"27.581643","27.581643000","27.187582000","3930","296","95.101.184.27","443","10.0.0.2","40940","244","518844","632"
"27.581657","27.581657000","27.187596000","3931","296","95.101.184.27","443","10.0.0.2","40940","244","519088","632"
"27.581691","27.581691000","27.187630000","3932","296","95.101.184.27","443","10.0.0.2","40940","244","519332","632"
"27.643531","27.643531000","27.249470000","3933","52","10.0.0.2","40940","95.101.184.27","443","0","632","511768"
"27.643560","27.643560000","27.249499000","3934","52","10.0.0.2","40940","95.101.184.27","443","0","632","511768"
"27.643577","27.643577000","27.249516000","3935","52","10.0.0.2","40940","95.101.184.27","443","0","632","511768"
"27.643593","27.643593000","27.249532000","3936","52","10.0.0.2","40940","95.101.184.27","443","0","632","511768"
"27.643608","27.643608000","27.249547000","3937","52","10.0.0.2","40940","95.101.184.27","443","0","632","511768"
"27.644103","27.644103000","27.250042000","3938","296","95.101.184.27","443","10.0.0.2","40940","244","519576","632"
"27.644139","27.644139000","27.250078000","3939","296","95.101.184.27","443","10.0.0.2","40940","244","519820","632"
"27.644192","27.644192000","27.250131000","3940","296","95.101.184.27","443","10.0.0.2","40940","244","520064","632"
"27.644203","27.644203000","27.250142000","3941","296","95.101.184.27","443","10.0.0.2","40940","244","520308","632"
"27.705323","27.705323000","27.311262000","3942","52","10.0.0.2","40940","95.101.184.27","443","0","632","511768"
"27.705353","27.705353000","27.311292000","3943","52","10.0.0.2","40940","95.101.184.27","443","0","632","511768"
"27.705372","27.705372000","27.311311000","3944","52","10.0.0.2","40940","95.101.184.27","443","0","632","511768"
"27.705389","27.705389000","27.311328000","3945","52","10.0.0.2","40940","95.101.184.27","443","0","632","511768"
"27.705404","27.705404000","27.311343000","3946","52","10.0.0.2","40940","95.101.184.27","443","0","632","511768"
"27.705861","27.705861000","27.311800000","3947","296","95.101.184.27","443","10.0.0.2","40940","244","520552","632"
"27.705897","27.705897000","27.311836000","3948","296","95.101.184.27","443","10.0.0.2","40940","244","520796","632"
"27.705981","27.705981000","27.311920000","3949","296","95.101.184.27","443","10.0.0.2","40940","244","521040","632"
"27.705995","27.705995000","27.311934000","3950","296","95.101.184.27","443","10.0.0.2","40940","244","521284","632"
"27.706029","27.706029000","27.311968000","3951","296","95.101.184.27","443","10.0.0.2","40940","244","521528","632"
"27.768315","27.768315000","27.374254000","3952","52","10.0.0.2","40940","95.101.184.27","443","0","632","511768"
"27.768350","27.768350000","27.374289000","3953","52","10.0.0.2","40940","95.101.184.27","443","0","632","511768"
"27.768368","27.768368000","27.374307000","3954","52","10.0.0.2","40940","95.101.184.27","443","0","632","511768"
"27.768383","27.768383000","27.374322000","3955","52","10.0.0.2","40940","95.101.184.27","443","0","632","511768"
"27.768401","27.768401000","27.374340000","3956","52","10.0.0.2","40940","95.101.184.27","443","0","632","511768"
"27.768893","27.768893000","27.374832000","3957","296","95.101.184.27","443","10.0.0.2","40940","244","521772","632"
"27.768958","27.768958000","27.374897000","3958","296","95.101.184.27","443","10.0.0.2","40940","244","522016","632"
"27.769013","27.769013000","27.374952000","3959","296","95.101.184.27","443","10.0.0.2","40940","244","522260","632"
"27.769025","27.769025000","27.374964000","3960","296","95.101.184.27","443","10.0.0.2","40940","244","522504","632"
"27.769059","27.769059000","27.374998000","3961","296","95.101.184.27","443","10.0.0.2","40940","244","522748","632"
"27.830730","27.830730000","27.436669000","3962","52","10.0.0.2","40940","95.101.184.27","443","0","632","518600"
"27.830760","27.830760000","27.436699000","3963","52","10.0.0.2","40940","95.101.184.27","443","0","632","519576"
"27.831358","27.831358000","27.437297000","3964","296","95.101.184.27","443","10.0.0.2","40940","244","522992","632"
"27.831393","27.831393000","27.437332000","3965","296","95.101.184.27","443","10.0.0.2","40940","244","523236","632"
"27.831448","27.831448000","27.437387000","3966","296","95.101.184.27","443","10.0.0.2","40940","244","523480","632"
"27.831460","27.831460000","27.437399000","3967","296","95.101.184.27","443","10.0.0.2","40940","244","523724","632"
"27.831506","27.831506000","27.437445000","3968","296","95.101.184.27","443","10.0.0.2","40940","244","523968","632"
"27.831518","27.831518000","27.437457000","3969","296","95.101.184.27","443","10.0.0.2","40940","244","524212","632"
"27.893843","27.893843000","27.499782000","3970","52","10.0.0.2","40940","95.101.184.27","443","0","632","519820"
"27.893876","27.893876000","27.499815000","3971","52","10.0.0.2","40940","95.101.184.27","443","0","632","520308"
"27.893894","27.893894000","27.499833000","3972","52","10.0.0.2","40940","95.101.184.27","443","0","632","521040"
"27.894435","27.894435000","27.500374000","3973","296","95.101.184.27","443","10.0.0.2","40940","244","524456","632"
"27.894472","27.894472000","27.500411000","3974","296","95.101.184.27","443","10.0.0.2","40940","244","524700","632"
"27.894524","27.894524000","27.500463000","3975","296","95.101.184.27","443","10.0.0.2","40940","244","524944","632"
"27.894535","27.894535000","27.500474000","3976","296","95.101.184.27","443","10.0.0.2","40940","244","525188","632"
"27.894581","27.894581000","27.500520000","3977","296","95.101.184.27","443","10.0.0.2","40940","244","525432","632"
"27.894593","27.894593000","27.500532000","3978","296","95.101.184.27","443","10.0.0.2","40940","244","525676","632"
"27.894626","27.894626000","27.500565000","3979","296","95.101.184.27","443","10.0.0.2","40940","244","525920","632"
"27.955660","27.955660000","27.561599000","3980","52","10.0.0.2","40940","95.101.184.27","443","0","632","521528"
"27.955691","27.955691000","27.561630000","3981","52","10.0.0.2","40940","95.101.184.27","443","0","632","522260"
"27.956207","27.956207000","27.562146000","3982","296","95.101.184.27","443","10.0.0.2","40940","244","526164","632"
"27.956244","27.956244000","27.562183000","3983","296","95.101.184.27","443","10.0.0.2","40940","244","526408","632"
"27.956299","27.956299000","27.562238000","3984","296","95.101.184.27","443","10.0.0.2","40940","244","526652","632"
"27.956312","27.956312000","27.562251000","3985","296","95.101.184.27","443","10.0.0.2","40940","244","526896","632"
"27.956345","27.956345000","27.562284000","3986","296","95.101.184.27","443","10.0.0.2","40940","244","527140","632"
"28.019063","28.019063000","27.625002000","3987","52","10.0.0.2","40940","95.101.184.27","443","0","632","522748"
"28.019093","28.019093000","27.625032000","3988","52","10.0.0.2","40940","95.101.184.27","443","0","632","523480"
"28.019659","28.019659000","27.625598000","3989","296","95.101.184.27","443","10.0.0.2","40940","244","527384","632"
"28.019695","28.019695000","27.625634000","3990","296","95.101.184.27","443","10.0.0.2","40940","244","527628","632"
"28.019748","28.019748000","27.625687000","3991","296","95.101.184.27","443","10.0.0.2","40940","244","527872","632"
"28.019761","28.019761000","27.625700000","3992","296","95.101.184.27","443","10.0.0.2","40940","244","528116","632"
"28.019808","28.019808000","27.625747000","3993","296","95.101.184.27","443","10.0.0.2","40940","244","528360","632"
"28.019819","28.019819000","27.625758000","3994","296","95.101.184.27","443","10.0.0.2","40940","244","528604","632"
"28.080292","28.080292000","27.686231000","3995","52","10.0.0.2","40940","95.101.184.27","443","0","632","523968"
"28.080323","28.080323000","27.686262000","3996","52","10.0.0.2","40940","95.101.184.27","443","0","632","524700"
"28.081048","28.081048000","27.686987000","3997","296","95.101.184.27","443","10.0.0.2","40940","244","528848","632"
"28.081094","28.081094000","27.687033000","3998","296","95.101.184.27","443","10.0.0.2","40940","244","529092","632"
"28.081160","28.081160000","27.687099000","3999","296","95.101.184.27","443","10.0.0.2","40940","244","529336","632"
"28.081173","28.081173000","27.687112000","4000","296","95.101.184.27","443","10.0.0.2","40940","244","529580","632"
"28.081209","28.081209000","27.687148000","4001","296","95.101.184.27","443","10.0.0.2","40940","244","529824","632"
"28.143879","28.143879000","27.749818000","4002","52","10.0.0.2","40940","95.101.184.27","443","0","632","525188"
"28.143908","28.143908000","27.749847000","4003","52","10.0.0.2","40940","95.101.184.27","443","0","632","525920"
"28.144418","28.144418000","27.750357000","4004","296","95.101.184.27","443","10.0.0.2","40940","244","530068","632"
"28.144453","28.144453000","27.750392000","4005","296","95.101.184.27","443","10.0.0.2","40940","244","530312","632"
"28.144504","28.144504000","27.750443000","4006","296","95.101.184.27","443","10.0.0.2","40940","244","530556","632"
"28.144517","28.144517000","27.750456000","4007","296","95.101.184.27","443","10.0.0.2","40940","244","530800","632"
"28.144566","28.144566000","27.750505000","4008","296","95.101.184.27","443","10.0.0.2","40940","244","531044","632"
"28.144577","28.144577000","27.750516000","4009","296","95.101.184.27","443","10.0.0.2","40940","244","531288","632"
"28.205328","28.205328000","27.811267000","4010","52","10.0.0.2","40940","95.101.184.27","443","0","632","526408"
"28.205359","28.205359000","27.811298000","4011","52","10.0.0.2","40940","95.101.184.27","443","0","632","527140"
"28.206056","28.206056000","27.811995000","4012","296","95.101.184.27","443","10.0.0.2","40940","244","531532","632"
"28.206096","28.206096000","27.812035000","4013","296","95.101.184.27","443","10.0.0.2","40940","244","531776","632"
"28.206146","28.206146000","27.812085000","4014","296","95.101.184.27","443","10.0.0.2","40940","244","532020","632"
"28.206158","28.206158000","27.812097000","4015","296","95.101.184.27","443","10.0.0.2","40940","244","532264","632"
"28.206192","28.206192000","27.812131000","4016","296","95.101.184.27","443","10.0.0.2","40940","244","532508","632"
"28.268763","28.268763000","27.874702000","4017","52","10.0.0.2","40940","95.101.184.27","443","0","632","527628"
"28.268785","28.268785000","27.874724000","4018","52","10.0.0.2","40940","95.101.184.27","443","0","632","528360"
"28.269267","28.269267000","27.875206000","4019","296","95.101.184.27","443","10.0.0.2","40940","244","532752","632"
"28.269302","28.269302000","27.875241000","4020","296","95.101.184.27","443","10.0.0.2","40940","244","532996","632"
"28.269353","28.269353000","27.875292000","4021","296","95.101.184.27","443","10.0.0.2","40940","244","533240","632"
"28.269366","28.269366000","27.875305000","4022","296","95.101.184.27","443","10.0.0.2","40940","244","533484","632"
"28.269412","28.269412000","27.875351000","4023","296","95.101.184.27","443","10.0.0.2","40940","244","533728","632"
"28.269424","28.269424000","27.875363000","4024","296","95.101.184.27","443","10.0.0.2","40940","244","533972","632"
"28.331016","28.331016000","27.936955000","4025","52","10.0.0.2","40940","95.101.184.27","443","0","632","528848"
"28.331045","28.331045000","27.936984000","4026","52","10.0.0.2","40940","95.101.184.27","443","0","632","529580"
"28.331584","28.331584000","27.937523000","4027","296","95.101.184.27","443","10.0.0.2","40940","244","534216","632"
"28.331620","28.331620000","27.937559000","4028","296","95.101.184.27","443","10.0.0.2","40940","244","534460","632"
"28.331670","28.331670000","27.937609000","4029","296","95.101.184.27","443","10.0.0.2","40940","244","534704","632"
"28.331682","28.331682000","27.937621000","4030","296","95.101.184.27","443","10.0.0.2","40940","244","534948","632"
"28.331719","28.331719000","27.937658000","4031","296","95.101.184.27","443","10.0.0.2","40940","244","535192","632"
"28.393797","28.393797000","27.999736000","4032","52","10.0.0.2","40940","95.101.184.27","443","0","632","530068"
"28.393827","28.393827000","27.999766000","4033","52","10.0.0.2","40940","95.101.184.27","443","0","632","530800"
"28.394436","28.394436000","28.000375000","4034","296","95.101.184.27","443","10.0.0.2","40940","244","535436","632"
"28.394473","28.394473000","28.000412000","4035","296","95.101.184.27","443","10.0.0.2","40940","244","535680","632"
"28.394524","28.394524000","28.000463000","4036","296","95.101.184.27","443","10.0.0.2","40940","244","535924","632"
"28.394537","28.394537000","28.000476000","4037","296","95.101.184.27","443","10.0.0.2","40940","244","536168","632"
"28.394570","28.394570000","28.000509000","4038","296","95.101.184.27","443","10.0.0.2","40940","244","536412","632"
"28.455266","28.455266000","28.061205000","4039","52","10.0.0.2","40940","95.101.184.27","443","0","632","531288"
"28.455298","28.455298000","28.061237000","4040","52","10.0.0.2","40940","95.101.184.27","443","0","632","532020"
"28.455860","28.455860000","28.061799000","4041","296","95.101.184.27","443","10.0.0.2","40940","244","536656","632"
"28.455897","28.455897000","28.061836000","4042","296","95.101.184.27","443","10.0.0.2","40940","244","536900","632"
"28.455979","28.455979000","28.061918000","4043","296","95.101.184.27","443","10.0.0.2","40940","244","537144","632"
"28.455994","28.455994000","28.061933000","4044","296","95.101.184.27","443","10.0.0.2","40940","244","537388","632"
"28.456041","28.456041000","28.061980000","4045","296","95.101.184.27","443","10.0.0.2","40940","244","537632","632"
"28.456054","28.456054000","28.061993000","4046","296","95.101.184.27","443","10.0.0.2","40940","244","537876","632"
"28.518375","28.518375000","28.124314000","4047","52","10.0.0.2","40940","95.101.184.27","443","0","632","532508"
"28.518405","28.518405000","28.124344000","4048","52","10.0.0.2","40940","95.101.184.27","443","0","632","533240"
"28.518965","28.518965000","28.124904000","4049","296","95.101.184.27","443","10.0.0.2","40940","244","538120","632"
"28.519002","28.519002000","28.124941000","4050","296","95.101.184.27","443","10.0.0.2","40940","244","538364","632"
"28.519053","28.519053000","28.124992000","4051","296","95.101.184.27","443","10.0.0.2","40940","244","538608","632"
"28.519065","28.519065000","28.125004000","4052","296","95.101.184.27","443","10.0.0.2","40940","244","538852","632"
"28.519098","28.519098000","28.125037000","4053","296","95.101.184.27","443","10.0.0.2","40940","244","539096","632"
"28.581005","28.581005000","28.186944000","4054","52","10.0.0.2","40940","95.101.184.27","443","0","632","533728"
"28.581036","28.581036000","28.186975000","4055","52","10.0.0.2","40940","95.101.184.27","443","0","632","534460"
"28.581726","28.581726000","28.187665000","4056","296","95.101.184.27","443","10.0.0.2","40940","244","539340","632"
"28.581771","28.581771000","28.187710000","4057","296","95.101.184.27","443","10.0.0.2","40940","244","539584","632"
"28.581838","28.581838000","28.187777000","4058","296","95.101.184.27","443","10.0.0.2","40940","244","539828","632"
"28.581856","28.581856000","28.187795000","4059","296","95.101.184.27","443","10.0.0.2","40940","244","540072","632"
"28.581944","28.581944000","28.187883000","4060","296","95.101.184.27","443","10.0.0.2","40940","244","540316","632"
"28.581963","28.581963000","28.187902000","4061","296","95.101.184.27","443","10.0.0.2","40940","244","540560","632"
"28.643602","28.643602000","28.249541000","4062","52","10.0.0.2","40940","95.101.184.27","443","0","632","534948"
"28.643630","28.643630000","28.249569000","4063","52","10.0.0.2","40940","95.101.184.27","443","0","632","535680"
"28.644186","28.644186000","28.250125000","4064","296","95.101.184.27","443","10.0.0.2","40940","244","540804","632"
"28.644223","28.644223000","28.250162000","4065","296","95.101.184.27","443","10.0.0.2","40940","244","541048","632"
"28.644275","28.644275000","28.250214000","4066","296","95.101.184.27","443","10.0.0.2","40940","244","541292","632"
"28.644287","28.644287000","28.250226000","4067","296","95.101.184.27","443","10.0.0.2","40940","244","541536","632"
"28.644321","28.644321000","28.250260000","4068","296","95.101.184.27","443","10.0.0.2","40940","244","541780","632"
"28.705650","28.705650000","28.311589000","4069","52","10.0.0.2","40940","95.101.184.27","443","0","632","536168"
"28.705682","28.705682000","28.311621000","4070","52","10.0.0.2","40940","95.101.184.27","443","0","632","536900"
"28.706191","28.706191000","28.312130000","4071","296","95.101.184.27","443","10.0.0.2","40940","244","542024","632"
"28.706227","28.706227000","28.312166000","4072","296","95.101.184.27","443","10.0.0.2","40940","244","542268","632"
"28.706278","28.706278000","28.312217000","4073","296","95.101.184.27","443","10.0.0.2","40940","244","542512","632"
"28.706290","28.706290000","28.312229000","4074","296","95.101.184.27","443","10.0.0.2","40940","244","542756","632"
"28.706324","28.706324000","28.312263000","4075","296","95.101.184.27","443","10.0.0.2","40940","244","543000","632"
"28.768494","28.768494000","28.374433000","4076","52","10.0.0.2","40940","95.101.184.27","443","0","632","537388"
"28.768525","28.768525000","28.374464000","4077","52","10.0.0.2","40940","95.101.184.27","443","0","632","538120"
"28.769130","28.769130000","28.375069000","4078","296","95.101.184.27","443","10.0.0.2","40940","244","543244","632"
"28.769166","28.769166000","28.375105000","4079","296","95.101.184.27","443","10.0.0.2","40940","244","543488","632"
"28.769215","28.769215000","28.375154000","4080","296","95.101.184.27","443","10.0.0.2","40940","244","543732","632"
"28.769228","28.769228000","28.375167000","4081","296","95.101.184.27","443","10.0.0.2","40940","244","543976","632"
"28.769262","28.769262000","28.375201000","4082","296","95.101.184.27","443","10.0.0.2","40940","244","544220","632"
"28.830865","28.830865000","28.436804000","4083","52","10.0.0.2","40940","95.101.184.27","443","0","632","538608"
"28.830893","28.830893000","28.436832000","4084","52","10.0.0.2","40940","95.101.184.27","443","0","632","539340"
"28.831476","28.831476000","28.437415000","4085","296","95.101.184.27","443","10.0.0.2","40940","244","544464","632"
"28.831511","28.831511000","28.437450000","4086","296","95.101.184.27","443","10.0.0.2","40940","244","544708","632"
"28.831561","28.831561000","28.437500000","4087","296","95.101.184.27","443","10.0.0.2","40940","244","544952","632"
"28.831573","28.831573000","28.437512000","4088","296","95.101.184.27","443","10.0.0.2","40940","244","545196","632"
"28.831619","28.831619000","28.437558000","4089","296","95.101.184.27","443","10.0.0.2","40940","244","545440","632"
"28.831630","28.831630000","28.437569000","4090","296","95.101.184.27","443","10.0.0.2","40940","244","545684","632"
"28.893900","28.893900000","28.499839000","4091","52","10.0.0.2","40940","95.101.184.27","443","0","632","539828"
"28.893987","28.893987000","28.499926000","4092","52","10.0.0.2","40940","95.101.184.27","443","0","632","540560"
"28.894507","28.894507000","28.500446000","4093","296","95.101.184.27","443","10.0.0.2","40940","244","545928","632"
"28.894542","28.894542000","28.500481000","4094","296","95.101.184.27","443","10.0.0.2","40940","244","546172","632"
"28.894591","28.894591000","28.500530000","4095","296","95.101.184.27","443","10.0.0.2","40940","244","546416","632"
"28.894603","28.894603000","28.500542000","4096","296","95.101.184.27","443","10.0.0.2","40940","244","546660","632"
"28.894640","28.894640000","28.500579000","4097","296","95.101.184.27","443","10.0.0.2","40940","244","546904","632"
"28.955853","28.955853000","28.561792000","4098","52","10.0.0.2","40940","95.101.184.27","443","0","632","541048"
"28.955884","28.955884000","28.561823000","4099","52","10.0.0.2","40940","95.101.184.27","443","0","632","541780"
"28.956506","28.956506000","28.562445000","4100","296","95.101.184.27","443","10.0.0.2","40940","244","547148","632"
"28.956543","28.956543000","28.562482000","4101","296","95.101.184.27","443","10.0.0.2","40940","244","547392","632"
"28.956594","28.956594000","28.562533000","4102","296","95.101.184.27","443","10.0.0.2","40940","244","547636","632"
"28.956607","28.956607000","28.562546000","4103","296","95.101.184.27","443","10.0.0.2","40940","244","547880","632"
"28.956640","28.956640000","28.562579000","4104","296","95.101.184.27","443","10.0.0.2","40940","244","548124","632"
"29.018163","29.018163000","28.624102000","4105","52","10.0.0.2","40940","95.101.184.27","443","0","632","542268"
"29.018192","29.018192000","28.624131000","4106","52","10.0.0.2","40940","95.101.184.27","443","0","632","543000"
"29.018712","29.018712000","28.624651000","4107","296","95.101.184.27","443","10.0.0.2","40940","244","548368","632"
"29.018749","29.018749000","28.624688000","4108","296","95.101.184.27","443","10.0.0.2","40940","244","548612","632"
"29.018800","29.018800000","28.624739000","4109","296","95.101.184.27","443","10.0.0.2","40940","244","548856","632"
"29.018813","29.018813000","28.624752000","4110","296","95.101.184.27","443","10.0.0.2","40940","244","549100","632"
"29.018847","29.018847000","28.624786000","4111","296","95.101.184.27","443","10.0.0.2","40940","244","549344","632"
"29.080227","29.080227000","28.686166000","4112","52","10.0.0.2","40940","95.101.184.27","443","0","632","543488"
"29.080258","29.080258000","28.686197000","4113","52","10.0.0.2","40940","95.101.184.27","443","0","632","544220"
"29.080851","29.080851000","28.686790000","4114","296","95.101.184.27","443","10.0.0.2","40940","244","549588","632"
"29.080887","29.080887000","28.686826000","4115","296","95.101.184.27","443","10.0.0.2","40940","244","549832","632"
"29.080979","29.080979000","28.686918000","4116","296","95.101.184.27","443","10.0.0.2","40940","244","550076","632"
"29.080994","29.080994000","28.686933000","4117","296","95.101.184.27","443","10.0.0.2","40940","244","550320","632"
"29.081028","29.081028000","28.686967000","4118","296","95.101.184.27","443","10.0.0.2","40940","244","550564","632"
"29.144130","29.144130000","28.750069000","4119","52","10.0.0.2","40940","95.101.184.27","443","0","632","544708"
"29.144159","29.144159000","28.750098000","4120","52","10.0.0.2","40940","95.101.184.27","443","0","632","545440"
"29.144813","29.144813000","28.750752000","4121","296","95.101.184.27","443","10.0.0.2","40940","244","550808","632"
"29.144856","29.144856000","28.750795000","4122","296","95.101.184.27","443","10.0.0.2","40940","244","551052","632"
"29.144953","29.144953000","28.750892000","4123","296","95.101.184.27","443","10.0.0.2","40940","244","551296","632"
"29.144981","29.144981000","28.750920000","4124","296","95.101.184.27","443","10.0.0.2","40940","244","551540","632"
"29.145041","29.145041000","28.750980000","4125","296","95.101.184.27","443","10.0.0.2","40940","244","551784","632"
"29.145055","29.145055000","28.750994000","4126","296","95.101.184.27","443","10.0.0.2","40940","244","552028","632"
"29.205555","29.205555000","28.811494000","4127","52","10.0.0.2","40940","95.101.184.27","443","0","632","545928"
"29.205585","29.205585000","28.811524000","4128","52","10.0.0.2","40940","95.101.184.27","443","0","632","546660"
"29.206130","29.206130000","28.812069000","4129","296","95.101.184.27","443","10.0.0.2","40940","244","552272","632"
"29.206166","29.206166000","28.812105000","4130","296","95.101.184.27","443","10.0.0.2","40940","244","552516","632"
"29.206217","29.206217000","28.812156000","4131","296","95.101.184.27","443","10.0.0.2","40940","244","552760","632"
"29.206229","29.206229000","28.812168000","4132","296","95.101.184.27","443","10.0.0.2","40940","244","553004","632"
"29.206262","29.206262000","28.812201000","4133","296","95.101.184.27","443","10.0.0.2","40940","244","553248","632"
"29.268594","29.268594000","28.874533000","4134","52","10.0.0.2","40940","95.101.184.27","443","0","632","547148"
"29.268629","29.268629000","28.874568000","4135","52","10.0.0.2","40940","95.101.184.27","443","0","632","547880"
"29.269191","29.269191000","28.875130000","4136","296","95.101.184.27","443","10.0.0.2","40940","244","553492","632"
"29.269228","29.269228000","28.875167000","4137","296","95.101.184.27","443","10.0.0.2","40940","244","553736","632"
"29.269280","29.269280000","28.875219000","4138","296","95.101.184.27","443","10.0.0.2","40940","244","553980","632"
"29.269293","29.269293000","28.875232000","4139","296","95.101.184.27","443","10.0.0.2","40940","244","554224","632"
"29.269326","29.269326000","28.875265000","4140","296","95.101.184.27","443","10.0.0.2","40940","244","554468","632"
"29.330645","29.330645000","28.936584000","4141","52","10.0.0.2","40940","95.101.184.27","443","0","632","548368"
"29.330681","29.330681000","28.936620000","4142","52","10.0.0.2","40940","95.101.184.27","443","0","632","549100"
"29.331232","29.331232000","28.937171000","4143","296","95.101.184.27","443","10.0.0.2","40940","244","554712","632"
"29.331269","29.331269000","28.937208000","4144","296","95.101.184.27","443","10.0.0.2","40940","244","554956","632"
"29.331320","29.331320000","28.937259000","4145","296","95.101.184.27","443","10.0.0.2","40940","244","555200","632"
"29.331332","29.331332000","28.937271000","4146","296","95.101.184.27","443","10.0.0.2","40940","244","555444","632"
"29.331366","29.331366000","28.937305000","4147","296","95.101.184.27","443","10.0.0.2","40940","244","555688","632"
"29.393817","29.393817000","28.999756000","4148","52","10.0.0.2","40940","95.101.184.27","443","0","632","549588"
"29.393847","29.393847000","28.999786000","4149","52","10.0.0.2","40940","95.101.184.27","443","0","632","550320"
"29.394435","29.394435000","29.000374000","4150","296","95.101.184.27","443","10.0.0.2","40940","244","555932","632"
"29.394470","29.394470000","29.000409000","4151","296","95.101.184.27","443","10.0.0.2","40940","244","556176","632"
"29.394520","29.394520000","29.000459000","4152","296","95.101.184.27","443","10.0.0.2","40940","244","556420","632"
"29.394532","29.394532000","29.000471000","4153","296","95.101.184.27","443","10.0.0.2","40940","244","556664","632"
"29.394566","29.394566000","29.000505000","4154","296","95.101.184.27","443","10.0.0.2","40940","244","556908","632"
"29.455869","29.455869000","29.061808000","4155","52","10.0.0.2","40940","95.101.184.27","443","0","632","550808"
"29.455900","29.455900000","29.061839000","4156","52","10.0.0.2","40940","95.101.184.27","443","0","632","551540"
"29.456604","29.456604000","29.062543000","4157","296","95.101.184.27","443","10.0.0.2","40940","244","557152","632"
"29.456650","29.456650000","29.062589000","4158","296","95.101.184.27","443","10.0.0.2","40940","244","557396","632"
"29.456719","29.456719000","29.062658000","4159","296","95.101.184.27","443","10.0.0.2","40940","244","557640","632"
"29.456738","29.456738000","29.062677000","4160","296","95.101.184.27","443","10.0.0.2","40940","244","557884","632"
"29.456796","29.456796000","29.062735000","4161","296","95.101.184.27","443","10.0.0.2","40940","244","558128","632"
"29.456810","29.456810000","29.062749000","4162","296","95.101.184.27","443","10.0.0.2","40940","244","558372","632"
"29.518376","29.518376000","29.124315000","4163","52","10.0.0.2","40940","95.101.184.27","443","0","632","552028"
"29.518401","29.518401000","29.124340000","4164","52","10.0.0.2","40940","95.101.184.27","443","0","632","552028"
"29.518413","29.518413000","29.124352000","4165","52","10.0.0.2","40940","95.101.184.27","443","0","632","552028"
"29.518425","29.518425000","29.124364000","4166","52","10.0.0.2","40940","95.101.184.27","443","0","632","552028"
"29.519015","29.519015000","29.124954000","4167","296","95.101.184.27","443","10.0.0.2","40940","244","558616","632"
"29.519049","29.519049000","29.124988000","4168","296","95.101.184.27","443","10.0.0.2","40940","244","558860","632"
"29.519098","29.519098000","29.125037000","4169","296","95.101.184.27","443","10.0.0.2","40940","244","559104","632"
"29.519110","29.519110000","29.125049000","4170","296","95.101.184.27","443","10.0.0.2","40940","244","559348","632"
"29.519145","29.519145000","29.125084000","4171","296","95.101.184.27","443","10.0.0.2","40940","244","552028","632"
"29.580659","29.580659000","29.186598000","4172","52","10.0.0.2","40940","95.101.184.27","443","0","632","552028"
"29.580685","29.580685000","29.186624000","4173","52","10.0.0.2","40940","95.101.184.27","443","0","632","552028"
"29.580703","29.580703000","29.186642000","4174","52","10.0.0.2","40940","95.101.184.27","443","0","632","552028"
"29.580721","29.580721000","29.186660000","4175","52","10.0.0.2","40940","95.101.184.27","443","0","632","552028"
"29.580736","29.580736000","29.186675000","4176","52","10.0.0.2","40940","95.101.184.27","443","0","632","552028"
"29.581239","29.581239000","29.187178000","4177","296","95.101.184.27","443","10.0.0.2","40940","244","559592","632"
"29.581274","29.581274000","29.187213000","4178","296","95.101.184.27","443","10.0.0.2","40940","244","559836","632"
"29.581324","29.581324000","29.187263000","4179","296","95.101.184.27","443","10.0.0.2","40940","244","560080","632"
"29.581337","29.581337000","29.187276000","4180","296","95.101.184.27","443","10.0.0.2","40940","244","560324","632"
"29.643385","29.643385000","29.249324000","4181","52","10.0.0.2","40940","95.101.184.27","443","0","632","552028"
"29.643414","29.643414000","29.249353000","4182","52","10.0.0.2","40940","95.101.184.27","443","0","632","552028"
"29.643431","29.643431000","29.249370000","4183","52","10.0.0.2","40940","95.101.184.27","443","0","632","552028"
"29.643446","29.643446000","29.249385000","4184","52","10.0.0.2","40940","95.101.184.27","443","0","632","552028"
"29.643461","29.643461000","29.249400000","4185","52","10.0.0.2","40940","95.101.184.27","443","0","632","552028"
"29.643982","29.643982000","29.249921000","4186","296","95.101.184.27","443","10.0.0.2","40940","244","560568","632"
"29.644018","29.644018000","29.249957000","4187","296","95.101.184.27","443","10.0.0.2","40940","244","560812","632"
"29.644057","29.644057000","29.249996000","4188","296","95.101.184.27","443","10.0.0.2","40940","244","561056","632"
"29.705717","29.705717000","29.311656000","4189","52","10.0.0.2","40940","95.101.184.27","443","0","632","552028"
"29.705739","29.705739000","29.311678000","4190","52","10.0.0.2","40940","95.101.184.27","443","0","632","552028"
"29.705754","29.705754000","29.311693000","4191","52","10.0.0.2","40940","95.101.184.27","443","0","632","552028"
"29.705769","29.705769000","29.311708000","4192","52","10.0.0.2","40940","95.101.184.27","443","0","632","552028"
"29.705783","29.705783000","29.311722000","4193","52","10.0.0.2","40940","95.101.184.27","443","0","632","552028"
"29.706272","29.706272000","29.312211000","4194","296","95.101.184.27","443","10.0.0.2","40940","244","561300","632"
"29.706308","29.706308000","29.312247000","4195","296","95.101.184.27","443","10.0.0.2","40940","244","561544","632"
"29.706360","29.706360000","29.312299000","4196","296","95.101.184.27","443","10.0.0.2","40940","244","561788","632"
"29.706373","29.706373000","29.312312000","4197","296","95.101.184.27","443","10.0.0.2","40940","244","562032","632"
"29.768861","29.768861000","29.374800000","4198","52","10.0.0.2","40940","95.101.184.27","443","0","632","552028"
"29.768894","29.768894000","29.374833000","4199","52","10.0.0.2","40940","95.101.184.27","443","0","632","552028"
"29.768941","29.768941000","29.374880000","4200","52","10.0.0.2","40940","95.101.184.27","443","0","632","552028"
"29.768977","29.768977000","29.374916000","4201","52","10.0.0.2","40940","95.101.184.27","443","0","632","552028"
"29.768989","29.768989000","29.374928000","4202","52","10.0.0.2","40940","95.101.184.27","443","0","632","552028"
"29.769423","29.769423000","29.375362000","4203","296","95.101.184.27","443","10.0.0.2","40940","244","562276","632"
"29.769459","29.769459000","29.375398000","4204","296","95.101.184.27","443","10.0.0.2","40940","244","562520","632"
"29.769497","29.769497000","29.375436000","4205","296","95.101.184.27","443","10.0.0.2","40940","244","562764","632"
"29.830802","29.830802000","29.436741000","4206","52","10.0.0.2","40940","95.101.184.27","443","0","632","552028"
"29.830834","29.830834000","29.436773000","4207","52","10.0.0.2","40940","95.101.184.27","443","0","632","552028"
"29.830854","29.830854000","29.436793000","4208","52","10.0.0.2","40940","95.101.184.27","443","0","632","552028"
"29.830872","29.830872000","29.436811000","4209","52","10.0.0.2","40940","95.101.184.27","443","0","632","552028"
"29.830890","29.830890000","29.436829000","4210","52","10.0.0.2","40940","95.101.184.27","443","0","632","552028"
"29.831255","29.831255000","29.437194000","4211","296","95.101.184.27","443","10.0.0.2","40940","244","563008","632"
"29.831395","29.831395000","29.437334000","4212","296","95.101.184.27","443","10.0.0.2","40940","244","563252","632"
"29.831416","29.831416000","29.437355000","4213","296","95.101.184.27","443","10.0.0.2","40940","244","563496","632"
"29.893487","29.893487000","29.499426000","4214","52","10.0.0.2","40940","95.101.184.27","443","0","632","552028"
"29.893517","29.893517000","29.499456000","4215","52","10.0.0.2","40940","95.101.184.27","443","0","632","558372"
"29.893534","29.893534000","29.499473000","4216","52","10.0.0.2","40940","95.101.184.27","443","0","632","558372"
"29.893549","29.893549000","29.499488000","4217","52","10.0.0.2","40940","95.101.184.27","443","0","632","558372"
"29.893563","29.893563000","29.499502000","4218","52","10.0.0.2","40940","95.101.184.27","443","0","632","558372"
"29.893944","29.893944000","29.499883000","4219","296","95.101.184.27","443","10.0.0.2","40940","244","563740","632"
"29.894011","29.894011000","29.499950000","4220","296","95.101.184.27","443","10.0.0.2","40940","244","558372","632"
"29.894025","29.894025000","29.499964000","4221","296","95.101.184.27","443","10.0.0.2","40940","244","563984","632"
"29.894075","29.894075000","29.500014000","4222","296","95.101.184.27","443","10.0.0.2","40940","244","564228","632"
"29.894087","29.894087000","29.500026000","4223","296","95.101.184.27","443","10.0.0.2","40940","244","564472","632"
"29.955153","29.955153000","29.561092000","4224","52","10.0.0.2","40940","95.101.184.27","443","0","632","558372"
"29.955181","29.955181000","29.561120000","4225","52","10.0.0.2","40940","95.101.184.27","443","0","632","558372"
"29.955193","29.955193000","29.561132000","4226","52","10.0.0.2","40940","95.101.184.27","443","0","632","558372"
"29.955205","29.955205000","29.561144000","4227","52","10.0.0.2","40940","95.101.184.27","443","0","632","558372"
"29.955216","29.955216000","29.561155000","4228","52","10.0.0.2","40940","95.101.184.27","443","0","632","558372"
"29.955652","29.955652000","29.561591000","4229","296","95.101.184.27","443","10.0.0.2","40940","244","564716","632"
"29.955673","29.955673000","29.561612000","4230","296","95.101.184.27","443","10.0.0.2","40940","244","564960","632"
"29.955722","29.955722000","29.561661000","4231","296","95.101.184.27","443","10.0.0.2","40940","244","565204","632"
"29.955734","29.955734000","29.561673000","4232","296","95.101.184.27","443","10.0.0.2","40940","244","565448","632"
"29.955766","29.955766000","29.561705000","4233","296","95.101.184.27","443","10.0.0.2","40940","244","565692","632"
"29.959195","29.959195000",,"4234","48",,,,,,,
"30.018277","30.018277000","29.624216000","4235","52","10.0.0.2","40940","95.101.184.27","443","0","632","558372"
"30.018308","30.018308000","29.624247000","4236","52","10.0.0.2","40940","95.101.184.27","443","0","632","558372"
"30.018326","30.018326000","29.624265000","4237","52","10.0.0.2","40940","95.101.184.27","443","0","632","558372"
"30.018341","30.018341000","29.624280000","4238","52","10.0.0.2","40940","95.101.184.27","443","0","632","558372"
"30.018353","30.018353000","29.624292000","4239","52","10.0.0.2","40940","95.101.184.27","443","0","632","558372"
"30.018886","30.018886000","29.624825000","4240","296","95.101.184.27","443","10.0.0.2","40940","244","565936","632"
"30.018910","30.018910000","29.624849000","4241","296","95.101.184.27","443","10.0.0.2","40940","244","566180","632"
"30.018993","30.018993000","29.624932000","4242","296","95.101.184.27","443","10.0.0.2","40940","244","566424","632"
"30.019006","30.019006000","29.624945000","4243","296","95.101.184.27","443","10.0.0.2","40940","244","566668","632"
"30.019040","30.019040000","29.624979000","4244","296","95.101.184.27","443","10.0.0.2","40940","244","566912","632"
"30.080653","30.080653000","29.686592000","4245","52","10.0.0.2","40940","95.101.184.27","443","0","632","558372"
"30.080686","30.080686000","29.686625000","4246","52","10.0.0.2","40940","95.101.184.27","443","0","632","558372"
"30.080705","30.080705000","29.686644000","4247","52","10.0.0.2","40940","95.101.184.27","443","0","632","558372"
"30.080718","30.080718000","29.686657000","4248","52","10.0.0.2","40940","95.101.184.27","443","0","632","558372"
"30.080731","30.080731000","29.686670000","4249","52","10.0.0.2","40940","95.101.184.27","443","0","632","558372"
"30.081250","30.081250000","29.687189000","4250","296","95.101.184.27","443","10.0.0.2","40940","244","567156","632"
"30.081274","30.081274000","29.687213000","4251","296","95.101.184.27","443","10.0.0.2","40940","244","567400","632"
"30.081323","30.081323000","29.687262000","4252","296","95.101.184.27","443","10.0.0.2","40940","244","567644","632"
"30.081335","30.081335000","29.687274000","4253","296","95.101.184.27","443","10.0.0.2","40940","244","567888","632"
"30.081369","30.081369000","29.687308000","4254","296","95.101.184.27","443","10.0.0.2","40940","244","568132","632"
"30.143312","30.143312000","29.749251000","4255","52","10.0.0.2","40940","95.101.184.27","443","0","632","563984"
"30.143343","30.143343000","29.749282000","4256","52","10.0.0.2","40940","95.101.184.27","443","0","632","564960"
"30.143960","30.143960000","29.749899000","4257","296","95.101.184.27","443","10.0.0.2","40940","244","568376","632"
"30.143996","30.143996000","29.749935000","4258","296","95.101.184.27","443","10.0.0.2","40940","244","568620","632"
"30.144048","30.144048000","29.749987000","4259","296","95.101.184.27","443","10.0.0.2","40940","244","568864","632"
"30.144060","30.144060000","29.749999000","4260","296","95.101.184.27","443","10.0.0.2","40940","244","569108","632"
"30.144105","30.144105000","29.750044000","4261","296","95.101.184.27","443","10.0.0.2","40940","244","569352","632"
"30.144117","30.144117000","29.750056000","4262","296","95.101.184.27","443","10.0.0.2","40940","244","569596","632"
"30.205645","30.205645000","29.811584000","4263","52","10.0.0.2","40940","95.101.184.27","443","0","632","565448"
"30.205676","30.205676000","29.811615000","4264","52","10.0.0.2","40940","95.101.184.27","443","0","632","566180"
"30.206246","30.206246000","29.812185000","4265","296","95.101.184.27","443","10.0.0.2","40940","244","569840","632"
"30.206282","30.206282000","29.812221000","4266","296","95.101.184.27","443","10.0.0.2","40940","244","570084","632"
"30.206331","30.206331000","29.812270000","4267","296","95.101.184.27","443","10.0.0.2","40940","244","570328","632"
"30.206343","30.206343000","29.812282000","4268","296","95.101.184.27","443","10.0.0.2","40940","244","570572","632"
"30.206389","30.206389000","29.812328000","4269","296","95.101.184.27","443","10.0.0.2","40940","244","570816","632"
"30.206401","30.206401000","29.812340000","4270","296","95.101.184.27","443","10.0.0.2","40940","244","571060","632"
"30.268898","30.268898000","29.874837000","4271","52","10.0.0.2","40940","95.101.184.27","443","0","632","566668"
"30.268963","30.268963000","29.874902000","4272","52","10.0.0.2","40940","95.101.184.27","443","0","632","567156"
"30.269479","30.269479000","29.875418000","4273","296","95.101.184.27","443","10.0.0.2","40940","244","571304","632"
"30.269514","30.269514000","29.875453000","4274","296","95.101.184.27","443","10.0.0.2","40940","244","571548","632"
"30.269564","30.269564000","29.875503000","4275","296","95.101.184.27","443","10.0.0.2","40940","244","571792","632"
"30.269575","30.269575000","29.875514000","4276","296","95.101.184.27","443","10.0.0.2","40940","244","572036","632"
"30.330952","30.330952000","29.936891000","4277","52","10.0.0.2","40940","95.101.184.27","443","0","632","567400"
"30.331000","30.331000000","29.936939000","4278","52","10.0.0.2","40940","95.101.184.27","443","0","632","567888"
"30.331017","30.331017000","29.936956000","4279","52","10.0.0.2","40940","95.101.184.27","443","0","632","568620"
"30.331465","30.331465000","29.937404000","4280","296","95.101.184.27","443","10.0.0.2","40940","244","572280","632"
"30.331502","30.331502000","29.937441000","4281","296","95.101.184.27","443","10.0.0.2","40940","244","572524","632"
"30.331558","30.331558000","29.937497000","4282","296","95.101.184.27","443","10.0.0.2","40940","244","572768","632"
"30.331571","30.331571000","29.937510000","4283","296","95.101.184.27","443","10.0.0.2","40940","244","573012","632"
"30.331617","30.331617000","29.937556000","4284","296","95.101.184.27","443","10.0.0.2","40940","244","573256","632"
"30.331629","30.331629000","29.937568000","4285","296","95.101.184.27","443","10.0.0.2","40940","244","573500","632"
"30.331663","30.331663000","29.937602000","4286","296","95.101.184.27","443","10.0.0.2","40940","244","573744","632"
"30.393948","30.393948000","29.999887000","4287","52","10.0.0.2","40940","95.101.184.27","443","0","632","569108"
"30.393994","30.393994000","29.999933000","4288","52","10.0.0.2","40940","95.101.184.27","443","0","632","569596"
"30.394509","30.394509000","30.000448000","4289","296","95.101.184.27","443","10.0.0.2","40940","244","573988","632"
"30.394544","30.394544000","30.000483000","4290","296","95.101.184.27","443","10.0.0.2","40940","244","574232","632"
"30.394594","30.394594000","30.000533000","4291","296","95.101.184.27","443","10.0.0.2","40940","244","574476","632"
"30.394606","30.394606000","30.000545000","4292","296","95.101.184.27","443","10.0.0.2","40940","244","574720","632"
"30.455454","30.455454000","30.061393000","4293","52","10.0.0.2","40940","95.101.184.27","443","0","632","569840"
"30.455484","30.455484000","30.061423000","4294","52","10.0.0.2","40940","95.101.184.27","443","0","632","570328"
"30.455502","30.455502000","30.061441000","4295","52","10.0.0.2","40940","95.101.184.27","443","0","632","571060"
"30.455988","30.455988000","30.061927000","4296","296","95.101.184.27","443","10.0.0.2","40940","244","574964","632"
"30.456061","30.456061000","30.062000000","4297","296","95.101.184.27","443","10.0.0.2","40940","244","575208","632"
"30.456074","30.456074000","30.062013000","4298","296","95.101.184.27","443","10.0.0.2","40940","244","575452","632"
"30.456121","30.456121000","30.062060000","4299","296","95.101.184.27","443","10.0.0.2","40940","244","575696","632"
"30.456133","30.456133000","30.062072000","4300","296","95.101.184.27","443","10.0.0.2","40940","244","575940","632"
"30.456178","30.456178000","30.062117000","4301","296","95.101.184.27","443","10.0.0.2","40940","244","576184","632"
"30.456190","30.456190000","30.062129000","4302","296","95.101.184.27","443","10.0.0.2","40940","244","576428","632"
"30.518236","30.518236000","30.124175000","4303","52","10.0.0.2","40940","95.101.184.27","443","0","632","571548"
"30.518265","30.518265000","30.124204000","4304","52","10.0.0.2","40940","95.101.184.27","443","0","632","572280"
"30.518861","30.518861000","30.124800000","4305","296","95.101.184.27","443","10.0.0.2","40940","244","576672","632"
"30.518897","30.518897000","30.124836000","4306","296","95.101.184.27","443","10.0.0.2","40940","244","576916","632"
"30.518982","30.518982000","30.124921000","4307","296","95.101.184.27","443","10.0.0.2","40940","244","577160","632"
"30.518996","30.518996000","30.124935000","4308","296","95.101.184.27","443","10.0.0.2","40940","244","577404","632"
"30.519030","30.519030000","30.124969000","4309","296","95.101.184.27","443","10.0.0.2","40940","244","577648","632"
"30.580313","30.580313000","30.186252000","4310","52","10.0.0.2","40940","95.101.184.27","443","0","632","572768"
"30.580345","30.580345000","30.186284000","4311","52","10.0.0.2","40940","95.101.184.27","443","0","632","573500"
"30.580876","30.580876000","30.186815000","4312","296","95.101.184.27","443","10.0.0.2","40940","244","577892","632"
"30.580944","30.580944000","30.186883000","4313","296","95.101.184.27","443","10.0.0.2","40940","244","578136","632"
"30.581002","30.581002000","30.186941000","4314","296","95.101.184.27","443","10.0.0.2","40940","244","578380","632"
"30.581014","30.581014000","30.186953000","4315","296","95.101.184.27","443","10.0.0.2","40940","244","578624","632"
"30.581048","30.581048000","30.186987000","4316","296","95.101.184.27","443","10.0.0.2","40940","244","578868","632"
"30.643634","30.643634000","30.249573000","4317","52","10.0.0.2","40940","95.101.184.27","443","0","632","573988"
"30.643663","30.643663000","30.249602000","4318","52","10.0.0.2","40940","95.101.184.27","443","0","632","574720"
"30.644214","30.644214000","30.250153000","4319","296","95.101.184.27","443","10.0.0.2","40940","244","579112","632"
"30.644249","30.644249000","30.250188000","4320","296","95.101.184.27","443","10.0.0.2","40940","244","579356","632"
"30.644299","30.644299000","30.250238000","4321","296","95.101.184.27","443","10.0.0.2","40940","244","579600","632"
"30.644311","30.644311000","30.250250000","4322","296","95.101.184.27","443","10.0.0.2","40940","244","579844","632"
"30.644356","30.644356000","30.250295000","4323","296","95.101.184.27","443","10.0.0.2","40940","244","580088","632"
"30.644368","30.644368000","30.250307000","4324","296","95.101.184.27","443","10.0.0.2","40940","244","580332","632"
"30.705585","30.705585000","30.311524000","4325","52","10.0.0.2","40940","95.101.184.27","443","0","632","575208"
"30.705615","30.705615000","30.311554000","4326","52","10.0.0.2","40940","95.101.184.27","443","0","632","575940"
"30.706126","30.706126000","30.312065000","4327","296","95.101.184.27","443","10.0.0.2","40940","244","580576","632"
"30.706163","30.706163000","30.312102000","4328","296","95.101.184.27","443","10.0.0.2","40940","244","580820","632"
"30.706213","30.706213000","30.312152000","4329","296","95.101.184.27","443","10.0.0.2","40940","244","581064","632"
"30.706225","30.706225000","30.312164000","4330","296","95.101.184.27","443","10.0.0.2","40940","244","581308","632"
"30.706260","30.706260000","30.312199000","4331","296","95.101.184.27","443","10.0.0.2","40940","244","581552","632"
"30.768598","30.768598000","30.374537000","4332","52","10.0.0.2","40940","95.101.184.27","443","0","632","576428"
"30.768629","30.768629000","30.374568000","4333","52","10.0.0.2","40940","95.101.184.27","443","0","632","577160"
"30.769153","30.769153000","30.375092000","4334","296","95.101.184.27","443","10.0.0.2","40940","244","581796","632"
"30.769189","30.769189000","30.375128000","4335","296","95.101.184.27","443","10.0.0.2","40940","244","582040","632"
"30.769238","30.769238000","30.375177000","4336","296","95.101.184.27","443","10.0.0.2","40940","244","582284","632"
"30.769250","30.769250000","30.375189000","4337","296","95.101.184.27","443","10.0.0.2","40940","244","582528","632"
"30.769296","30.769296000","30.375235000","4338","296","95.101.184.27","443","10.0.0.2","40940","244","582772","632"
"30.769308","30.769308000","30.375247000","4339","296","95.101.184.27","443","10.0.0.2","40940","244","583016","632"
"30.830848","30.830848000","30.436787000","4340","52","10.0.0.2","40940","95.101.184.27","443","0","632","577648"
"30.830878","30.830878000","30.436817000","4341","52","10.0.0.2","40940","95.101.184.27","443","0","632","578380"
"30.831496","30.831496000","30.437435000","4342","296","95.101.184.27","443","10.0.0.2","40940","244","583260","632"
"30.831531","30.831531000","30.437470000","4343","296","95.101.184.27","443","10.0.0.2","40940","244","583504","632"
"30.831581","30.831581000","30.437520000","4344","296","95.101.184.27","443","10.0.0.2","40940","244","583748","632"
"30.831593","30.831593000","30.437532000","4345","296","95.101.184.27","443","10.0.0.2","40940","244","583992","632"
"30.831627","30.831627000","30.437566000","4346","296","95.101.184.27","443","10.0.0.2","40940","244","584236","632"
"30.893815","30.893815000","30.499754000","4347","52","10.0.0.2","40940","95.101.184.27","443","0","632","578868"
"30.893848","30.893848000","30.499787000","4348","52","10.0.0.2","40940","95.101.184.27","443","0","632","579600"
"30.894495","30.894495000","30.500434000","4349","296","95.101.184.27","443","10.0.0.2","40940","244","584480","632"
"30.894531","30.894531000","30.500470000","4350","296","95.101.184.27","443","10.0.0.2","40940","244","584724","632"
"30.894582","30.894582000","30.500521000","4351","296","95.101.184.27","443","10.0.0.2","40940","244","584968","632"
"30.894594","30.894594000","30.500533000","4352","296","95.101.184.27","443","10.0.0.2","40940","244","585212","632"
"30.894639","30.894639000","30.500578000","4353","296","95.101.184.27","443","10.0.0.2","40940","244","585456","632"
"30.894651","30.894651000","30.500590000","4354","296","95.101.184.27","443","10.0.0.2","40940","244","585700","632"
"30.955908","30.955908000","30.561847000","4355","52","10.0.0.2","40940","95.101.184.27","443","0","632","580088"
"30.955982","30.955982000","30.561921000","4356","52","10.0.0.2","40940","95.101.184.27","443","0","632","580820"
"30.956456","30.956456000","30.562395000","4357","296","95.101.184.27","443","10.0.0.2","40940","244","585944","632"
"30.956493","30.956493000","30.562432000","4358","296","95.101.184.27","443","10.0.0.2","40940","244","586188","632"
"30.956548","30.956548000","30.562487000","4359","296","95.101.184.27","443","10.0.0.2","40940","244","586432","632"
"30.956560","30.956560000","30.562499000","4360","296","95.101.184.27","443","10.0.0.2","40940","244","586676","632"
"30.956594","30.956594000","30.562533000","4361","296","95.101.184.27","443","10.0.0.2","40940","244","586920","632"
"31.019059","31.019059000","30.624998000","4362","52","10.0.0.2","40940","95.101.184.27","443","0","632","581308"
"31.019090","31.019090000","30.625029000","4363","52","10.0.0.2","40940","95.101.184.27","443","0","632","582040"
"31.019574","31.019574000","30.625513000","4364","296","95.101.184.27","443","10.0.0.2","40940","244","587164","632"
"31.019608","31.019608000","30.625547000","4365","296","95.101.184.27","443","10.0.0.2","40940","244","587408","632"
"31.019659","31.019659000","30.625598000","4366","296","95.101.184.27","443","10.0.0.2","40940","244","587652","632"
"31.019672","31.019672000","30.625611000","4367","296","95.101.184.27","443","10.0.0.2","40940","244","587896","632"
"31.019706","31.019706000","30.625645000","4368","296","95.101.184.27","443","10.0.0.2","40940","244","588140","632"
"31.080238","31.080238000","30.686177000","4369","52","10.0.0.2","40940","95.101.184.27","443","0","632","582528"
"31.080266","31.080266000","30.686205000","4370","52","10.0.0.2","40940","95.101.184.27","443","0","632","583260"
"31.080857","31.080857000","30.686796000","4371","296","95.101.184.27","443","10.0.0.2","40940","244","588384","632"
"31.080896","31.080896000","30.686835000","4372","296","95.101.184.27","443","10.0.0.2","40940","244","588628","632"
"31.081001","31.081001000","30.686940000","4373","296","95.101.184.27","443","10.0.0.2","40940","244","588872","632"
"31.081023","31.081023000","30.686962000","4374","296","95.101.184.27","443","10.0.0.2","40940","244","589116","632"
"31.081067","31.081067000","30.687006000","4375","296","95.101.184.27","443","10.0.0.2","40940","244","589360","632"
"31.143408","31.143408000","30.749347000","4376","52","10.0.0.2","40940","95.101.184.27","443","0","632","583748"
"31.143443","31.143443000","30.749382000","4377","52","10.0.0.2","40940","95.101.184.27","443","0","632","584480"
"31.144032","31.144032000","30.749971000","4378","296","95.101.184.27","443","10.0.0.2","40940","244","589604","632"
"31.144067","31.144067000","30.750006000","4379","296","95.101.184.27","443","10.0.0.2","40940","244","589848","632"
"31.144121","31.144121000","30.750060000","4380","296","95.101.184.27","443","10.0.0.2","40940","244","590092","632"
"31.144134","31.144134000","30.750073000","4381","296","95.101.184.27","443","10.0.0.2","40940","244","590336","632"
"31.144180","31.144180000","30.750119000","4382","296","95.101.184.27","443","10.0.0.2","40940","244","590580","632"
"31.144191","31.144191000","30.750130000","4383","296","95.101.184.27","443","10.0.0.2","40940","244","590824","632"
"31.205284","31.205284000","30.811223000","4384","52","10.0.0.2","40940","95.101.184.27","443","0","632","584968"
"31.205314","31.205314000","30.811253000","4385","52","10.0.0.2","40940","95.101.184.27","443","0","632","585700"
"31.205934","31.205934000","30.811873000","4386","296","95.101.184.27","443","10.0.0.2","40940","244","591068","632"
"31.205982","31.205982000","30.811921000","4387","296","95.101.184.27","443","10.0.0.2","40940","244","591312","632"
"31.206034","31.206034000","30.811973000","4388","296","95.101.184.27","443","10.0.0.2","40940","244","591556","632"
"31.206046","31.206046000","30.811985000","4389","296","95.101.184.27","443","10.0.0.2","40940","244","591800","632"
"31.206080","31.206080000","30.812019000","4390","296","95.101.184.27","443","10.0.0.2","40940","244","592044","632"
"31.268632","31.268632000","30.874571000","4391","52","10.0.0.2","40940","95.101.184.27","443","0","632","586188"
"31.268662","31.268662000","30.874601000","4392","52","10.0.0.2","40940","95.101.184.27","443","0","632","586920"
"31.269156","31.269156000","30.875095000","4393","296","95.101.184.27","443","10.0.0.2","40940","244","592288","632"
"31.269192","31.269192000","30.875131000","4394","296","95.101.184.27","443","10.0.0.2","40940","244","592532","632"
"31.269244","31.269244000","30.875183000","4395","296","95.101.184.27","443","10.0.0.2","40940","244","592776","632"
"31.269255","31.269255000","30.875194000","4396","296","95.101.184.27","443","10.0.0.2","40940","244","593020","632"
"31.269289","31.269289000","30.875228000","4397","296","95.101.184.27","443","10.0.0.2","40940","244","593264","632"
"31.330734","31.330734000","30.936673000","4398","52","10.0.0.2","40940","95.101.184.27","443","0","632","587408"
"31.330767","31.330767000","30.936706000","4399","52","10.0.0.2","40940","95.101.184.27","443","0","632","587896"
"31.331332","31.331332000","30.937271000","4400","296","95.101.184.27","443","10.0.0.2","40940","244","593508","632"
"31.331367","31.331367000","30.937306000","4401","296","95.101.184.27","443","10.0.0.2","40940","244","593752","632"
"31.331417","31.331417000","30.937356000","4402","296","95.101.184.27","443","10.0.0.2","40940","244","593996","632"
"31.331429","31.331429000","30.937368000","4403","296","95.101.184.27","443","10.0.0.2","40940","244","594240","632"
"31.393848","31.393848000","30.999787000","4404","52","10.0.0.2","40940","95.101.184.27","443","0","632","588140"
"31.393876","31.393876000","30.999815000","4405","52","10.0.0.2","40940","95.101.184.27","443","0","632","588628"
"31.393896","31.393896000","30.999835000","4406","52","10.0.0.2","40940","95.101.184.27","443","0","632","589360"
"31.394433","31.394433000","31.000372000","4407","296","95.101.184.27","443","10.0.0.2","40940","244","594484","632"
"31.394469","31.394469000","31.000408000","4408","296","95.101.184.27","443","10.0.0.2","40940","244","594728","632"
"31.394520","31.394520000","31.000459000","4409","296","95.101.184.27","443","10.0.0.2","40940","244","594972","632"
"31.394532","31.394532000","31.000471000","4410","296","95.101.184.27","443","10.0.0.2","40940","244","595216","632"
"31.394578","31.394578000","31.000517000","4411","296","95.101.184.27","443","10.0.0.2","40940","244","595460","632"
"31.394591","31.394591000","31.000530000","4412","296","95.101.184.27","443","10.0.0.2","40940","244","595704","632"
"31.455818","31.455818000","31.061757000","4413","52","10.0.0.2","40940","95.101.184.27","443","0","632","589848"
"31.455849","31.455849000","31.061788000","4414","52","10.0.0.2","40940","95.101.184.27","443","0","632","590580"
"31.456482","31.456482000","31.062421000","4415","296","95.101.184.27","443","10.0.0.2","40940","244","595948","632"
"31.456517","31.456517000","31.062456000","4416","296","95.101.184.27","443","10.0.0.2","40940","244","596192","632"
"31.456568","31.456568000","31.062507000","4417","296","95.101.184.27","443","10.0.0.2","40940","244","596436","632"
"31.456579","31.456579000","31.062518000","4418","296","95.101.184.27","443","10.0.0.2","40940","244","596680","632"
"31.456630","31.456630000","31.062569000","4419","296","95.101.184.27","443","10.0.0.2","40940","244","596924","632"
"31.456642","31.456642000","31.062581000","4420","296","95.101.184.27","443","10.0.0.2","40940","244","597168","632"
"31.518288","31.518288000","31.124227000","4421","52","10.0.0.2","40940","95.101.184.27","443","0","632","591068"
"31.518321","31.518321000","31.124260000","4422","52","10.0.0.2","40940","95.101.184.27","443","0","632","591800"
"31.519007","31.519007000","31.124946000","4423","296","95.101.184.27","443","10.0.0.2","40940","244","597412","632"
"31.519049","31.519049000","31.124988000","4424","296","95.101.184.27","443","10.0.0.2","40940","244","597656","632"
"31.519106","31.519106000","31.125045000","4425","296","95.101.184.27","443","10.0.0.2","40940","244","597900","632"
"31.519123","31.519123000","31.125062000","4426","296","95.101.184.27","443","10.0.0.2","40940","244","598144","632"
"31.519157","31.519157000","31.125096000","4427","296","95.101.184.27","443","10.0.0.2","40940","244","598388","632"
"31.580134","31.580134000","31.186073000","4428","52","10.0.0.2","40940","95.101.184.27","443","0","632","592288"
"31.580164","31.580164000","31.186103000","4429","52","10.0.0.2","40940","95.101.184.27","443","0","632","593020"
"31.580719","31.580719000","31.186658000","4430","296","95.101.184.27","443","10.0.0.2","40940","244","598632","632"
"31.580755","31.580755000","31.186694000","4431","296","95.101.184.27","443","10.0.0.2","40940","244","598876","632"
"31.580805","31.580805000","31.186744000","4432","296","95.101.184.27","443","10.0.0.2","40940","244","599120","632"
"31.580817","31.580817000","31.186756000","4433","296","95.101.184.27","443","10.0.0.2","40940","244","599364","632"
"31.580851","31.580851000","31.186790000","4434","296","95.101.184.27","443","10.0.0.2","40940","244","599608","632"
"31.643209","31.643209000","31.249148000","4435","52","10.0.0.2","40940","95.101.184.27","443","0","632","593508"
"31.643243","31.643243000","31.249182000","4436","52","10.0.0.2","40940","95.101.184.27","443","0","632","594240"
"31.643823","31.643823000","31.249762000","4437","296","95.101.184.27","443","10.0.0.2","40940","244","599852","632"
"31.643859","31.643859000","31.249798000","4438","296","95.101.184.27","443","10.0.0.2","40940","244","600096","632"
"31.643909","31.643909000","31.249848000","4439","296","95.101.184.27","443","10.0.0.2","40940","244","600340","632"
"31.643959","31.643959000","31.249898000","4440","296","95.101.184.27","443","10.0.0.2","40940","244","600584","632"
"31.643995","31.643995000","31.249934000","4441","296","95.101.184.27","443","10.0.0.2","40940","244","600828","632"
"31.705622","31.705622000","31.311561000","4442","52","10.0.0.2","40940","95.101.184.27","443","0","632","594728"
"31.705651","31.705651000","31.311590000","4443","52","10.0.0.2","40940","95.101.184.27","443","0","632","595460"
"31.706126","31.706126000","31.312065000","4444","296","95.101.184.27","443","10.0.0.2","40940","244","601072","632"
"31.706161","31.706161000","31.312100000","4445","296","95.101.184.27","443","10.0.0.2","40940","244","601316","632"
"31.706210","31.706210000","31.312149000","4446","296","95.101.184.27","443","10.0.0.2","40940","244","601560","632"
"31.706222","31.706222000","31.312161000","4447","296","95.101.184.27","443","10.0.0.2","40940","244","601804","632"
"31.706256","31.706256000","31.312195000","4448","296","95.101.184.27","443","10.0.0.2","40940","244","602048","632"
"31.768435","31.768435000","31.374374000","4449","52","10.0.0.2","40940","95.101.184.27","443","0","632","595948"
"31.768466","31.768466000","31.374405000","4450","52","10.0.0.2","40940","95.101.184.27","443","0","632","596680"
"31.769018","31.769018000","31.374957000","4451","296","95.101.184.27","443","10.0.0.2","40940","244","602292","632"
"31.769056","31.769056000","31.374995000","4452","296","95.101.184.27","443","10.0.0.2","40940","244","602536","632"
"31.769106","31.769106000","31.375045000","4453","296","95.101.184.27","443","10.0.0.2","40940","244","602780","632"
"31.769118","31.769118000","31.375057000","4454","296","95.101.184.27","443","10.0.0.2","40940","244","603024","632"
"31.769164","31.769164000","31.375103000","4455","296","95.101.184.27","443","10.0.0.2","40940","244","603268","632"
"31.769175","31.769175000","31.375114000","4456","296","95.101.184.27","443","10.0.0.2","40940","244","603512","632"
"31.830638","31.830638000","31.436577000","4457","52","10.0.0.2","40940","95.101.184.27","443","0","632","597168"
"31.830668","31.830668000","31.436607000","4458","52","10.0.0.2","40940","95.101.184.27","443","0","632","597168"
"31.830688","31.830688000","31.436627000","4459","52","10.0.0.2","40940","95.101.184.27","443","0","632","597168"
"31.830703","31.830703000","31.436642000","4460","52","10.0.0.2","40940","95.101.184.27","443","0","632","597168"
"31.831262","31.831262000","31.437201000","4461","296","95.101.184.27","443","10.0.0.2","40940","244","603756","632"
"31.831297","31.831297000","31.437236000","4462","296","95.101.184.27","443","10.0.0.2","40940","244","604000","632"
"31.831348","31.831348000","31.437287000","4463","296","95.101.184.27","443","10.0.0.2","40940","244","604244","632"
"31.831360","31.831360000","31.437299000","4464","296","95.101.184.27","443","10.0.0.2","40940","244","604488","632"
"31.831392","31.831392000","31.437331000","4465","296","95.101.184.27","443","10.0.0.2","40940","244","597168","632"
"31.893824","31.893824000","31.499763000","4466","52","10.0.0.2","40940","95.101.184.27","443","0","632","597168"
"31.893858","31.893858000","31.499797000","4467","52","10.0.0.2","40940","95.101.184.27","443","0","632","597168"
"31.893877","31.893877000","31.499816000","4468","52","10.0.0.2","40940","95.101.184.27","443","0","632","597168"
"31.893893","31.893893000","31.499832000","4469","52","10.0.0.2","40940","95.101.184.27","443","0","632","597168"
"31.893908","31.893908000","31.499847000","4470","52","10.0.0.2","40940","95.101.184.27","443","0","632","597168"
"31.894387","31.894387000","31.500326000","4471","296","95.101.184.27","443","10.0.0.2","40940","244","604732","632"
"31.894423","31.894423000","31.500362000","4472","296","95.101.184.27","443","10.0.0.2","40940","244","604976","632"
"31.894474","31.894474000","31.500413000","4473","296","95.101.184.27","443","10.0.0.2","40940","244","605220","632"
"31.894486","31.894486000","31.500425000","4474","296","95.101.184.27","443","10.0.0.2","40940","244","605464","632"
"31.955808","31.955808000","31.561747000","4475","52","10.0.0.2","40940","95.101.184.27","443","0","632","597168"
"31.955837","31.955837000","31.561776000","4476","52","10.0.0.2","40940","95.101.184.27","443","0","632","597168"
"31.955857","31.955857000","31.561796000","4477","52","10.0.0.2","40940","95.101.184.27","443","0","632","597168"
"31.955874","31.955874000","31.561813000","4478","52","10.0.0.2","40940","95.101.184.27","443","0","632","597168"
"31.955891","31.955891000","31.561830000","4479","52","10.0.0.2","40940","95.101.184.27","443","0","632","597168"
"31.956468","31.956468000","31.562407000","4480","296","95.101.184.27","443","10.0.0.2","40940","244","605708","632"
"31.956505","31.956505000","31.562444000","4481","296","95.101.184.27","443","10.0.0.2","40940","244","605952","632"
"31.956542","31.956542000","31.562481000","4482","296","95.101.184.27","443","10.0.0.2","40940","244","606196","632"
"32.018396","32.018396000","31.624335000","4483","52","10.0.0.2","40940","95.101.184.27","443","0","632","597168"
"32.018407","32.018407000","31.624346000","4484","52","10.0.0.2","40940","95.101.184.27","443","0","632","597168"
"32.018411","32.018411000","31.624350000","4485","52","10.0.0.2","40940","95.101.184.27","443","0","632","597168"
"32.018417","32.018417000","31.624356000","4486","52","10.0.0.2","40940","95.101.184.27","443","0","632","597168"
"32.018421","32.018421000","31.624360000","4487","52","10.0.0.2","40940","95.101.184.27","443","0","632","597168"
"32.018684","32.018684000","31.624623000","4488","296","95.101.184.27","443","10.0.0.2","40940","244","606440","632"
"32.018726","32.018726000","31.624665000","4489","296","95.101.184.27","443","10.0.0.2","40940","244","606684","632"
"32.018731","32.018731000","31.624670000","4490","296","95.101.184.27","443","10.0.0.2","40940","244","606928","632"
"32.018740","32.018740000","31.624679000","4491","296","95.101.184.27","443","10.0.0.2","40940","244","607172","632"
"32.081002","32.081002000","31.686941000","4492","52","10.0.0.2","40940","95.101.184.27","443","0","632","597168"
"32.081032","32.081032000","31.686971000","4493","52","10.0.0.2","40940","95.101.184.27","443","0","632","597168"
"32.081049","32.081049000","31.686988000","4494","52","10.0.0.2","40940","95.101.184.27","443","0","632","597168"
"32.081066","32.081066000","31.687005000","4495","52","10.0.0.2","40940","95.101.184.27","443","0","632","597168"
"32.081081","32.081081000","31.687020000","4496","52","10.0.0.2","40940","95.101.184.27","443","0","632","597168"
"32.081565","32.081565000","31.687504000","4497","296","95.101.184.27","443","10.0.0.2","40940","244","607416","632"
"32.081604","32.081604000","31.687543000","4498","296","95.101.184.27","443","10.0.0.2","40940","244","607660","632"
"32.081642","32.081642000","31.687581000","4499","296","95.101.184.27","443","10.0.0.2","40940","244","607904","632"
"32.143978","32.143978000","31.749917000","4500","52","10.0.0.2","40940","95.101.184.27","443","0","632","597168"
"32.144015","32.144015000","31.749954000","4501","52","10.0.0.2","40940","95.101.184.27","443","0","632","597168"
"32.144033","32.144033000","31.749972000","4502","52","10.0.0.2","40940","95.101.184.27","443","0","632","597168"
"32.144050","32.144050000","31.749989000","4503","52","10.0.0.2","40940","95.101.184.27","443","0","632","597168"
"32.144067","32.144067000","31.750006000","4504","52","10.0.0.2","40940","95.101.184.27","443","0","632","597168"
"32.144490","32.144490000","31.750429000","4505","296","95.101.184.27","443","10.0.0.2","40940","244","608148","632"
"32.144526","32.144526000","31.750465000","4506","296","95.101.184.27","443","10.0.0.2","40940","244","608392","632"
"32.144563","32.144563000","31.750502000","4507","296","95.101.184.27","443","10.0.0.2","40940","244","608636","632"
"32.205367","32.205367000","31.811306000","4508","52","10.0.0.2","40940","95.101.184.27","443","0","632","597168"
"32.205397","32.205397000","31.811336000","4509","52","10.0.0.2","40940","95.101.184.27","443","0","632","603512"
"32.205415","32.205415000","31.811354000","4510","52","10.0.0.2","40940","95.101.184.27","443","0","632","603512"
"32.205430","32.205430000","31.811369000","4511","52","10.0.0.2","40940","95.101.184.27","443","0","632","603512"
"32.205443","32.205443000","31.811382000","4512","52","10.0.0.2","40940","95.101.184.27","443","0","632","603512"
"32.205961","32.205961000","31.811900000","4513","296","95.101.184.27","443","10.0.0.2","40940","244","608880","632"
"32.205994","32.205994000","31.811933000","4514","296","95.101.184.27","443","10.0.0.2","40940","244","603512","632"
"32.206045","32.206045000","31.811984000","4515","296","95.101.184.27","443","10.0.0.2","40940","244","609124","632"
"32.206057","32.206057000","31.811996000","4516","296","95.101.184.27","443","10.0.0.2","40940","244","609368","632"
"32.206108","32.206108000","31.812047000","4517","296","95.101.184.27","443","10.0.0.2","40940","244","609612","632"
"32.206120","32.206120000","31.812059000","4518","296","95.101.184.27","443","10.0.0.2","40940","244","609856","632"
"32.268346","32.268346000","31.874285000","4519","52","10.0.0.2","40940","95.101.184.27","443","0","632","603512"
"32.268376","32.268376000","31.874315000","4520","52","10.0.0.2","40940","95.101.184.27","443","0","632","603512"
"32.268396","32.268396000","31.874335000","4521","52","10.0.0.2","40940","95.101.184.27","443","0","632","603512"
"32.268413","32.268413000","31.874352000","4522","52","10.0.0.2","40940","95.101.184.27","443","0","632","603512"
"32.268428","32.268428000","31.874367000","4523","52","10.0.0.2","40940","95.101.184.27","443","0","632","603512"
"32.268884","32.268884000","31.874823000","4524","296","95.101.184.27","443","10.0.0.2","40940","244","610100","632"
"32.268994","32.268994000","31.874933000","4525","296","95.101.184.27","443","10.0.0.2","40940","244","610344","632"
"32.269019","32.269019000","31.874958000","4526","296","95.101.184.27","443","10.0.0.2","40940","244","610588","632"
"32.269053","32.269053000","31.874992000","4527","296","95.101.184.27","443","10.0.0.2","40940","244","610832","632"
"32.330302","32.330302000","31.936241000","4528","52","10.0.0.2","40940","95.101.184.27","443","0","632","603512"
"32.330337","32.330337000","31.936276000","4529","52","10.0.0.2","40940","95.101.184.27","443","0","632","603512"
"32.330354","32.330354000","31.936293000","4530","52","10.0.0.2","40940","95.101.184.27","443","0","632","603512"
"32.330369","32.330369000","31.936308000","4531","52","10.0.0.2","40940","95.101.184.27","443","0","632","603512"
"32.330386","32.330386000","31.936325000","4532","52","10.0.0.2","40940","95.101.184.27","443","0","632","603512"
"32.330865","32.330865000","31.936804000","4533","296","95.101.184.27","443","10.0.0.2","40940","244","611076","632"
"32.330901","32.330901000","31.936840000","4534","296","95.101.184.27","443","10.0.0.2","40940","244","611320","632"
"32.330985","32.330985000","31.936924000","4535","296","95.101.184.27","443","10.0.0.2","40940","244","611564","632"
"32.331001","32.331001000","31.936940000","4536","296","95.101.184.27","443","10.0.0.2","40940","244","611808","632"
"32.331034","32.331034000","31.936973000","4537","296","95.101.184.27","443","10.0.0.2","40940","244","612052","632"
"32.393705","32.393705000","31.999644000","4538","52","10.0.0.2","40940","95.101.184.27","443","0","632","603512"
"32.393732","32.393732000","31.999671000","4539","52","10.0.0.2","40940","95.101.184.27","443","0","632","603512"
"32.393750","32.393750000","31.999689000","4540","52","10.0.0.2","40940","95.101.184.27","443","0","632","603512"
"32.393764","32.393764000","31.999703000","4541","52","10.0.0.2","40940","95.101.184.27","443","0","632","603512"
"32.393776","32.393776000","31.999715000","4542","52","10.0.0.2","40940","95.101.184.27","443","0","632","603512"
"32.394284","32.394284000","32.000223000","4543","296","95.101.184.27","443","10.0.0.2","40940","244","612296","632"
"32.394320","32.394320000","32.000259000","4544","296","95.101.184.27","443","10.0.0.2","40940","244","612540","632"
"32.394369","32.394369000","32.000308000","4545","296","95.101.184.27","443","10.0.0.2","40940","244","612784","632"
"32.394381","32.394381000","32.000320000","4546","296","95.101.184.27","443","10.0.0.2","40940","244","613028","632"
"32.394415","32.394415000","32.000354000","4547","296","95.101.184.27","443","10.0.0.2","40940","244","613272","632"
"32.455708","32.455708000","32.061647000","4548","52","10.0.0.2","40940","95.101.184.27","443","0","632","609124"
"32.455739","32.455739000","32.061678000","4549","52","10.0.0.2","40940","95.101.184.27","443","0","632","610100"
"32.456315","32.456315000","32.062254000","4550","296","95.101.184.27","443","10.0.0.2","40940","244","613516","632"
"32.456351","32.456351000","32.062290000","4551","296","95.101.184.27","443","10.0.0.2","40940","244","613760","632"
"32.456401","32.456401000","32.062340000","4552","296","95.101.184.27","443","10.0.0.2","40940","244","614004","632"
"32.456414","32.456414000","32.062353000","4553","296","95.101.184.27","443","10.0.0.2","40940","244","614248","632"
"32.456460","32.456460000","32.062399000","4554","296","95.101.184.27","443","10.0.0.2","40940","244","614492","632"
"32.456471","32.456471000","32.062410000","4555","296","95.101.184.27","443","10.0.0.2","40940","244","614736","632"
"32.518621","32.518621000","32.124560000","4556","52","10.0.0.2","40940","95.101.184.27","443","0","632","610588"
"32.518653","32.518653000","32.124592000","4557","52","10.0.0.2","40940","95.101.184.27","443","0","632","611320"
"32.519244","32.519244000","32.125183000","4558","296","95.101.184.27","443","10.0.0.2","40940","244","614980","632"
"32.519280","32.519280000","32.125219000","4559","296","95.101.184.27","443","10.0.0.2","40940","244","615224","632"
"32.519329","32.519329000","32.125268000","4560","296","95.101.184.27","443","10.0.0.2","40940","244","615468","632"
"32.519341","32.519341000","32.125280000","4561","296","95.101.184.27","443","10.0.0.2","40940","244","615712","632"
"32.519387","32.519387000","32.125326000","4562","296","95.101.184.27","443","10.0.0.2","40940","244","615956","632"
"32.519399","32.519399000","32.125338000","4563","296","95.101.184.27","443","10.0.0.2","40940","244","616200","632"
"32.580886","32.580886000","32.186825000","4564","52","10.0.0.2","40940","95.101.184.27","443","0","632","611808"
"32.580940","32.580940000","32.186879000","4565","52","10.0.0.2","40940","95.101.184.27","443","0","632","612296"
"32.581477","32.581477000","32.187416000","4566","296","95.101.184.27","443","10.0.0.2","40940","244","616444","632"
"32.581512","32.581512000","32.187451000","4567","296","95.101.184.27","443","10.0.0.2","40940","244","616688","632"
"32.581564","32.581564000","32.187503000","4568","296","95.101.184.27","443","10.0.0.2","40940","244","616932","632"
"32.581576","32.581576000","32.187515000","4569","296","95.101.184.27","443","10.0.0.2","40940","244","617176","632"
"32.643426","32.643426000","32.249365000","4570","52","10.0.0.2","40940","95.101.184.27","443","0","632","612540"
"32.643456","32.643456000","32.249395000","4571","52","10.0.0.2","40940","95.101.184.27","443","0","632","613028"
"32.643473","32.643473000","32.249412000","4572","52","10.0.0.2","40940","95.101.184.27","443","0","632","613760"
"32.644027","32.644027000","32.249966000","4573","296","95.101.184.27","443","10.0.0.2","40940","244","617420","632"
"32.644064","32.644064000","32.250003000","4574","296","95.101.184.27","443","10.0.0.2","40940","244","617664","632"
"32.644115","32.644115000","32.250054000","4575","296","95.101.184.27","443","10.0.0.2","40940","244","617908","632"
"32.644128","32.644128000","32.250067000","4576","296","95.101.184.27","443","10.0.0.2","40940","244","618152","632"
"32.644174","32.644174000","32.250113000","4577","296","95.101.184.27","443","10.0.0.2","40940","244","618396","632"
"32.644188","32.644188000","32.250127000","4578","296","95.101.184.27","443","10.0.0.2","40940","244","618640","632"
"32.644220","32.644220000","32.250159000","4579","296","95.101.184.27","443","10.0.0.2","40940","244","618884","632"
"32.705858","32.705858000","32.311797000","4580","52","10.0.0.2","40940","95.101.184.27","443","0","632","614248"
"32.705885","32.705885000","32.311824000","4581","52","10.0.0.2","40940","95.101.184.27","443","0","632","614736"
"32.706464","32.706464000","32.312403000","4582","296","95.101.184.27","443","10.0.0.2","40940","244","619128","632"
"32.706500","32.706500000","32.312439000","4583","296","95.101.184.27","443","10.0.0.2","40940","244","619372","632"
"32.706549","32.706549000","32.312488000","4584","296","95.101.184.27","443","10.0.0.2","40940","244","619616","632"
"32.706561","32.706561000","32.312500000","4585","296","95.101.184.27","443","10.0.0.2","40940","244","619860","632"
"32.768457","32.768457000","32.374396000","4586","52","10.0.0.2","40940","95.101.184.27","443","0","632","614980"
"32.768491","32.768491000","32.374430000","4587","52","10.0.0.2","40940","95.101.184.27","443","0","632","615468"
"32.768510","32.768510000","32.374449000","4588","52","10.0.0.2","40940","95.101.184.27","443","0","632","616200"
"32.769005","32.769005000","32.374944000","4589","296","95.101.184.27","443","10.0.0.2","40940","244","620104","632"
"32.769078","32.769078000","32.375017000","4590","296","95.101.184.27","443","10.0.0.2","40940","244","620348","632"
"32.769091","32.769091000","32.375030000","4591","296","95.101.184.27","443","10.0.0.2","40940","244","620592","632"
"32.769138","32.769138000","32.375077000","4592","296","95.101.184.27","443","10.0.0.2","40940","244","620836","632"
"32.769153","32.769153000","32.375092000","4593","296","95.101.184.27","443","10.0.0.2","40940","244","621080","632"
"32.769199","32.769199000","32.375138000","4594","296","95.101.184.27","443","10.0.0.2","40940","244","621324","632"
"32.769216","32.769216000","32.375155000","4595","296","95.101.184.27","443","10.0.0.2","40940","244","621568","632"
"32.830783","32.830783000","32.436722000","4596","52","10.0.0.2","40940","95.101.184.27","443","0","632","616688"
"32.830812","32.830812000","32.436751000","4597","52","10.0.0.2","40940","95.101.184.27","443","0","632","617420"
"32.831311","32.831311000","32.437250000","4598","296","95.101.184.27","443","10.0.0.2","40940","244","621812","632"
"32.831346","32.831346000","32.437285000","4599","296","95.101.184.27","443","10.0.0.2","40940","244","622056","632"
"32.831397","32.831397000","32.437336000","4600","296","95.101.184.27","443","10.0.0.2","40940","244","622300","632"
"32.831409","32.831409000","32.437348000","4601","296","95.101.184.27","443","10.0.0.2","40940","244","622544","632"
"32.831442","32.831442000","32.437381000","4602","296","95.101.184.27","443","10.0.0.2","40940","244","622788","632"
"32.893113","32.893113000","32.499052000","4603","52","10.0.0.2","40940","95.101.184.27","443","0","632","617908"
"32.893143","32.893143000","32.499082000","4604","52","10.0.0.2","40940","95.101.184.27","443","0","632","618640"
"32.893718","32.893718000","32.499657000","4605","296","95.101.184.27","443","10.0.0.2","40940","244","623032","632"
"32.893761","32.893761000","32.499700000","4606","296","95.101.184.27","443","10.0.0.2","40940","244","623276","632"
"32.893828","32.893828000","32.499767000","4607","296","95.101.184.27","443","10.0.0.2","40940","244","623520","632"
"32.893854","32.893854000","32.499793000","4608","296","95.101.184.27","443","10.0.0.2","40940","244","623764","632"
"32.893889","32.893889000","32.499828000","4609","296","95.101.184.27","443","10.0.0.2","40940","244","624008","632"
"32.955811","32.955811000","32.561750000","4610","52","10.0.0.2","40940","95.101.184.27","443","0","632","619128"
"32.955841","32.955841000","32.561780000","4611","52","10.0.0.2","40940","95.101.184.27","443","0","632","619860"
"32.956604","32.956604000","32.562543000","4612","296","95.101.184.27","443","10.0.0.2","40940","244","624252","632"
"32.956649","32.956649000","32.562588000","4613","296","95.101.184.27","443","10.0.0.2","40940","244","624496","632"
"32.956712","32.956712000","32.562651000","4614","296","95.101.184.27","443","10.0.0.2","40940","244","624740","632"
"32.956731","32.956731000","32.562670000","4615","296","95.101.184.27","443","10.0.0.2","40940","244","624984","632"
"32.956789","32.956789000","32.562728000","4616","296","95.101.184.27","443","10.0.0.2","40940","244","625228","632"
"32.956804","32.956804000","32.562743000","4617","296","95.101.184.27","443","10.0.0.2","40940","244","625472","632"
"33.018785","33.018785000","32.624724000","4618","52","10.0.0.2","40940","95.101.184.27","443","0","632","620348"
"33.018813","33.018813000","32.624752000","4619","52","10.0.0.2","40940","95.101.184.27","443","0","632","620836"
"33.019365","33.019365000","32.625304000","4620","296","95.101.184.27","443","10.0.0.2","40940","244","625716","632"
"33.019401","33.019401000","32.625340000","4621","296","95.101.184.27","443","10.0.0.2","40940","244","625960","632"
"33.019454","33.019454000","32.625393000","4622","296","95.101.184.27","443","10.0.0.2","40940","244","626204","632"
"33.019466","33.019466000","32.625405000","4623","296","95.101.184.27","443","10.0.0.2","40940","244","626448","632"
"33.080736","33.080736000","32.686675000","4624","52","10.0.0.2","40940","95.101.184.27","443","0","632","621080"
"33.080767","33.080767000","32.686706000","4625","52","10.0.0.2","40940","95.101.184.27","443","0","632","621568"
"33.080788","33.080788000","32.686727000","4626","52","10.0.0.2","40940","95.101.184.27","443","0","632","622300"
"33.081326","33.081326000","32.687265000","4627","296","95.101.184.27","443","10.0.0.2","40940","244","626692","632"
"33.081363","33.081363000","32.687302000","4628","296","95.101.184.27","443","10.0.0.2","40940","244","626936","632"
"33.081415","33.081415000","32.687354000","4629","296","95.101.184.27","443","10.0.0.2","40940","244","627180","632"
"33.081427","33.081427000","32.687366000","4630","296","95.101.184.27","443","10.0.0.2","40940","244","627424","632"
"33.081474","33.081474000","32.687413000","4631","296","95.101.184.27","443","10.0.0.2","40940","244","627668","632"
"33.081486","33.081486000","32.687425000","4632","296","95.101.184.27","443","10.0.0.2","40940","244","627912","632"
"33.081519","33.081519000","32.687458000","4633","296","95.101.184.27","443","10.0.0.2","40940","244","628156","632"
"33.143308","33.143308000","32.749247000","4634","52","10.0.0.2","40940","95.101.184.27","443","0","632","622788"
"33.143338","33.143338000","32.749277000","4635","52","10.0.0.2","40940","95.101.184.27","443","0","632","623520"
"33.143997","33.143997000","32.749936000","4636","296","95.101.184.27","443","10.0.0.2","40940","244","628400","632"
"33.144033","33.144033000","32.749972000","4637","296","95.101.184.27","443","10.0.0.2","40940","244","628644","632"
"33.144083","33.144083000","32.750022000","4638","296","95.101.184.27","443","10.0.0.2","40940","244","628888","632"
"33.144095","33.144095000","32.750034000","4639","296","95.101.184.27","443","10.0.0.2","40940","244","629132","632"
"33.144128","33.144128000","32.750067000","4640","296","95.101.184.27","443","10.0.0.2","40940","244","629376","632"
"33.205242","33.205242000","32.811181000","4641","52","10.0.0.2","40940","95.101.184.27","443","0","632","624008"
"33.205272","33.205272000","32.811211000","4642","52","10.0.0.2","40940","95.101.184.27","443","0","632","624740"
"33.205876","33.205876000","32.811815000","4643","296","95.101.184.27","443","10.0.0.2","40940","244","629620","632"
"33.205911","33.205911000","32.811850000","4644","296","95.101.184.27","443","10.0.0.2","40940","244","629864","632"
"33.206000","33.206000000","32.811939000","4645","296","95.101.184.27","443","10.0.0.2","40940","244","630108","632"
"33.206012","33.206012000","32.811951000","4646","296","95.101.184.27","443","10.0.0.2","40940","244","630352","632"
"33.206059","33.206059000","32.811998000","4647","296","95.101.184.27","443","10.0.0.2","40940","244","630596","632"
"33.206073","33.206073000","32.812012000","4648","296","95.101.184.27","443","10.0.0.2","40940","244","630840","632"
"33.268220","33.268220000","32.874159000","4649","52","10.0.0.2","40940","95.101.184.27","443","0","632","625228"
"33.268251","33.268251000","32.874190000","4650","52","10.0.0.2","40940","95.101.184.27","443","0","632","625960"
"33.268798","33.268798000","32.874737000","4651","296","95.101.184.27","443","10.0.0.2","40940","244","631084","632"
"33.268834","33.268834000","32.874773000","4652","296","95.101.184.27","443","10.0.0.2","40940","244","631328","632"
"33.268883","33.268883000","32.874822000","4653","296","95.101.184.27","443","10.0.0.2","40940","244","631572","632"
"33.268895","33.268895000","32.874834000","4654","296","95.101.184.27","443","10.0.0.2","40940","244","631816","632"
"33.268963","33.268963000","32.874902000","4655","296","95.101.184.27","443","10.0.0.2","40940","244","632060","632"
"33.330634","33.330634000","32.936573000","4656","52","10.0.0.2","40940","95.101.184.27","443","0","632","626448"
"33.330657","33.330657000","32.936596000","4657","52","10.0.0.2","40940","95.101.184.27","443","0","632","627424"
"33.331181","33.331181000","32.937120000","4658","296","95.101.184.27","443","10.0.0.2","40940","244","632304","632"
"33.331216","33.331216000","32.937155000","4659","296","95.101.184.27","443","10.0.0.2","40940","244","632548","632"
"33.331265","33.331265000","32.937204000","4660","296","95.101.184.27","443","10.0.0.2","40940","244","632792","632"
"33.331277","33.331277000","32.937216000","4661","296","95.101.184.27","443","10.0.0.2","40940","244","633036","632"
"33.331323","33.331323000","32.937262000","4662","296","95.101.184.27","443","10.0.0.2","40940","244","633280","632"
"33.331335","33.331335000","32.937274000","4663","296","95.101.184.27","443","10.0.0.2","40940","244","633524","632"
"33.393612","33.393612000","32.999551000","4664","52","10.0.0.2","40940","95.101.184.27","443","0","632","627912"
"33.393641","33.393641000","32.999580000","4665","52","10.0.0.2","40940","95.101.184.27","443","0","632","628644"
"33.394203","33.394203000","33.000142000","4666","296","95.101.184.27","443","10.0.0.2","40940","244","633768","632"
"33.394239","33.394239000","33.000178000","4667","296","95.101.184.27","443","10.0.0.2","40940","244","634012","632"
"33.394288","33.394288000","33.000227000","4668","296","95.101.184.27","443","10.0.0.2","40940","244","634256","632"
"33.394300","33.394300000","33.000239000","4669","296","95.101.184.27","443","10.0.0.2","40940","244","634500","632"
"33.394334","33.394334000","33.000273000","4670","296","95.101.184.27","443","10.0.0.2","40940","244","634744","632"
"33.455664","33.455664000","33.061603000","4671","52","10.0.0.2","40940","95.101.184.27","443","0","632","629132"
"33.455695","33.455695000","33.061634000","4672","52","10.0.0.2","40940","95.101.184.27","443","0","632","629864"
"33.456229","33.456229000","33.062168000","4673","296","95.101.184.27","443","10.0.0.2","40940","244","634988","632"
"33.456264","33.456264000","33.062203000","4674","296","95.101.184.27","443","10.0.0.2","40940","244","635232","632"
"33.456315","33.456315000","33.062254000","4675","296","95.101.184.27","443","10.0.0.2","40940","244","635476","632"
"33.456327","33.456327000","33.062266000","4676","296","95.101.184.27","443","10.0.0.2","40940","244","635720","632"
"33.456372","33.456372000","33.062311000","4677","296","95.101.184.27","443","10.0.0.2","40940","244","635964","632"
"33.456385","33.456385000","33.062324000","4678","296","95.101.184.27","443","10.0.0.2","40940","244","636208","632"
"33.518823","33.518823000","33.124762000","4679","52","10.0.0.2","40940","95.101.184.27","443","0","632","630352"
"33.518856","33.518856000","33.124795000","4680","52","10.0.0.2","40940","95.101.184.27","443","0","632","631084"
"33.519412","33.519412000","33.125351000","4681","296","95.101.184.27","443","10.0.0.2","40940","244","636452","632"
"33.519447","33.519447000","33.125386000","4682","296","95.101.184.27","443","10.0.0.2","40940","244","636696","632"
"33.519498","33.519498000","33.125437000","4683","296","95.101.184.27","443","10.0.0.2","40940","244","636940","632"
"33.519510","33.519510000","33.125449000","4684","296","95.101.184.27","443","10.0.0.2","40940","244","637184","632"
"33.519544","33.519544000","33.125483000","4685","296","95.101.184.27","443","10.0.0.2","40940","244","637428","632"
"33.580878","33.580878000","33.186817000","4686","52","10.0.0.2","40940","95.101.184.27","443","0","632","631572"
"33.580911","33.580911000","33.186850000","4687","52","10.0.0.2","40940","95.101.184.27","443","0","632","632304"
"33.581473","33.581473000","33.187412000","4688","296","95.101.184.27","443","10.0.0.2","40940","244","637672","632"
"33.581508","33.581508000","33.187447000","4689","296","95.101.184.27","443","10.0.0.2","40940","244","637916","632"
"33.581559","33.581559000","33.187498000","4690","296","95.101.184.27","443","10.0.0.2","40940","244","638160","632"
"33.581571","33.581571000","33.187510000","4691","296","95.101.184.27","443","10.0.0.2","40940","244","638404","632"
"33.581605","33.581605000","33.187544000","4692","296","95.101.184.27","443","10.0.0.2","40940","244","638648","632"
"33.643931","33.643931000","33.249870000","4693","52","10.0.0.2","40940","95.101.184.27","443","0","632","632792"
"33.643972","33.643972000","33.249911000","4694","52","10.0.0.2","40940","95.101.184.27","443","0","632","633280"
"33.644510","33.644510000","33.250449000","4695","296","95.101.184.27","443","10.0.0.2","40940","244","638892","632"
"33.644545","33.644545000","33.250484000","4696","296","95.101.184.27","443","10.0.0.2","40940","244","639136","632"
"33.644599","33.644599000","33.250538000","4697","296","95.101.184.27","443","10.0.0.2","40940","244","639380","632"
"33.644611","33.644611000","33.250550000","4698","296","95.101.184.27","443","10.0.0.2","40940","244","639624","632"
"33.705433","33.705433000","33.311372000","4699","52","10.0.0.2","40940","95.101.184.27","443","0","632","633524"
"33.705461","33.705461000","33.311400000","4700","52","10.0.0.2","40940","95.101.184.27","443","0","632","634012"
"33.705480","33.705480000","33.311419000","4701","52","10.0.0.2","40940","95.101.184.27","443","0","632","634744"
"33.706043","33.706043000","33.311982000","4702","296","95.101.184.27","443","10.0.0.2","40940","244","639868","632"
"33.706076","33.706076000","33.312015000","4703","296","95.101.184.27","443","10.0.0.2","40940","244","640112","632"
"33.706127","33.706127000","33.312066000","4704","296","95.101.184.27","443","10.0.0.2","40940","244","640356","632"
"33.706143","33.706143000","33.312082000","4705","296","95.101.184.27","443","10.0.0.2","40940","244","640600","632"
"33.706191","33.706191000","33.312130000","4706","296","95.101.184.27","443","10.0.0.2","40940","244","640844","632"
"33.706203","33.706203000","33.312142000","4707","296","95.101.184.27","443","10.0.0.2","40940","244","641088","632"
"33.768160","33.768160000","33.374099000","4708","52","10.0.0.2","40940","95.101.184.27","443","0","632","635232"
"33.768190","33.768190000","33.374129000","4709","52","10.0.0.2","40940","95.101.184.27","443","0","632","635964"
"33.768752","33.768752000","33.374691000","4710","296","95.101.184.27","443","10.0.0.2","40940","244","641332","632"
"33.768788","33.768788000","33.374727000","4711","296","95.101.184.27","443","10.0.0.2","40940","244","641576","632"
"33.768837","33.768837000","33.374776000","4712","296","95.101.184.27","443","10.0.0.2","40940","244","641820","632"
"33.768849","33.768849000","33.374788000","4713","296","95.101.184.27","443","10.0.0.2","40940","244","642064","632"
"33.768899","33.768899000","33.374838000","4714","296","95.101.184.27","443","10.0.0.2","40940","244","642308","632"
"33.768911","33.768911000","33.374850000","4715","296","95.101.184.27","443","10.0.0.2","40940","244","642552","632"
"33.830218","33.830218000","33.436157000","4716","52","10.0.0.2","40940","95.101.184.27","443","0","632","636452"
"33.830250","33.830250000","33.436189000","4717","52","10.0.0.2","40940","95.101.184.27","443","0","632","637184"
"33.830796","33.830796000","33.436735000","4718","296","95.101.184.27","443","10.0.0.2","40940","244","642796","632"
"33.830831","33.830831000","33.436770000","4719","296","95.101.184.27","443","10.0.0.2","40940","244","643040","632"
"33.830882","33.830882000","33.436821000","4720","296","95.101.184.27","443","10.0.0.2","40940","244","643284","632"
"33.830894","33.830894000","33.436833000","4721","296","95.101.184.27","443","10.0.0.2","40940","244","643528","632"
"33.830959","33.830959000","33.436898000","4722","296","95.101.184.27","443","10.0.0.2","40940","244","643772","632"
"33.893760","33.893760000","33.499699000","4723","52","10.0.0.2","40940","95.101.184.27","443","0","632","637672"
"33.893791","33.893791000","33.499730000","4724","52","10.0.0.2","40940","95.101.184.27","443","0","632","638160"
"33.894450","33.894450000","33.500389000","4725","296","95.101.184.27","443","10.0.0.2","40940","244","644016","632"
"33.894487","33.894487000","33.500426000","4726","296","95.101.184.27","443","10.0.0.2","40940","244","644260","632"
"33.894538","33.894538000","33.500477000","4727","296","95.101.184.27","443","10.0.0.2","40940","244","644504","632"
"33.894550","33.894550000","33.500489000","4728","296","95.101.184.27","443","10.0.0.2","40940","244","644748","632"
"33.955738","33.955738000","33.561677000","4729","52","10.0.0.2","40940","95.101.184.27","443","0","632","638404"
"33.955797","33.955797000","33.561736000","4730","52","10.0.0.2","40940","95.101.184.27","443","0","632","638892"
"33.955816","33.955816000","33.561755000","4731","52","10.0.0.2","40940","95.101.184.27","443","0","632","639624"
"33.956369","33.956369000","33.562308000","4732","296","95.101.184.27","443","10.0.0.2","40940","244","644992","632"
"33.956406","33.956406000","33.562345000","4733","296","95.101.184.27","443","10.0.0.2","40940","244","645236","632"
"33.956456","33.956456000","33.562395000","4734","296","95.101.184.27","443","10.0.0.2","40940","244","645480","632"
"33.956468","33.956468000","33.562407000","4735","296","95.101.184.27","443","10.0.0.2","40940","244","645724","632"
"33.956514","33.956514000","33.562453000","4736","296","95.101.184.27","443","10.0.0.2","40940","244","645968","632"
"33.956526","33.956526000","33.562465000","4737","296","95.101.184.27","443","10.0.0.2","40940","244","646212","632"
"34.018720","34.018720000","33.624659000","4738","52","10.0.0.2","40940","95.101.184.27","443","0","632","640112"
"34.018752","34.018752000","33.624691000","4739","52","10.0.0.2","40940","95.101.184.27","443","0","632","640844"
"34.019337","34.019337000","33.625276000","4740","296","95.101.184.27","443","10.0.0.2","40940","244","646456","632"
"34.019373","34.019373000","33.625312000","4741","296","95.101.184.27","443","10.0.0.2","40940","244","646700","632"
"34.019423","34.019423000","33.625362000","4742","296","95.101.184.27","443","10.0.0.2","40940","244","646944","632"
"34.019435","34.019435000","33.625374000","4743","296","95.101.184.27","443","10.0.0.2","40940","244","647188","632"
"34.019469","34.019469000","33.625408000","4744","296","95.101.184.27","443","10.0.0.2","40940","244","647432","632"
"34.081029","34.081029000","33.686968000","4745","52","10.0.0.2","40940","95.101.184.27","443","0","632","641332"
"34.081055","34.081055000","33.686994000","4746","52","10.0.0.2","40940","95.101.184.27","443","0","632","642064"
"34.081621","34.081621000","33.687560000","4747","296","95.101.184.27","443","10.0.0.2","40940","244","647676","632"
"34.081656","34.081656000","33.687595000","4748","296","95.101.184.27","443","10.0.0.2","40940","244","647920","632"
"34.081709","34.081709000","33.687648000","4749","296","95.101.184.27","443","10.0.0.2","40940","244","648164","632"
"34.081721","34.081721000","33.687660000","4750","296","95.101.184.27","443","10.0.0.2","40940","244","648408","632"
"34.081767","34.081767000","33.687706000","4751","296","95.101.184.27","443","10.0.0.2","40940","244","648652","632"
"34.081779","34.081779000","33.687718000","4752","296","95.101.184.27","443","10.0.0.2","40940","244","648896","632"
"34.143143","34.143143000","33.749082000","4753","52","10.0.0.2","40940","95.101.184.27","443","0","632","642552"
"34.143173","34.143173000","33.749112000","4754","52","10.0.0.2","40940","95.101.184.27","443","0","632","642552"
"34.143190","34.143190000","33.749129000","4755","52","10.0.0.2","40940","95.101.184.27","443","0","632","642552"
"34.143205","34.143205000","33.749144000","4756","52","10.0.0.2","40940","95.101.184.27","443","0","632","642552"
"34.143653","34.143653000","33.749592000","4757","296","95.101.184.27","443","10.0.0.2","40940","244","649140","632"
"34.143731","34.143731000","33.749670000","4758","296","95.101.184.27","443","10.0.0.2","40940","244","649384","632"
"34.143744","34.143744000","33.749683000","4759","296","95.101.184.27","443","10.0.0.2","40940","244","649628","632"
"34.143790","34.143790000","33.749729000","4760","296","95.101.184.27","443","10.0.0.2","40940","244","649872","632"
"34.143802","34.143802000","33.749741000","4761","296","95.101.184.27","443","10.0.0.2","40940","244","642552","632"
"34.205229","34.205229000","33.811168000","4762","52","10.0.0.2","40940","95.101.184.27","443","0","632","642552"
"34.205261","34.205261000","33.811200000","4763","52","10.0.0.2","40940","95.101.184.27","443","0","632","642552"
"34.205278","34.205278000","33.811217000","4764","52","10.0.0.2","40940","95.101.184.27","443","0","632","642552"
"34.205296","34.205296000","33.811235000","4765","52","10.0.0.2","40940","95.101.184.27","443","0","632","642552"
"34.205314","34.205314000","33.811253000","4766","52","10.0.0.2","40940","95.101.184.27","443","0","632","642552"
"34.205722","34.205722000","33.811661000","4767","296","95.101.184.27","443","10.0.0.2","40940","244","650116","632"
"34.205757","34.205757000","33.811696000","4768","296","95.101.184.27","443","10.0.0.2","40940","244","650360","632"
"34.205825","34.205825000","33.811764000","4769","296","95.101.184.27","443","10.0.0.2","40940","244","650604","632"
"34.205861","34.205861000","33.811800000","4770","296","95.101.184.27","443","10.0.0.2","40940","244","650848","632"
"34.268188","34.268188000","33.874127000","4771","52","10.0.0.2","40940","95.101.184.27","443","0","632","642552"
"34.268218","34.268218000","33.874157000","4772","52","10.0.0.2","40940","95.101.184.27","443","0","632","642552"
"34.268236","34.268236000","33.874175000","4773","52","10.0.0.2","40940","95.101.184.27","443","0","632","642552"
"34.268252","34.268252000","33.874191000","4774","52","10.0.0.2","40940","95.101.184.27","443","0","632","642552"
"34.268269","34.268269000","33.874208000","4775","52","10.0.0.2","40940","95.101.184.27","443","0","632","642552"
"34.268766","34.268766000","33.874705000","4776","296","95.101.184.27","443","10.0.0.2","40940","244","651092","632"
"34.268802","34.268802000","33.874741000","4777","296","95.101.184.27","443","10.0.0.2","40940","244","651336","632"
"34.268840","34.268840000","33.874779000","4778","296","95.101.184.27","443","10.0.0.2","40940","244","651580","632"
"34.330523","34.330523000","33.936462000","4779","52","10.0.0.2","40940","95.101.184.27","443","0","632","642552"
"34.330551","34.330551000","33.936490000","4780","52","10.0.0.2","40940","95.101.184.27","443","0","632","642552"
"34.330568","34.330568000","33.936507000","4781","52","10.0.0.2","40940","95.101.184.27","443","0","632","642552"
"34.330583","34.330583000","33.936522000","4782","52","10.0.0.2","40940","95.101.184.27","443","0","632","642552"
"34.330595","34.330595000","33.936534000","4783","52","10.0.0.2","40940","95.101.184.27","443","0","632","642552"
"34.331005","34.331005000","33.936944000","4784","296","95.101.184.27","443","10.0.0.2","40940","244","651824","632"
"34.331221","34.331221000","33.937160000","4785","296","95.101.184.27","443","10.0.0.2","40940","244","652068","632"
"34.331255","34.331255000","33.937194000","4786","296","95.101.184.27","443","10.0.0.2","40940","244","652312","632"
"34.331292","34.331292000","33.937231000","4787","296","95.101.184.27","443","10.0.0.2","40940","244","652556","632"
"34.393519","34.393519000","33.999458000","4788","52","10.0.0.2","40940","95.101.184.27","443","0","632","642552"
"34.393549","34.393549000","33.999488000","4789","52","10.0.0.2","40940","95.101.184.27","443","0","632","642552"
"34.393568","34.393568000","33.999507000","4790","52","10.0.0.2","40940","95.101.184.27","443","0","632","642552"
"34.393587","34.393587000","33.999526000","4791","52","10.0.0.2","40940","95.101.184.27","443","0","632","642552"
"34.393603","34.393603000","33.999542000","4792","52","10.0.0.2","40940","95.101.184.27","443","0","632","642552"
"34.394112","34.394112000","34.000051000","4793","296","95.101.184.27","443","10.0.0.2","40940","244","652800","632"
"34.394148","34.394148000","34.000087000","4794","296","95.101.184.27","443","10.0.0.2","40940","244","653044","632"
"34.394187","34.394187000","34.000126000","4795","296","95.101.184.27","443","10.0.0.2","40940","244","653288","632"
"34.455539","34.455539000","34.061478000","4796","52","10.0.0.2","40940","95.101.184.27","443","0","632","642552"
"34.455571","34.455571000","34.061510000","4797","52","10.0.0.2","40940","95.101.184.27","443","0","632","642552"
"34.455588","34.455588000","34.061527000","4798","52","10.0.0.2","40940","95.101.184.27","443","0","632","642552"
"34.455603","34.455603000","34.061542000","4799","52","10.0.0.2","40940","95.101.184.27","443","0","632","642552"
"34.455620","34.455620000","34.061559000","4800","52","10.0.0.2","40940","95.101.184.27","443","0","632","642552"
"34.456093","34.456093000","34.062032000","4801","296","95.101.184.27","443","10.0.0.2","40940","244","653532","632"
"34.456171","34.456171000","34.062110000","4802","296","95.101.184.27","443","10.0.0.2","40940","244","653776","632"
"34.456184","34.456184000","34.062123000","4803","296","95.101.184.27","443","10.0.0.2","40940","244","654020","632"
"34.518876","34.518876000","34.124815000","4804","52","10.0.0.2","40940","95.101.184.27","443","0","632","642552"
"34.518899","34.518899000","34.124838000","4805","52","10.0.0.2","40940","95.101.184.27","443","0","632","648896"
"34.518911","34.518911000","34.124850000","4806","52","10.0.0.2","40940","95.101.184.27","443","0","632","648896"
"34.518967","34.518967000","34.124906000","4807","52","10.0.0.2","40940","95.101.184.27","443","0","632","648896"
"34.518979","34.518979000","34.124918000","4808","52","10.0.0.2","40940","95.101.184.27","443","0","632","648896"
"34.519477","34.519477000","34.125416000","4809","296","95.101.184.27","443","10.0.0.2","40940","244","654264","632"
"34.519512","34.519512000","34.125451000","4810","296","95.101.184.27","443","10.0.0.2","40940","244","648896","632"
"34.519563","34.519563000","34.125502000","4811","296","95.101.184.27","443","10.0.0.2","40940","244","654508","632"
"34.519575","34.519575000","34.125514000","4812","296","95.101.184.27","443","10.0.0.2","40940","244","654752","632"
"34.519621","34.519621000","34.125560000","4813","296","95.101.184.27","443","10.0.0.2","40940","244","654996","632"
"34.519633","34.519633000","34.125572000","4814","296","95.101.184.27","443","10.0.0.2","40940","244","655240","632"
"34.580935","34.580935000","34.186874000","4815","52","10.0.0.2","40940","95.101.184.27","443","0","632","648896"
"34.580975","34.580975000","34.186914000","4816","52","10.0.0.2","40940","95.101.184.27","443","0","632","648896"
"34.580992","34.580992000","34.186931000","4817","52","10.0.0.2","40940","95.101.184.27","443","0","632","648896"
"34.581009","34.581009000","34.186948000","4818","52","10.0.0.2","40940","95.101.184.27","443","0","632","648896"
"34.581026","34.581026000","34.186965000","4819","52","10.0.0.2","40940","95.101.184.27","443","0","632","648896"
"34.581484","34.581484000","34.187423000","4820","296","95.101.184.27","443","10.0.0.2","40940","244","655484","632"
"34.581519","34.581519000","34.187458000","4821","296","95.101.184.27","443","10.0.0.2","40940","244","655728","632"
"34.581569","34.581569000","34.187508000","4822","296","95.101.184.27","443","10.0.0.2","40940","244","655972","632"
"34.581582","34.581582000","34.187521000","4823","296","95.101.184.27","443","10.0.0.2","40940","244","656216","632"
"34.643888","34.643888000","34.249827000","4824","52","10.0.0.2","40940","95.101.184.27","443","0","632","648896"
"34.643941","34.643941000","34.249880000","4825","52","10.0.0.2","40940","95.101.184.27","443","0","632","648896"
"34.643975","34.643975000","34.249914000","4826","52","10.0.0.2","40940","95.101.184.27","443","0","632","648896"
"34.643994","34.643994000","34.249933000","4827","52","10.0.0.2","40940","95.101.184.27","443","0","632","648896"
"34.644008","34.644008000","34.249947000","4828","52","10.0.0.2","40940","95.101.184.27","443","0","632","648896"
"34.644419","34.644419000","34.250358000","4829","296","95.101.184.27","443","10.0.0.2","40940","244","656460","632"
"34.644454","34.644454000","34.250393000","4830","296","95.101.184.27","443","10.0.0.2","40940","244","656704","632"
"34.644504","34.644504000","34.250443000","4831","296","95.101.184.27","443","10.0.0.2","40940","244","656948","632"
"34.644516","34.644516000","34.250455000","4832","296","95.101.184.27","443","10.0.0.2","40940","244","657192","632"
"34.644551","34.644551000","34.250490000","4833","296","95.101.184.27","443","10.0.0.2","40940","244","657436","632"
"34.705293","34.705293000","34.311232000","4834","52","10.0.0.2","40940","95.101.184.27","443","0","632","648896"
"34.705321","34.705321000","34.311260000","4835","52","10.0.0.2","40940","95.101.184.27","443","0","632","648896"
"34.705339","34.705339000","34.311278000","4836","52","10.0.0.2","40940","95.101.184.27","443","0","632","648896"
"34.705354","34.705354000","34.311293000","4837","52","10.0.0.2","40940","95.101.184.27","443","0","632","648896"
"34.705367","34.705367000","34.311306000","4838","52","10.0.0.2","40940","95.101.184.27","443","0","632","648896"
"34.705834","34.705834000","34.311773000","4839","296","95.101.184.27","443","10.0.0.2","40940","244","657680","632"
"34.705867","34.705867000","34.311806000","4840","296","95.101.184.27","443","10.0.0.2","40940","244","657924","632"
"34.705947","34.705947000","34.311886000","4841","296","95.101.184.27","443","10.0.0.2","40940","244","658168","632"
"34.705961","34.705961000","34.311900000","4842","296","95.101.184.27","443","10.0.0.2","40940","244","658412","632"
"34.705999","34.705999000","34.311938000","4843","296","95.101.184.27","443","10.0.0.2","40940","244","658656","632"
"34.769114","34.769114000","34.375053000","4844","52","10.0.0.2","40940","95.101.184.27","443","0","632","654508"
"34.769144","34.769144000","34.375083000","4845","52","10.0.0.2","40940","95.101.184.27","443","0","632","655484"
"34.769776","34.769776000","34.375715000","4846","296","95.101.184.27","443","10.0.0.2","40940","244","658900","632"
"34.769820","34.769820000","34.375759000","4847","296","95.101.184.27","443","10.0.0.2","40940","244","659144","632"
"34.769885","34.769885000","34.375824000","4848","296","95.101.184.27","443","10.0.0.2","40940","244","659388","632"
"34.769904","34.769904000","34.375843000","4849","296","95.101.184.27","443","10.0.0.2","40940","244","659632","632"
"34.769999","34.769999000","34.375938000","4850","296","95.101.184.27","443","10.0.0.2","40940","244","659876","632"
"34.770016","34.770016000","34.375955000","4851","296","95.101.184.27","443","10.0.0.2","40940","244","660120","632"
"34.831074","34.831074000","34.437013000","4852","52","10.0.0.2","40940","95.101.184.27","443","0","632","655972"
"34.831104","34.831104000","34.437043000","4853","52","10.0.0.2","40940","95.101.184.27","443","0","632","656704"
"34.831764","34.831764000","34.437703000","4854","296","95.101.184.27","443","10.0.0.2","40940","244","660364","632"
"34.831811","34.831811000","34.437750000","4855","296","95.101.184.27","443","10.0.0.2","40940","244","660608","632"
"34.831876","34.831876000","34.437815000","4856","296","95.101.184.27","443","10.0.0.2","40940","244","660852","632"
"34.831896","34.831896000","34.437835000","4857","296","95.101.184.27","443","10.0.0.2","40940","244","661096","632"
"34.831990","34.831990000","34.437929000","4858","296","95.101.184.27","443","10.0.0.2","40940","244","661340","632"
"34.832006","34.832006000","34.437945000","4859","296","95.101.184.27","443","10.0.0.2","40940","244","661584","632"
"34.893551","34.893551000","34.499490000","4860","52","10.0.0.2","40940","95.101.184.27","443","0","632","657192"
"34.893580","34.893580000","34.499519000","4861","52","10.0.0.2","40940","95.101.184.27","443","0","632","657924"
"34.894144","34.894144000","34.500083000","4862","296","95.101.184.27","443","10.0.0.2","40940","244","661828","632"
"34.894179","34.894179000","34.500118000","4863","296","95.101.184.27","443","10.0.0.2","40940","244","662072","632"
"34.894230","34.894230000","34.500169000","4864","296","95.101.184.27","443","10.0.0.2","40940","244","662316","632"
"34.894241","34.894241000","34.500180000","4865","296","95.101.184.27","443","10.0.0.2","40940","244","662560","632"
"34.894275","34.894275000","34.500214000","4866","296","95.101.184.27","443","10.0.0.2","40940","244","662804","632"
"34.955594","34.955594000","34.561533000","4867","52","10.0.0.2","40940","95.101.184.27","443","0","632","658412"
"34.955628","34.955628000","34.561567000","4868","52","10.0.0.2","40940","95.101.184.27","443","0","632","659144"
"34.956182","34.956182000","34.562121000","4869","296","95.101.184.27","443","10.0.0.2","40940","244","663048","632"
"34.956219","34.956219000","34.562158000","4870","296","95.101.184.27","443","10.0.0.2","40940","244","663292","632"
"34.956269","34.956269000","34.562208000","4871","296","95.101.184.27","443","10.0.0.2","40940","244","663536","632"
"34.956281","34.956281000","34.562220000","4872","296","95.101.184.27","443","10.0.0.2","40940","244","663780","632"
"34.956326","34.956326000","34.562265000","4873","296","95.101.184.27","443","10.0.0.2","40940","244","664024","632"
"34.956339","34.956339000","34.562278000","4874","296","95.101.184.27","443","10.0.0.2","40940","244","664268","632"
"35.018614","35.018614000","34.624553000","4875","52","10.0.0.2","40940","95.101.184.27","443","0","632","659632"
"35.018645","35.018645000","34.624584000","4876","52","10.0.0.2","40940","95.101.184.27","443","0","632","660364"
"35.019219","35.019219000","34.625158000","4877","296","95.101.184.27","443","10.0.0.2","40940","244","664512","632"
"35.019255","35.019255000","34.625194000","4878","296","95.101.184.27","443","10.0.0.2","40940","244","664756","632"
"35.019305","35.019305000","34.625244000","4879","296","95.101.184.27","443","10.0.0.2","40940","244","665000","632"
"35.019317","35.019317000","34.625256000","4880","296","95.101.184.27","443","10.0.0.2","40940","244","665244","632"
"35.019350","35.019350000","34.625289000","4881","296","95.101.184.27","443","10.0.0.2","40940","244","665488","632"
"35.080802","35.080802000","34.686741000","4882","52","10.0.0.2","40940","95.101.184.27","443","0","632","660852"
"35.080834","35.080834000","34.686773000","4883","52","10.0.0.2","40940","95.101.184.27","443","0","632","661584"
"35.081463","35.081463000","34.687402000","4884","296","95.101.184.27","443","10.0.0.2","40940","244","665732","632"
"35.081499","35.081499000","34.687438000","4885","296","95.101.184.27","443","10.0.0.2","40940","244","665976","632"
"35.081553","35.081553000","34.687492000","4886","296","95.101.184.27","443","10.0.0.2","40940","244","666220","632"
"35.081565","35.081565000","34.687504000","4887","296","95.101.184.27","443","10.0.0.2","40940","244","666464","632"
"35.081612","35.081612000","34.687551000","4888","296","95.101.184.27","443","10.0.0.2","40940","244","666708","632"
"35.081624","35.081624000","34.687563000","4889","296","95.101.184.27","443","10.0.0.2","40940","244","666952","632"
"35.143799","35.143799000","34.749738000","4890","52","10.0.0.2","40940","95.101.184.27","443","0","632","662072"
"35.143831","35.143831000","34.749770000","4891","52","10.0.0.2","40940","95.101.184.27","443","0","632","662804"
"35.144444","35.144444000","34.750383000","4892","296","95.101.184.27","443","10.0.0.2","40940","244","667196","632"
"35.144481","35.144481000","34.750420000","4893","296","95.101.184.27","443","10.0.0.2","40940","244","667440","632"
"35.144531","35.144531000","34.750470000","4894","296","95.101.184.27","443","10.0.0.2","40940","244","667684","632"
"35.144543","35.144543000","34.750482000","4895","296","95.101.184.27","443","10.0.0.2","40940","244","667928","632"
"35.144577","35.144577000","34.750516000","4896","296","95.101.184.27","443","10.0.0.2","40940","244","668172","632"
"35.205793","35.205793000","34.811732000","4897","52","10.0.0.2","40940","95.101.184.27","443","0","632","663292"
"35.205806","35.205806000","34.811745000","4898","52","10.0.0.2","40940","95.101.184.27","443","0","632","663780"
"35.206176","35.206176000","34.812115000","4899","296","95.101.184.27","443","10.0.0.2","40940","244","668416","632"
"35.206191","35.206191000","34.812130000","4900","296","95.101.184.27","443","10.0.0.2","40940","244","668660","632"
"35.206205","35.206205000","34.812144000","4901","296","95.101.184.27","443","10.0.0.2","40940","244","668904","632"
"35.206208","35.206208000","34.812147000","4902","296","95.101.184.27","443","10.0.0.2","40940","244","669148","632"
"35.268416","35.268416000","34.874355000","4903","52","10.0.0.2","40940","95.101.184.27","443","0","632","664024"
"35.268446","35.268446000","34.874385000","4904","52","10.0.0.2","40940","95.101.184.27","443","0","632","664512"
"35.268466","35.268466000","34.874405000","4905","52","10.0.0.2","40940","95.101.184.27","443","0","632","665244"
"35.269012","35.269012000","34.874951000","4906","296","95.101.184.27","443","10.0.0.2","40940","244","669392","632"
"35.269048","35.269048000","34.874987000","4907","296","95.101.184.27","443","10.0.0.2","40940","244","669636","632"
"35.269104","35.269104000","34.875043000","4908","296","95.101.184.27","443","10.0.0.2","40940","244","669880","632"
"35.269117","35.269117000","34.875056000","4909","296","95.101.184.27","443","10.0.0.2","40940","244","670124","632"
"35.269163","35.269163000","34.875102000","4910","296","95.101.184.27","443","10.0.0.2","40940","244","670368","632"
"35.269175","35.269175000","34.875114000","4911","296","95.101.184.27","443","10.0.0.2","40940","244","670612","632"
"35.269209","35.269209000","34.875148000","4912","296","95.101.184.27","443","10.0.0.2","40940","244","670856","632"
"35.331109","35.331109000","34.937048000","4913","52","10.0.0.2","40940","95.101.184.27","443","0","632","665732"
"35.331138","35.331138000","34.937077000","4914","52","10.0.0.2","40940","95.101.184.27","443","0","632","666464"
"35.331830","35.331830000","34.937769000","4915","296","95.101.184.27","443","10.0.0.2","40940","244","671100","632"
"35.331875","35.331875000","34.937814000","4916","296","95.101.184.27","443","10.0.0.2","40940","244","671344","632"
"35.331983","35.331983000","34.937922000","4917","296","95.101.184.27","443","10.0.0.2","40940","244","671588","632"
"35.332007","35.332007000","34.937946000","4918","296","95.101.184.27","443","10.0.0.2","40940","244","671832","632"
"35.332046","35.332046000","34.937985000","4919","296","95.101.184.27","443","10.0.0.2","40940","244","672076","632"
"35.393676","35.393676000","34.999615000","4920","52","10.0.0.2","40940","95.101.184.27","443","0","632","666952"
"35.393704","35.393704000","34.999643000","4921","52","10.0.0.2","40940","95.101.184.27","443","0","632","667684"
"35.394295","35.394295000","35.000234000","4922","296","95.101.184.27","443","10.0.0.2","40940","244","672320","632"
"35.394330","35.394330000","35.000269000","4923","296","95.101.184.27","443","10.0.0.2","40940","244","672564","632"
"35.394384","35.394384000","35.000323000","4924","296","95.101.184.27","443","10.0.0.2","40940","244","672808","632"
"35.394396","35.394396000","35.000335000","4925","296","95.101.184.27","443","10.0.0.2","40940","244","673052","632"
"35.394442","35.394442000","35.000381000","4926","296","95.101.184.27","443","10.0.0.2","40940","244","673296","632"
"35.394453","35.394453000","35.000392000","4927","296","95.101.184.27","443","10.0.0.2","40940","244","673540","632"
"35.455771","35.455771000","35.061710000","4928","52","10.0.0.2","40940","95.101.184.27","443","0","632","668172"
"35.455805","35.455805000","35.061744000","4929","52","10.0.0.2","40940","95.101.184.27","443","0","632","668904"
"35.456415","35.456415000","35.062354000","4930","296","95.101.184.27","443","10.0.0.2","40940","244","673784","632"
"35.456451","35.456451000","35.062390000","4931","296","95.101.184.27","443","10.0.0.2","40940","244","674028","632"
"35.456501","35.456501000","35.062440000","4932","296","95.101.184.27","443","10.0.0.2","40940","244","674272","632"
"35.456513","35.456513000","35.062452000","4933","296","95.101.184.27","443","10.0.0.2","40940","244","674516","632"
"35.456547","35.456547000","35.062486000","4934","296","95.101.184.27","443","10.0.0.2","40940","244","674760","632"
"35.518647","35.518647000","35.124586000","4935","52","10.0.0.2","40940","95.101.184.27","443","0","632","669392"
"35.518677","35.518677000","35.124616000","4936","52","10.0.0.2","40940","95.101.184.27","443","0","632","670124"
"35.519265","35.519265000","35.125204000","4937","296","95.101.184.27","443","10.0.0.2","40940","244","675004","632"
"35.519300","35.519300000","35.125239000","4938","296","95.101.184.27","443","10.0.0.2","40940","244","675248","632"
"35.519350","35.519350000","35.125289000","4939","296","95.101.184.27","443","10.0.0.2","40940","244","675492","632"
"35.519362","35.519362000","35.125301000","4940","296","95.101.184.27","443","10.0.0.2","40940","244","675736","632"
"35.519408","35.519408000","35.125347000","4941","296","95.101.184.27","443","10.0.0.2","40940","244","675980","632"
"35.519420","35.519420000","35.125359000","4942","296","95.101.184.27","443","10.0.0.2","40940","244","676224","632"
"35.581036","35.581036000","35.186975000","4943","52","10.0.0.2","40940","95.101.184.27","443","0","632","670612"
"35.581063","35.581063000","35.187002000","4944","52","10.0.0.2","40940","95.101.184.27","443","0","632","671344"
"35.581641","35.581641000","35.187580000","4945","296","95.101.184.27","443","10.0.0.2","40940","244","676468","632"
"35.581675","35.581675000","35.187614000","4946","296","95.101.184.27","443","10.0.0.2","40940","244","676712","632"
"35.581725","35.581725000","35.187664000","4947","296","95.101.184.27","443","10.0.0.2","40940","244","676956","632"
"35.581737","35.581737000","35.187676000","4948","296","95.101.184.27","443","10.0.0.2","40940","244","677200","632"
"35.581771","35.581771000","35.187710000","4949","296","95.101.184.27","443","10.0.0.2","40940","244","677444","632"
"35.644087","35.644087000","35.250026000","4950","52","10.0.0.2","40940","95.101.184.27","443","0","632","671832"
"35.644117","35.644117000","35.250056000","4951","52","10.0.0.2","40940","95.101.184.27","443","0","632","672564"
"35.644667","35.644667000","35.250606000","4952","296","95.101.184.27","443","10.0.0.2","40940","244","677688","632"
"35.644704","35.644704000","35.250643000","4953","296","95.101.184.27","443","10.0.0.2","40940","244","677932","632"
"35.644753","35.644753000","35.250692000","4954","296","95.101.184.27","443","10.0.0.2","40940","244","678176","632"
"35.644765","35.644765000","35.250704000","4955","296","95.101.184.27","443","10.0.0.2","40940","244","678420","632"
"35.644800","35.644800000","35.250739000","4956","296","95.101.184.27","443","10.0.0.2","40940","244","678664","632"
"35.705232","35.705232000","35.311171000","4957","52","10.0.0.2","40940","95.101.184.27","443","0","632","673052"
"35.705261","35.705261000","35.311200000","4958","52","10.0.0.2","40940","95.101.184.27","443","0","632","673784"
"35.705895","35.705895000","35.311834000","4959","296","95.101.184.27","443","10.0.0.2","40940","244","678908","632"
"35.705982","35.705982000","35.311921000","4960","296","95.101.184.27","443","10.0.0.2","40940","244","679152","632"
"35.706051","35.706051000","35.311990000","4961","296","95.101.184.27","443","10.0.0.2","40940","244","679396","632"
"35.706069","35.706069000","35.312008000","4962","296","95.101.184.27","443","10.0.0.2","40940","244","679640","632"
"35.706108","35.706108000","35.312047000","4963","296","95.101.184.27","443","10.0.0.2","40940","244","679884","632"
"35.768354","35.768354000","35.374293000","4964","52","10.0.0.2","40940","95.101.184.27","443","0","632","674272"
"35.768383","35.768383000","35.374322000","4965","52","10.0.0.2","40940","95.101.184.27","443","0","632","675004"
"35.769006","35.769006000","35.374945000","4966","296","95.101.184.27","443","10.0.0.2","40940","244","680128","632"
"35.769042","35.769042000","35.374981000","4967","296","95.101.184.27","443","10.0.0.2","40940","244","680372","632"
"35.769092","35.769092000","35.375031000","4968","296","95.101.184.27","443","10.0.0.2","40940","244","680616","632"
"35.769103","35.769103000","35.375042000","4969","296","95.101.184.27","443","10.0.0.2","40940","244","680860","632"
"35.769149","35.769149000","35.375088000","4970","296","95.101.184.27","443","10.0.0.2","40940","244","681104","632"
"35.769161","35.769161000","35.375100000","4971","296","95.101.184.27","443","10.0.0.2","40940","244","681348","632"
"35.830393","35.830393000","35.436332000","4972","52","10.0.0.2","40940","95.101.184.27","443","0","632","675492"
"35.830423","35.830423000","35.436362000","4973","52","10.0.0.2","40940","95.101.184.27","443","0","632","676224"
"35.831048","35.831048000","35.436987000","4974","296","95.101.184.27","443","10.0.0.2","40940","244","681592","632"
"35.831084","35.831084000","35.437023000","4975","296","95.101.184.27","443","10.0.0.2","40940","244","681836","632"
"35.831135","35.831135000","35.437074000","4976","296","95.101.184.27","443","10.0.0.2","40940","244","682080","632"
"35.831148","35.831148000","35.437087000","4977","296","95.101.184.27","443","10.0.0.2","40940","244","682324","632"
"35.831181","35.831181000","35.437120000","4978","296","95.101.184.27","443","10.0.0.2","40940","244","682568","632"
"35.893652","35.893652000","35.499591000","4979","52","10.0.0.2","40940","95.101.184.27","443","0","632","676712"
"35.893681","35.893681000","35.499620000","4980","52","10.0.0.2","40940","95.101.184.27","443","0","632","677444"
"35.894231","35.894231000","35.500170000","4981","296","95.101.184.27","443","10.0.0.2","40940","244","682812","632"
"35.894266","35.894266000","35.500205000","4982","296","95.101.184.27","443","10.0.0.2","40940","244","683056","632"
"35.894317","35.894317000","35.500256000","4983","296","95.101.184.27","443","10.0.0.2","40940","244","683300","632"
"35.894329","35.894329000","35.500268000","4984","296","95.101.184.27","443","10.0.0.2","40940","244","683544","632"
"35.894363","35.894363000","35.500302000","4985","296","95.101.184.27","443","10.0.0.2","40940","244","683788","632"
"35.955685","35.955685000","35.561624000","4986","52","10.0.0.2","40940","95.101.184.27","443","0","632","677932"
"35.955718","35.955718000","35.561657000","4987","52","10.0.0.2","40940","95.101.184.27","443","0","632","678664"
"35.956308","35.956308000","35.562247000","4988","296","95.101.184.27","443","10.0.0.2","40940","244","684032","632"
"35.956344","35.956344000","35.562283000","4989","296","95.101.184.27","443","10.0.0.2","40940","244","684276","632"
"35.956393","35.956393000","35.562332000","4990","296","95.101.184.27","443","10.0.0.2","40940","244","684520","632"
"35.956405","35.956405000","35.562344000","4991","296","95.101.184.27","443","10.0.0.2","40940","244","684764","632"
"35.956438","35.956438000","35.562377000","4992","296","95.101.184.27","443","10.0.0.2","40940","244","685008","632"
"36.018764","36.018764000","35.624703000","4993","52","10.0.0.2","40940","95.101.184.27","443","0","632","679152"
"36.018796","36.018796000","35.624735000","4994","52","10.0.0.2","40940","95.101.184.27","443","0","632","679884"
"36.019417","36.019417000","35.625356000","4995","296","95.101.184.27","443","10.0.0.2","40940","244","685252","632"
"36.019452","36.019452000","35.625391000","4996","296","95.101.184.27","443","10.0.0.2","40940","244","685496","632"
"36.019503","36.019503000","35.625442000","4997","296","95.101.184.27","443","10.0.0.2","40940","244","685740","632"
"36.019515","36.019515000","35.625454000","4998","296","95.101.184.27","443","10.0.0.2","40940","244","685984","632"
"36.019549","36.019549000","35.625488000","4999","296","95.101.184.27","443","10.0.0.2","40940","244","686228","632"
"36.080777","36.080777000","35.686716000","5000","52","10.0.0.2","40940","95.101.184.27","443","0","632","680372"
"36.080807","36.080807000","35.686746000","5001","52","10.0.0.2","40940","95.101.184.27","443","0","632","680860"
"36.081397","36.081397000","35.687336000","5002","296","95.101.184.27","443","10.0.0.2","40940","244","686472","632"
"36.081432","36.081432000","35.687371000","5003","296","95.101.184.27","443","10.0.0.2","40940","244","686716","632"
"36.081482","36.081482000","35.687421000","5004","296","95.101.184.27","443","10.0.0.2","40940","244","686960","632"
"36.081494","36.081494000","35.687433000","5005","296","95.101.184.27","443","10.0.0.2","40940","244","687204","632"
"36.081531","36.081531000","35.687470000","5006","296","95.101.184.27","443","10.0.0.2","40940","244","687448","632"
"36.143299","36.143299000","35.749238000","5007","52","10.0.0.2","40940","95.101.184.27","443","0","632","681104"
"36.143326","36.143326000","35.749265000","5008","52","10.0.0.2","40940","95.101.184.27","443","0","632","681592"
"36.143345","36.143345000","35.749284000","5009","52","10.0.0.2","40940","95.101.184.27","443","0","632","682324"
"36.143832","36.143832000","35.749771000","5010","296","95.101.184.27","443","10.0.0.2","40940","244","687692","632"
"36.143865","36.143865000","35.749804000","5011","296","95.101.184.27","443","10.0.0.2","40940","244","687936","632"
"36.143948","36.143948000","35.749887000","5012","296","95.101.184.27","443","10.0.0.2","40940","244","688180","632"
"36.143967","36.143967000","35.749906000","5013","296","95.101.184.27","443","10.0.0.2","40940","244","688424","632"
"36.144015","36.144015000","35.749954000","5014","296","95.101.184.27","443","10.0.0.2","40940","244","688668","632"
"36.144028","36.144028000","35.749967000","5015","296","95.101.184.27","443","10.0.0.2","40940","244","688912","632"
"36.206090","36.206090000","35.812029000","5016","52","10.0.0.2","40940","95.101.184.27","443","0","632","682812"
"36.206119","36.206119000","35.812058000","5017","52","10.0.0.2","40940","95.101.184.27","443","0","632","683544"
"36.206808","36.206808000","35.812747000","5018","296","95.101.184.27","443","10.0.0.2","40940","244","689156","632"
"36.206853","36.206853000","35.812792000","5019","296","95.101.184.27","443","10.0.0.2","40940","244","689400","632"
"36.206957","36.206957000","35.812896000","5020","296","95.101.184.27","443","10.0.0.2","40940","244","689644","632"
"36.206982","36.206982000","35.812921000","5021","296","95.101.184.27","443","10.0.0.2","40940","244","689888","632"
"36.207028","36.207028000","35.812967000","5022","296","95.101.184.27","443","10.0.0.2","40940","244","690132","632"
"36.269070","36.269070000","35.875009000","5023","52","10.0.0.2","40940","95.101.184.27","443","0","632","684032"
"36.269100","36.269100000","35.875039000","5024","52","10.0.0.2","40940","95.101.184.27","443","0","632","684764"
"36.269743","36.269743000","35.875682000","5025","296","95.101.184.27","443","10.0.0.2","40940","244","690376","632"
"36.269787","36.269787000","35.875726000","5026","296","95.101.184.27","443","10.0.0.2","40940","244","690620","632"
"36.269853","36.269853000","35.875792000","5027","296","95.101.184.27","443","10.0.0.2","40940","244","690864","632"
"36.269871","36.269871000","35.875810000","5028","296","95.101.184.27","443","10.0.0.2","40940","244","691108","632"
"36.269950","36.269950000","35.875889000","5029","296","95.101.184.27","443","10.0.0.2","40940","244","691352","632"
"36.330573","36.330573000","35.936512000","5030","52","10.0.0.2","40940","95.101.184.27","443","0","632","685252"
"36.330600","36.330600000","35.936539000","5031","52","10.0.0.2","40940","95.101.184.27","443","0","632","685984"
"36.331181","36.331181000","35.937120000","5032","296","95.101.184.27","443","10.0.0.2","40940","244","691596","632"
"36.331216","36.331216000","35.937155000","5033","296","95.101.184.27","443","10.0.0.2","40940","244","691840","632"
"36.331267","36.331267000","35.937206000","5034","296","95.101.184.27","443","10.0.0.2","40940","244","692084","632"
"36.331279","36.331279000","35.937218000","5035","296","95.101.184.27","443","10.0.0.2","40940","244","692328","632"
"36.331313","36.331313000","35.937252000","5036","296","95.101.184.27","443","10.0.0.2","40940","244","692572","632"
"36.393594","36.393594000","35.999533000","5037","52","10.0.0.2","40940","95.101.184.27","443","0","632","686472"
"36.393622","36.393622000","35.999561000","5038","52","10.0.0.2","40940","95.101.184.27","443","0","632","687204"
"36.394156","36.394156000","36.000095000","5039","296","95.101.184.27","443","10.0.0.2","40940","244","692816","632"
"36.394190","36.394190000","36.000129000","5040","296","95.101.184.27","443","10.0.0.2","40940","244","693060","632"
"36.394240","36.394240000","36.000179000","5041","296","95.101.184.27","443","10.0.0.2","40940","244","693304","632"
"36.394252","36.394252000","36.000191000","5042","296","95.101.184.27","443","10.0.0.2","40940","244","693548","632"
"36.394298","36.394298000","36.000237000","5043","296","95.101.184.27","443","10.0.0.2","40940","244","693792","632"
"36.394310","36.394310000","36.000249000","5044","296","95.101.184.27","443","10.0.0.2","40940","244","694036","632"
"36.455654","36.455654000","36.061593000","5045","52","10.0.0.2","40940","95.101.184.27","443","0","632","687692"
"36.455683","36.455683000","36.061622000","5046","52","10.0.0.2","40940","95.101.184.27","443","0","632","688424"
"36.456278","36.456278000","36.062217000","5047","296","95.101.184.27","443","10.0.0.2","40940","244","694280","632"
"36.456314","36.456314000","36.062253000","5048","296","95.101.184.27","443","10.0.0.2","40940","244","694524","632"
"36.456364","36.456364000","36.062303000","5049","296","95.101.184.27","443","10.0.0.2","40940","244","694768","632"
"36.456377","36.456377000","36.062316000","5050","296","95.101.184.27","443","10.0.0.2","40940","244","695012","632"
"36.456410","36.456410000","36.062349000","5051","296","95.101.184.27","443","10.0.0.2","40940","244","695256","632"
"36.518855","36.518855000","36.124794000","5052","52","10.0.0.2","40940","95.101.184.27","443","0","632","688912"
"36.518887","36.518887000","36.124826000","5053","52","10.0.0.2","40940","95.101.184.27","443","0","632","688912"
"36.518909","36.518909000","36.124848000","5054","52","10.0.0.2","40940","95.101.184.27","443","0","632","688912"
"36.518967","36.518967000","36.124906000","5055","52","10.0.0.2","40940","95.101.184.27","443","0","632","688912"
"36.519401","36.519401000","36.125340000","5056","296","95.101.184.27","443","10.0.0.2","40940","244","695500","632"
"36.519435","36.519435000","36.125374000","5057","296","95.101.184.27","443","10.0.0.2","40940","244","695744","632"
"36.519486","36.519486000","36.125425000","5058","296","95.101.184.27","443","10.0.0.2","40940","244","695988","632"
"36.519498","36.519498000","36.125437000","5059","296","95.101.184.27","443","10.0.0.2","40940","244","696232","632"
"36.519531","36.519531000","36.125470000","5060","296","95.101.184.27","443","10.0.0.2","40940","244","688912","632"
"36.580956","36.580956000","36.186895000","5061","52","10.0.0.2","40940","95.101.184.27","443","0","632","688912"
"36.581001","36.581001000","36.186940000","5062","52","10.0.0.2","40940","95.101.184.27","443","0","632","688912"
"36.581019","36.581019000","36.186958000","5063","52","10.0.0.2","40940","95.101.184.27","443","0","632","688912"
"36.581031","36.581031000","36.186970000","5064","52","10.0.0.2","40940","95.101.184.27","443","0","632","688912"
"36.581043","36.581043000","36.186982000","5065","52","10.0.0.2","40940","95.101.184.27","443","0","632","688912"
"36.581377","36.581377000","36.187316000","5066","296","95.101.184.27","443","10.0.0.2","40940","244","696476","632"
"36.581452","36.581452000","36.187391000","5067","296","95.101.184.27","443","10.0.0.2","40940","244","696720","632"
"36.581465","36.581465000","36.187404000","5068","296","95.101.184.27","443","10.0.0.2","40940","244","696964","632"
"36.581584","36.581584000","36.187523000","5069","296","95.101.184.27","443","10.0.0.2","40940","244","697208","632"
"36.643545","36.643545000","36.249484000","5070","52","10.0.0.2","40940","95.101.184.27","443","0","632","688912"
"36.643573","36.643573000","36.249512000","5071","52","10.0.0.2","40940","95.101.184.27","443","0","632","688912"
"36.643589","36.643589000","36.249528000","5072","52","10.0.0.2","40940","95.101.184.27","443","0","632","688912"
"36.643604","36.643604000","36.249543000","5073","52","10.0.0.2","40940","95.101.184.27","443","0","632","688912"
"36.643619","36.643619000","36.249558000","5074","52","10.0.0.2","40940","95.101.184.27","443","0","632","688912"
"36.644053","36.644053000","36.249992000","5075","296","95.101.184.27","443","10.0.0.2","40940","244","697452","632"
"36.644123","36.644123000","36.250062000","5076","296","95.101.184.27","443","10.0.0.2","40940","244","697696","632"
"36.644326","36.644326000","36.250265000","5077","296","95.101.184.27","443","10.0.0.2","40940","244","697940","632"
"36.705270","36.705270000","36.311209000","5078","52","10.0.0.2","40940","95.101.184.27","443","0","632","688912"
"36.705300","36.705300000","36.311239000","5079","52","10.0.0.2","40940","95.101.184.27","443","0","632","688912"
"36.705318","36.705318000","36.311257000","5080","52","10.0.0.2","40940","95.101.184.27","443","0","632","688912"
"36.705333","36.705333000","36.311272000","5081","52","10.0.0.2","40940","95.101.184.27","443","0","632","688912"
"36.705346","36.705346000","36.311285000","5082","52","10.0.0.2","40940","95.101.184.27","443","0","632","688912"
"36.705773","36.705773000","36.311712000","5083","296","95.101.184.27","443","10.0.0.2","40940","244","698184","632"
"36.705849","36.705849000","36.311788000","5084","296","95.101.184.27","443","10.0.0.2","40940","244","698428","632"
"36.705863","36.705863000","36.311802000","5085","296","95.101.184.27","443","10.0.0.2","40940","244","698672","632"
"36.705987","36.705987000","36.311926000","5086","296","95.101.184.27","443","10.0.0.2","40940","244","698916","632"
"36.768270","36.768270000","36.374209000","5087","52","10.0.0.2","40940","95.101.184.27","443","0","632","688912"
"36.768296","36.768296000","36.374235000","5088","52","10.0.0.2","40940","95.101.184.27","443","0","632","688912"
"36.768315","36.768315000","36.374254000","5089","52","10.0.0.2","40940","95.101.184.27","443","0","632","688912"
"36.768330","36.768330000","36.374269000","5090","52","10.0.0.2","40940","95.101.184.27","443","0","632","688912"
"36.768346","36.768346000","36.374285000","5091","52","10.0.0.2","40940","95.101.184.27","443","0","632","688912"
"36.768766","36.768766000","36.374705000","5092","296","95.101.184.27","443","10.0.0.2","40940","244","699160","632"
"36.768828","36.768828000","36.374767000","5093","296","95.101.184.27","443","10.0.0.2","40940","244","699404","632"
"36.768897","36.768897000","36.374836000","5094","296","95.101.184.27","443","10.0.0.2","40940","244","699648","632"
"36.831024","36.831024000","36.436963000","5095","52","10.0.0.2","40940","95.101.184.27","443","0","632","688912"
"36.831063","36.831063000","36.437002000","5096","52","10.0.0.2","40940","95.101.184.27","443","0","632","688912"
"36.831078","36.831078000","36.437017000","5097","52","10.0.0.2","40940","95.101.184.27","443","0","632","688912"
"36.831093","36.831093000","36.437032000","5098","52","10.0.0.2","40940","95.101.184.27","443","0","632","688912"
"36.831107","36.831107000","36.437046000","5099","52","10.0.0.2","40940","95.101.184.27","443","0","632","688912"
"36.831505","36.831505000","36.437444000","5100","296","95.101.184.27","443","10.0.0.2","40940","244","699892","632"
"36.831732","36.831732000","36.437671000","5101","296","95.101.184.27","443","10.0.0.2","40940","244","700136","632"
"36.831766","36.831766000","36.437705000","5102","296","95.101.184.27","443","10.0.0.2","40940","244","700380","632"
"36.893844","36.893844000","36.499783000","5103","52","10.0.0.2","40940","95.101.184.27","443","0","632","688912"
"36.893873","36.893873000","36.499812000","5104","52","10.0.0.2","40940","95.101.184.27","443","0","632","694036"
"36.893890","36.893890000","36.499829000","5105","52","10.0.0.2","40940","95.101.184.27","443","0","632","694036"
"36.893905","36.893905000","36.499844000","5106","52","10.0.0.2","40940","95.101.184.27","443","0","632","694036"
"36.893949","36.893949000","36.499888000","5107","52","10.0.0.2","40940","95.101.184.27","443","0","632","694036"
"36.894390","36.894390000","36.500329000","5108","296","95.101.184.27","443","10.0.0.2","40940","244","700624","632"
"36.894426","36.894426000","36.500365000","5109","296","95.101.184.27","443","10.0.0.2","40940","244","694036","632"
"36.894478","36.894478000","36.500417000","5110","296","95.101.184.27","443","10.0.0.2","40940","244","700868","632"
"36.894490","36.894490000","36.500429000","5111","296","95.101.184.27","443","10.0.0.2","40940","244","701112","632"
"36.894540","36.894540000","36.500479000","5112","296","95.101.184.27","443","10.0.0.2","40940","244","701356","632"
"36.894552","36.894552000","36.500491000","5113","296","95.101.184.27","443","10.0.0.2","40940","244","701600","632"
"36.955579","36.955579000","36.561518000","5114","52","10.0.0.2","40940","95.101.184.27","443","0","632","694036"
"36.955606","36.955606000","36.561545000","5115","52","10.0.0.2","40940","95.101.184.27","443","0","632","694036"
"36.955623","36.955623000","36.561562000","5116","52","10.0.0.2","40940","95.101.184.27","443","0","632","694036"
"36.955637","36.955637000","36.561576000","5117","52","10.0.0.2","40940","95.101.184.27","443","0","632","694036"
"36.955651","36.955651000","36.561590000","5118","52","10.0.0.2","40940","95.101.184.27","443","0","632","694036"
"36.956159","36.956159000","36.562098000","5119","296","95.101.184.27","443","10.0.0.2","40940","244","701844","632"
"36.956195","36.956195000","36.562134000","5120","296","95.101.184.27","443","10.0.0.2","40940","244","702088","632"
"36.956244","36.956244000","36.562183000","5121","296","95.101.184.27","443","10.0.0.2","40940","244","702332","632"
"36.956256","36.956256000","36.562195000","5122","296","95.101.184.27","443","10.0.0.2","40940","244","702576","632"
"37.018429","37.018429000","36.624368000","5123","52","10.0.0.2","40940","95.101.184.27","443","0","632","694036"
"37.018460","37.018460000","36.624399000","5124","52","10.0.0.2","40940","95.101.184.27","443","0","632","694036"
"37.018478","37.018478000","36.624417000","5125","52","10.0.0.2","40940","95.101.184.27","443","0","632","694036"
"37.018495","37.018495000","36.624434000","5126","52","10.0.0.2","40940","95.101.184.27","443","0","632","694036"
"37.018512","37.018512000","36.624451000","5127","52","10.0.0.2","40940","95.101.184.27","443","0","632","694036"
"37.019044","37.019044000","36.624983000","5128","296","95.101.184.27","443","10.0.0.2","40940","244","702820","632"
"37.019080","37.019080000","36.625019000","5129","296","95.101.184.27","443","10.0.0.2","40940","244","703064","632"
"37.019131","37.019131000","36.625070000","5130","296","95.101.184.27","443","10.0.0.2","40940","244","703308","632"
"37.019143","37.019143000","36.625082000","5131","296","95.101.184.27","443","10.0.0.2","40940","244","703552","632"
"37.019176","37.019176000","36.625115000","5132","296","95.101.184.27","443","10.0.0.2","40940","244","703796","632"
"37.080214","37.080214000","36.686153000","5133","52","10.0.0.2","40940","95.101.184.27","443","0","632","694036"
"37.080242","37.080242000","36.686181000","5134","52","10.0.0.2","40940","95.101.184.27","443","0","632","694036"
"37.080259","37.080259000","36.686198000","5135","52","10.0.0.2","40940","95.101.184.27","443","0","632","694036"
"37.080274","37.080274000","36.686213000","5136","52","10.0.0.2","40940","95.101.184.27","443","0","632","694036"
"37.080288","37.080288000","36.686227000","5137","52","10.0.0.2","40940","95.101.184.27","443","0","632","694036"
"37.080743","37.080743000","36.686682000","5138","296","95.101.184.27","443","10.0.0.2","40940","244","704040","632"
"37.080779","37.080779000","36.686718000","5139","296","95.101.184.27","443","10.0.0.2","40940","244","704284","632"
"37.080830","37.080830000","36.686769000","5140","296","95.101.184.27","443","10.0.0.2","40940","244","704528","632"
"37.080842","37.080842000","36.686781000","5141","296","95.101.184.27","443","10.0.0.2","40940","244","704772","632"
"37.080875","37.080875000","36.686814000","5142","296","95.101.184.27","443","10.0.0.2","40940","244","705016","632"
"37.143844","37.143844000","36.749783000","5143","52","10.0.0.2","40940","95.101.184.27","443","0","632","700868"
"37.143873","37.143873000","36.749812000","5144","52","10.0.0.2","40940","95.101.184.27","443","0","632","701844"
"37.144625","37.144625000","36.750564000","5145","296","95.101.184.27","443","10.0.0.2","40940","244","705260","632"
"37.144670","37.144670000","36.750609000","5146","296","95.101.184.27","443","10.0.0.2","40940","244","705504","632"
"37.144732","37.144732000","36.750671000","5147","296","95.101.184.27","443","10.0.0.2","40940","244","705748","632"
"37.144750","37.144750000","36.750689000","5148","296","95.101.184.27","443","10.0.0.2","40940","244","705992","632"
"37.144812","37.144812000","36.750751000","5149","296","95.101.184.27","443","10.0.0.2","40940","244","706236","632"
"37.144828","37.144828000","36.750767000","5150","296","95.101.184.27","443","10.0.0.2","40940","244","706480","632"
"37.205687","37.205687000","36.811626000","5151","52","10.0.0.2","40940","95.101.184.27","443","0","632","702332"
"37.205716","37.205716000","36.811655000","5152","52","10.0.0.2","40940","95.101.184.27","443","0","632","703064"
"37.206331","37.206331000","36.812270000","5153","296","95.101.184.27","443","10.0.0.2","40940","244","706724","632"
"37.206368","37.206368000","36.812307000","5154","296","95.101.184.27","443","10.0.0.2","40940","244","706968","632"
"37.206419","37.206419000","36.812358000","5155","296","95.101.184.27","443","10.0.0.2","40940","244","707212","632"
"37.206431","37.206431000","36.812370000","5156","296","95.101.184.27","443","10.0.0.2","40940","244","707456","632"
"37.206477","37.206477000","36.812416000","5157","296","95.101.184.27","443","10.0.0.2","40940","244","707700","632"
"37.206489","37.206489000","36.812428000","5158","296","95.101.184.27","443","10.0.0.2","40940","244","707944","632"
"37.268462","37.268462000","36.874401000","5159","52","10.0.0.2","40940","95.101.184.27","443","0","632","703552"
"37.268491","37.268491000","36.874430000","5160","52","10.0.0.2","40940","95.101.184.27","443","0","632","704284"
"37.269020","37.269020000","36.874959000","5161","296","95.101.184.27","443","10.0.0.2","40940","244","708188","632"
"37.269056","37.269056000","36.874995000","5162","296","95.101.184.27","443","10.0.0.2","40940","244","708432","632"
"37.269106","37.269106000","36.875045000","5163","296","95.101.184.27","443","10.0.0.2","40940","244","708676","632"
"37.269118","37.269118000","36.875057000","5164","296","95.101.184.27","443","10.0.0.2","40940","244","708920","632"
"37.269151","37.269151000","36.875090000","5165","296","95.101.184.27","443","10.0.0.2","40940","244","709164","632"
"37.330422","37.330422000","36.936361000","5166","52","10.0.0.2","40940","95.101.184.27","443","0","632","704772"
"37.330450","37.330450000","36.936389000","5167","52","10.0.0.2","40940","95.101.184.27","443","0","632","705504"
"37.331031","37.331031000","36.936970000","5168","296","95.101.184.27","443","10.0.0.2","40940","244","709408","632"
"37.331067","37.331067000","36.937006000","5169","296","95.101.184.27","443","10.0.0.2","40940","244","709652","632"
"37.331117","37.331117000","36.937056000","5170","296","95.101.184.27","443","10.0.0.2","40940","244","709896","632"
"37.331128","37.331128000","36.937067000","5171","296","95.101.184.27","443","10.0.0.2","40940","244","710140","632"
"37.331174","37.331174000","36.937113000","5172","296","95.101.184.27","443","10.0.0.2","40940","244","710384","632"
"37.331186","37.331186000","36.937125000","5173","296","95.101.184.27","443","10.0.0.2","40940","244","710628","632"
"37.393232","37.393232000","36.999171000","5174","52","10.0.0.2","40940","95.101.184.27","443","0","632","705992"
"37.393261","37.393261000","36.999200000","5175","52","10.0.0.2","40940","95.101.184.27","443","0","632","706724"
"37.393869","37.393869000","36.999808000","5176","296","95.101.184.27","443","10.0.0.2","40940","244","710872","632"
"37.393904","37.393904000","36.999843000","5177","296","95.101.184.27","443","10.0.0.2","40940","244","711116","632"
"37.393987","37.393987000","36.999926000","5178","296","95.101.184.27","443","10.0.0.2","40940","244","711360","632"
"37.394000","37.394000000","36.999939000","5179","296","95.101.184.27","443","10.0.0.2","40940","244","711604","632"
"37.394036","37.394036000","36.999975000","5180","296","95.101.184.27","443","10.0.0.2","40940","244","711848","632"
"37.455619","37.455619000","37.061558000","5181","52","10.0.0.2","40940","95.101.184.27","443","0","632","707212"
"37.455647","37.455647000","37.061586000","5182","52","10.0.0.2","40940","95.101.184.27","443","0","632","707944"
"37.456220","37.456220000","37.062159000","5183","296","95.101.184.27","443","10.0.0.2","40940","244","712092","632"
"37.456254","37.456254000","37.062193000","5184","296","95.101.184.27","443","10.0.0.2","40940","244","712336","632"
"37.456304","37.456304000","37.062243000","5185","296","95.101.184.27","443","10.0.0.2","40940","244","712580","632"
"37.456316","37.456316000","37.062255000","5186","296","95.101.184.27","443","10.0.0.2","40940","244","712824","632"
"37.456362","37.456362000","37.062301000","5187","296","95.101.184.27","443","10.0.0.2","40940","244","713068","632"
"37.456375","37.456375000","37.062314000","5188","296","95.101.184.27","443","10.0.0.2","40940","244","713312","632"
"37.518684","37.518684000","37.124623000","5189","52","10.0.0.2","40940","95.101.184.27","443","0","632","708432"
"37.518716","37.518716000","37.124655000","5190","52","10.0.0.2","40940","95.101.184.27","443","0","632","709164"
"37.519316","37.519316000","37.125255000","5191","296","95.101.184.27","443","10.0.0.2","40940","244","713556","632"
"37.519352","37.519352000","37.125291000","5192","296","95.101.184.27","443","10.0.0.2","40940","244","713800","632"
"37.519401","37.519401000","37.125340000","5193","296","95.101.184.27","443","10.0.0.2","40940","244","714044","632"
"37.519413","37.519413000","37.125352000","5194","296","95.101.184.27","443","10.0.0.2","40940","244","714288","632"
"37.519446","37.519446000","37.125385000","5195","296","95.101.184.27","443","10.0.0.2","40940","244","714532","632"
"37.580620","37.580620000","37.186559000","5196","52","10.0.0.2","40940","95.101.184.27","443","0","632","709652"
"37.580653","37.580653000","37.186592000","5197","52","10.0.0.2","40940","95.101.184.27","443","0","632","710384"
"37.581209","37.581209000","37.187148000","5198","296","95.101.184.27","443","10.0.0.2","40940","244","714776","632"
"37.581246","37.581246000","37.187185000","5199","296","95.101.184.27","443","10.0.0.2","40940","244","715020","632"
"37.581295","37.581295000","37.187234000","5200","296","95.101.184.27","443","10.0.0.2","40940","244","715264","632"
"37.581307","37.581307000","37.187246000","5201","296","95.101.184.27","443","10.0.0.2","40940","244","715508","632"
"37.581340","37.581340000","37.187279000","5202","296","95.101.184.27","443","10.0.0.2","40940","244","715752","632"
"37.643728","37.643728000","37.249667000","5203","52","10.0.0.2","40940","95.101.184.27","443","0","632","710872"
"37.643760","37.643760000","37.249699000","5204","52","10.0.0.2","40940","95.101.184.27","443","0","632","711360"
"37.644351","37.644351000","37.250290000","5205","296","95.101.184.27","443","10.0.0.2","40940","244","715996","632"
"37.644387","37.644387000","37.250326000","5206","296","95.101.184.27","443","10.0.0.2","40940","244","716240","632"
"37.644437","37.644437000","37.250376000","5207","296","95.101.184.27","443","10.0.0.2","40940","244","716484","632"
"37.644448","37.644448000","37.250387000","5208","296","95.101.184.27","443","10.0.0.2","40940","244","716728","632"
"37.644481","37.644481000","37.250420000","5209","296","95.101.184.27","443","10.0.0.2","40940","244","716972","632"
"37.705859","37.705859000","37.311798000","5210","52","10.0.0.2","40940","95.101.184.27","443","0","632","711604"
"37.705889","37.705889000","37.311828000","5211","52","10.0.0.2","40940","95.101.184.27","443","0","632","712092"
"37.705908","37.705908000","37.311847000","5212","52","10.0.0.2","40940","95.101.184.27","443","0","632","712580"
"37.706422","37.706422000","37.312361000","5213","296","95.101.184.27","443","10.0.0.2","40940","244","717216","632"
"37.706457","37.706457000","37.312396000","5214","296","95.101.184.27","443","10.0.0.2","40940","244","717460","632"
"37.706508","37.706508000","37.312447000","5215","296","95.101.184.27","443","10.0.0.2","40940","244","717704","632"
"37.706520","37.706520000","37.312459000","5216","296","95.101.184.27","443","10.0.0.2","40940","244","717948","632"
"37.706555","37.706555000","37.312494000","5217","296","95.101.184.27","443","10.0.0.2","40940","244","718192","632"
"37.768221","37.768221000","37.374160000","5218","52","10.0.0.2","40940","95.101.184.27","443","0","632","712824"
"37.768248","37.768248000","37.374187000","5219","52","10.0.0.2","40940","95.101.184.27","443","0","632","713312"
"37.768266","37.768266000","37.374205000","5220","52","10.0.0.2","40940","95.101.184.27","443","0","632","714044"
"37.768798","37.768798000","37.374737000","5221","296","95.101.184.27","443","10.0.0.2","40940","244","718436","632"
"37.768830","37.768830000","37.374769000","5222","296","95.101.184.27","443","10.0.0.2","40940","244","718680","632"
"37.768879","37.768879000","37.374818000","5223","296","95.101.184.27","443","10.0.0.2","40940","244","718924","632"
"37.768891","37.768891000","37.374830000","5224","296","95.101.184.27","443","10.0.0.2","40940","244","719168","632"
"37.768969","37.768969000","37.374908000","5225","296","95.101.184.27","443","10.0.0.2","40940","244","719412","632"
"37.768983","37.768983000","37.374922000","5226","296","95.101.184.27","443","10.0.0.2","40940","244","719656","632"
"37.769017","37.769017000","37.374956000","5227","296","95.101.184.27","443","10.0.0.2","40940","244","719900","632"
"37.831097","37.831097000","37.437036000","5228","52","10.0.0.2","40940","95.101.184.27","443","0","632","714532"
"37.831126","37.831126000","37.437065000","5229","52","10.0.0.2","40940","95.101.184.27","443","0","632","715264"
"37.831777","37.831777000","37.437716000","5230","296","95.101.184.27","443","10.0.0.2","40940","244","720144","632"
"37.831821","37.831821000","37.437760000","5231","296","95.101.184.27","443","10.0.0.2","40940","244","720388","632"
"37.831883","37.831883000","37.437822000","5232","296","95.101.184.27","443","10.0.0.2","40940","244","720632","632"
"37.831901","37.831901000","37.437840000","5233","296","95.101.184.27","443","10.0.0.2","40940","244","720876","632"
"37.831982","37.831982000","37.437921000","5234","296","95.101.184.27","443","10.0.0.2","40940","244","721120","632"
"37.894096","37.894096000","37.500035000","5235","52","10.0.0.2","40940","95.101.184.27","443","0","632","715752"
"37.894126","37.894126000","37.500065000","5236","52","10.0.0.2","40940","95.101.184.27","443","0","632","716484"
"37.894828","37.894828000","37.500767000","5237","296","95.101.184.27","443","10.0.0.2","40940","244","721364","632"
"37.894872","37.894872000","37.500811000","5238","296","95.101.184.27","443","10.0.0.2","40940","244","721608","632"
"37.894988","37.894988000","37.500927000","5239","296","95.101.184.27","443","10.0.0.2","40940","244","721852","632"
"37.895009","37.895009000","37.500948000","5240","296","95.101.184.27","443","10.0.0.2","40940","244","722096","632"
"37.895059","37.895059000","37.500998000","5241","296","95.101.184.27","443","10.0.0.2","40940","244","722340","632"
"37.895071","37.895071000","37.501010000","5242","296","95.101.184.27","443","10.0.0.2","40940","244","722584","632"
"37.955594","37.955594000","37.561533000","5243","52","10.0.0.2","40940","95.101.184.27","443","0","632","716972"
"37.955620","37.955620000","37.561559000","5244","52","10.0.0.2","40940","95.101.184.27","443","0","632","717704"
"37.956211","37.956211000","37.562150000","5245","296","95.101.184.27","443","10.0.0.2","40940","244","722828","632"
"37.956246","37.956246000","37.562185000","5246","296","95.101.184.27","443","10.0.0.2","40940","244","723072","632"
"37.956297","37.956297000","37.562236000","5247","296","95.101.184.27","443","10.0.0.2","40940","244","723316","632"
"37.956309","37.956309000","37.562248000","5248","296","95.101.184.27","443","10.0.0.2","40940","244","723560","632"
"37.956343","37.956343000","37.562282000","5249","296","95.101.184.27","443","10.0.0.2","40940","244","723804","632"
"38.018614","38.018614000","37.624553000","5250","52","10.0.0.2","40940","95.101.184.27","443","0","632","718192"
"38.018645","38.018645000","37.624584000","5251","52","10.0.0.2","40940","95.101.184.27","443","0","632","719168"
"38.019252","38.019252000","37.625191000","5252","296","95.101.184.27","443","10.0.0.2","40940","244","724048","632"
"38.019288","38.019288000","37.625227000","5253","296","95.101.184.27","443","10.0.0.2","40940","244","724292","632"
"38.019343","38.019343000","37.625282000","5254","296","95.101.184.27","443","10.0.0.2","40940","244","724536","632"
"38.019355","38.019355000","37.625294000","5255","296","95.101.184.27","443","10.0.0.2","40940","244","724780","632"
"38.019401","38.019401000","37.625340000","5256","296","95.101.184.27","443","10.0.0.2","40940","244","725024","632"
"38.019413","38.019413000","37.625352000","5257","296","95.101.184.27","443","10.0.0.2","40940","244","725268","632"
"38.080655","38.080655000","37.686594000","5258","52","10.0.0.2","40940","95.101.184.27","443","0","632","719656"
"38.080685","38.080685000","37.686624000","5259","52","10.0.0.2","40940","95.101.184.27","443","0","632","720388"
"38.081284","38.081284000","37.687223000","5260","296","95.101.184.27","443","10.0.0.2","40940","244","725512","632"
"38.081320","38.081320000","37.687259000","5261","296","95.101.184.27","443","10.0.0.2","40940","244","725756","632"
"38.081369","38.081369000","37.687308000","5262","296","95.101.184.27","443","10.0.0.2","40940","244","726000","632"
"38.081381","38.081381000","37.687320000","5263","296","95.101.184.27","443","10.0.0.2","40940","244","726244","632"
"38.081416","38.081416000","37.687355000","5264","296","95.101.184.27","443","10.0.0.2","40940","244","726488","632"
"38.143830","38.143830000","37.749769000","5265","52","10.0.0.2","40940","95.101.184.27","443","0","632","720876"
"38.143862","38.143862000","37.749801000","5266","52","10.0.0.2","40940","95.101.184.27","443","0","632","721608"
"38.144502","38.144502000","37.750441000","5267","296","95.101.184.27","443","10.0.0.2","40940","244","726732","632"
"38.144537","38.144537000","37.750476000","5268","296","95.101.184.27","443","10.0.0.2","40940","244","726976","632"
"38.144588","38.144588000","37.750527000","5269","296","95.101.184.27","443","10.0.0.2","40940","244","727220","632"
"38.144600","38.144600000","37.750539000","5270","296","95.101.184.27","443","10.0.0.2","40940","244","727464","632"
"38.144646","38.144646000","37.750585000","5271","296","95.101.184.27","443","10.0.0.2","40940","244","727708","632"
"38.144658","38.144658000","37.750597000","5272","296","95.101.184.27","443","10.0.0.2","40940","244","727952","632"
"38.205951","38.205951000","37.811890000","5273","52","10.0.0.2","40940","95.101.184.27","443","0","632","722096"
"38.205999","38.205999000","37.811938000","5274","52","10.0.0.2","40940","95.101.184.27","443","0","632","722828"
"38.206546","38.206546000","37.812485000","5275","296","95.101.184.27","443","10.0.0.2","40940","244","728196","632"
"38.206581","38.206581000","37.812520000","5276","296","95.101.184.27","443","10.0.0.2","40940","244","728440","632"
"38.206631","38.206631000","37.812570000","5277","296","95.101.184.27","443","10.0.0.2","40940","244","728684","632"
"38.206643","38.206643000","37.812582000","5278","296","95.101.184.27","443","10.0.0.2","40940","244","728928","632"
"38.206676","38.206676000","37.812615000","5279","296","95.101.184.27","443","10.0.0.2","40940","244","729172","632"
"38.268233","38.268233000","37.874172000","5280","52","10.0.0.2","40940","95.101.184.27","443","0","632","723316"
"38.268262","38.268262000","37.874201000","5281","52","10.0.0.2","40940","95.101.184.27","443","0","632","724048"
"38.268835","38.268835000","37.874774000","5282","296","95.101.184.27","443","10.0.0.2","40940","244","729416","632"
"38.268868","38.268868000","37.874807000","5283","296","95.101.184.27","443","10.0.0.2","40940","244","729660","632"
"38.268957","38.268957000","37.874896000","5284","296","95.101.184.27","443","10.0.0.2","40940","244","729904","632"
"38.268972","38.268972000","37.874911000","5285","296","95.101.184.27","443","10.0.0.2","40940","244","730148","632"
"38.269007","38.269007000","37.874946000","5286","296","95.101.184.27","443","10.0.0.2","40940","244","730392","632"
"38.330214","38.330214000","37.936153000","5287","52","10.0.0.2","40940","95.101.184.27","443","0","632","724536"
"38.330244","38.330244000","37.936183000","5288","52","10.0.0.2","40940","95.101.184.27","443","0","632","725268"
"38.330838","38.330838000","37.936777000","5289","296","95.101.184.27","443","10.0.0.2","40940","244","730636","632"
"38.330875","38.330875000","37.936814000","5290","296","95.101.184.27","443","10.0.0.2","40940","244","730880","632"
"38.330956","38.330956000","37.936895000","5291","296","95.101.184.27","443","10.0.0.2","40940","244","731124","632"
"38.330971","38.330971000","37.936910000","5292","296","95.101.184.27","443","10.0.0.2","40940","244","731368","632"
"38.331005","38.331005000","37.936944000","5293","296","95.101.184.27","443","10.0.0.2","40940","244","731612","632"
"38.393282","38.393282000","37.999221000","5294","52","10.0.0.2","40940","95.101.184.27","443","0","632","725756"
"38.393313","38.393313000","37.999252000","5295","52","10.0.0.2","40940","95.101.184.27","443","0","632","726488"
"38.393860","38.393860000","37.999799000","5296","296","95.101.184.27","443","10.0.0.2","40940","244","731856","632"
"38.393897","38.393897000","37.999836000","5297","296","95.101.184.27","443","10.0.0.2","40940","244","732100","632"
"38.393981","38.393981000","37.999920000","5298","296","95.101.184.27","443","10.0.0.2","40940","244","732344","632"
"38.393996","38.393996000","37.999935000","5299","296","95.101.184.27","443","10.0.0.2","40940","244","732588","632"
"38.394030","38.394030000","37.999969000","5300","296","95.101.184.27","443","10.0.0.2","40940","244","732832","632"
"38.455555","38.455555000","38.061494000","5301","52","10.0.0.2","40940","95.101.184.27","443","0","632","726976"
"38.455585","38.455585000","38.061524000","5302","52","10.0.0.2","40940","95.101.184.27","443","0","632","727708"
"38.456163","38.456163000","38.062102000","5303","296","95.101.184.27","443","10.0.0.2","40940","244","733076","632"
"38.456198","38.456198000","38.062137000","5304","296","95.101.184.27","443","10.0.0.2","40940","244","733320","632"
"38.456248","38.456248000","38.062187000","5305","296","95.101.184.27","443","10.0.0.2","40940","244","733564","632"
"38.456261","38.456261000","38.062200000","5306","296","95.101.184.27","443","10.0.0.2","40940","244","733808","632"
"38.456305","38.456305000","38.062244000","5307","296","95.101.184.27","443","10.0.0.2","40940","244","734052","632"
"38.456317","38.456317000","38.062256000","5308","296","95.101.184.27","443","10.0.0.2","40940","244","734296","632"
"38.518662","38.518662000","38.124601000","5309","52","10.0.0.2","40940","95.101.184.27","443","0","632","728196"
"38.518690","38.518690000","38.124629000","5310","52","10.0.0.2","40940","95.101.184.27","443","0","632","728928"
"38.519278","38.519278000","38.125217000","5311","296","95.101.184.27","443","10.0.0.2","40940","244","734540","632"
"38.519315","38.519315000","38.125254000","5312","296","95.101.184.27","443","10.0.0.2","40940","244","734784","632"
"38.519369","38.519369000","38.125308000","5313","296","95.101.184.27","443","10.0.0.2","40940","244","735028","632"
"38.519382","38.519382000","38.125321000","5314","296","95.101.184.27","443","10.0.0.2","40940","244","735272","632"
"38.519415","38.519415000","38.125354000","5315","296","95.101.184.27","443","10.0.0.2","40940","244","735516","632"
"38.580612","38.580612000","38.186551000","5316","52","10.0.0.2","40940","95.101.184.27","443","0","632","729416"
"38.580644","38.580644000","38.186583000","5317","52","10.0.0.2","40940","95.101.184.27","443","0","632","730148"
"38.581226","38.581226000","38.187165000","5318","296","95.101.184.27","443","10.0.0.2","40940","244","735760","632"
"38.581262","38.581262000","38.187201000","5319","296","95.101.184.27","443","10.0.0.2","40940","244","736004","632"
"38.581313","38.581313000","38.187252000","5320","296","95.101.184.27","443","10.0.0.2","40940","244","736248","632"
"38.581325","38.581325000","38.187264000","5321","296","95.101.184.27","443","10.0.0.2","40940","244","736492","632"
"38.581358","38.581358000","38.187297000","5322","296","95.101.184.27","443","10.0.0.2","40940","244","736736","632"
"38.643854","38.643854000","38.249793000","5323","52","10.0.0.2","40940","95.101.184.27","443","0","632","730636"
"38.643884","38.643884000","38.249823000","5324","52","10.0.0.2","40940","95.101.184.27","443","0","632","731368"
"38.644473","38.644473000","38.250412000","5325","296","95.101.184.27","443","10.0.0.2","40940","244","736980","632"
"38.644510","38.644510000","38.250449000","5326","296","95.101.184.27","443","10.0.0.2","40940","244","737224","632"
"38.644560","38.644560000","38.250499000","5327","296","95.101.184.27","443","10.0.0.2","40940","244","737468","632"
"38.644572","38.644572000","38.250511000","5328","296","95.101.184.27","443","10.0.0.2","40940","244","737712","632"
"38.644606","38.644606000","38.250545000","5329","296","95.101.184.27","443","10.0.0.2","40940","244","737956","632"
"38.705777","38.705777000","38.311716000","5330","52","10.0.0.2","40940","95.101.184.27","443","0","632","731856"
"38.705808","38.705808000","38.311747000","5331","52","10.0.0.2","40940","95.101.184.27","443","0","632","732344"
"38.706423","38.706423000","38.312362000","5332","296","95.101.184.27","443","10.0.0.2","40940","244","738200","632"
"38.706459","38.706459000","38.312398000","5333","296","95.101.184.27","443","10.0.0.2","40940","244","738444","632"
"38.706509","38.706509000","38.312448000","5334","296","95.101.184.27","443","10.0.0.2","40940","244","738688","632"
"38.706521","38.706521000","38.312460000","5335","296","95.101.184.27","443","10.0.0.2","40940","244","738932","632"
"38.768875","38.768875000","38.374814000","5336","52","10.0.0.2","40940","95.101.184.27","443","0","632","732588"
"38.768905","38.768905000","38.374844000","5337","52","10.0.0.2","40940","95.101.184.27","443","0","632","733076"
"38.768958","38.768958000","38.374897000","5338","52","10.0.0.2","40940","95.101.184.27","443","0","632","733564"
"38.769362","38.769362000","38.375301000","5339","296","95.101.184.27","443","10.0.0.2","40940","244","739176","632"
"38.769437","38.769437000","38.375376000","5340","296","95.101.184.27","443","10.0.0.2","40940","244","739420","632"
"38.769450","38.769450000","38.375389000","5341","296","95.101.184.27","443","10.0.0.2","40940","244","739664","632"
"38.769496","38.769496000","38.375435000","5342","296","95.101.184.27","443","10.0.0.2","40940","244","739908","632"
"38.769508","38.769508000","38.375447000","5343","296","95.101.184.27","443","10.0.0.2","40940","244","740152","632"
"38.830460","38.830460000","38.436399000","5344","52","10.0.0.2","40940","95.101.184.27","443","0","632","733808"
"38.830488","38.830488000","38.436427000","5345","52","10.0.0.2","40940","95.101.184.27","443","0","632","734296"
"38.830505","38.830505000","38.436444000","5346","52","10.0.0.2","40940","95.101.184.27","443","0","632","734296"
"38.830520","38.830520000","38.436459000","5347","52","10.0.0.2","40940","95.101.184.27","443","0","632","734296"
"38.830534","38.830534000","38.436473000","5348","52","10.0.0.2","40940","95.101.184.27","443","0","632","734296"
"38.831028","38.831028000","38.436967000","5349","296","95.101.184.27","443","10.0.0.2","40940","244","740396","632"
"38.831064","38.831064000","38.437003000","5350","296","95.101.184.27","443","10.0.0.2","40940","244","740640","632"
"38.831115","38.831115000","38.437054000","5351","296","95.101.184.27","443","10.0.0.2","40940","244","740884","632"
"38.831127","38.831127000","38.437066000","5352","296","95.101.184.27","443","10.0.0.2","40940","244","741128","632"
"38.831173","38.831173000","38.437112000","5353","296","95.101.184.27","443","10.0.0.2","40940","244","741372","632"
"38.831185","38.831185000","38.437124000","5354","296","95.101.184.27","443","10.0.0.2","40940","244","741616","632"
"38.831219","38.831219000","38.437158000","5355","296","95.101.184.27","443","10.0.0.2","40940","244","734296","632"
"38.893226","38.893226000","38.499165000","5356","52","10.0.0.2","40940","95.101.184.27","443","0","632","734296"
"38.893255","38.893255000","38.499194000","5357","52","10.0.0.2","40940","95.101.184.27","443","0","632","734296"
"38.893272","38.893272000","38.499211000","5358","52","10.0.0.2","40940","95.101.184.27","443","0","632","734296"
"38.893287","38.893287000","38.499226000","5359","52","10.0.0.2","40940","95.101.184.27","443","0","632","734296"
"38.893300","38.893300000","38.499239000","5360","52","10.0.0.2","40940","95.101.184.27","443","0","632","734296"
"38.893737","38.893737000","38.499676000","5361","296","95.101.184.27","443","10.0.0.2","40940","244","741860","632"
"38.893773","38.893773000","38.499712000","5362","296","95.101.184.27","443","10.0.0.2","40940","244","742104","632"
"38.893999","38.893999000","38.499938000","5363","296","95.101.184.27","443","10.0.0.2","40940","244","742348","632"
"38.894033","38.894033000","38.499972000","5364","296","95.101.184.27","443","10.0.0.2","40940","244","742592","632"
"38.955359","38.955359000","38.561298000","5365","52","10.0.0.2","40940","95.101.184.27","443","0","632","734296"
"38.955392","38.955392000","38.561331000","5366","52","10.0.0.2","40940","95.101.184.27","443","0","632","734296"
"38.955410","38.955410000","38.561349000","5367","52","10.0.0.2","40940","95.101.184.27","443","0","632","734296"
"38.955426","38.955426000","38.561365000","5368","52","10.0.0.2","40940","95.101.184.27","443","0","632","734296"
"38.955442","38.955442000","38.561381000","5369","52","10.0.0.2","40940","95.101.184.27","443","0","632","734296"
"38.955953","38.955953000","38.561892000","5370","296","95.101.184.27","443","10.0.0.2","40940","244","742836","632"
"38.955989","38.955989000","38.561928000","5371","296","95.101.184.27","443","10.0.0.2","40940","244","743080","632"
"38.956028","38.956028000","38.561967000","5372","296","95.101.184.27","443","10.0.0.2","40940","244","743324","632"
"39.018751","39.018751000","38.624690000","5373","52","10.0.0.2","40940","95.101.184.27","443","0","632","734296"
"39.018778","39.018778000","38.624717000","5374","52","10.0.0.2","40940","95.101.184.27","443","0","632","734296"
"39.018796","39.018796000","38.624735000","5375","52","10.0.0.2","40940","95.101.184.27","443","0","632","734296"
"39.018809","39.018809000","38.624748000","5376","52","10.0.0.2","40940","95.101.184.27","443","0","632","734296"
"39.018820","39.018820000","38.624759000","5377","52","10.0.0.2","40940","95.101.184.27","443","0","632","734296"
"39.019263","39.019263000","38.625202000","5378","296","95.101.184.27","443","10.0.0.2","40940","244","743568","632"
"39.019340","39.019340000","38.625279000","5379","296","95.101.184.27","443","10.0.0.2","40940","244","743812","632"
"39.019355","39.019355000","38.625294000","5380","296","95.101.184.27","443","10.0.0.2","40940","244","744056","632"
"39.019389","39.019389000","38.625328000","5381","296","95.101.184.27","443","10.0.0.2","40940","244","744300","632"
"39.080704","39.080704000","38.686643000","5382","52","10.0.0.2","40940","95.101.184.27","443","0","632","734296"
"39.080737","39.080737000","38.686676000","5383","52","10.0.0.2","40940","95.101.184.27","443","0","632","734296"
"39.080756","39.080756000","38.686695000","5384","52","10.0.0.2","40940","95.101.184.27","443","0","632","734296"
"39.080771","39.080771000","38.686710000","5385","52","10.0.0.2","40940","95.101.184.27","443","0","632","734296"
"39.080787","39.080787000","38.686726000","5386","52","10.0.0.2","40940","95.101.184.27","443","0","632","734296"
"39.081210","39.081210000","38.687149000","5387","296","95.101.184.27","443","10.0.0.2","40940","244","744544","632"
"39.081272","39.081272000","38.687211000","5388","296","95.101.184.27","443","10.0.0.2","40940","244","744788","632"
"39.081307","39.081307000","38.687246000","5389","296","95.101.184.27","443","10.0.0.2","40940","244","745032","632"
"39.143725","39.143725000","38.749664000","5390","52","10.0.0.2","40940","95.101.184.27","443","0","632","734296"
"39.143757","39.143757000","38.749696000","5391","52","10.0.0.2","40940","95.101.184.27","443","0","632","734296"
"39.143779","39.143779000","38.749718000","5392","52","10.0.0.2","40940","95.101.184.27","443","0","632","734296"
"39.143793","39.143793000","38.749732000","5393","52","10.0.0.2","40940","95.101.184.27","443","0","632","734296"
"39.143805","39.143805000","38.749744000","5394","52","10.0.0.2","40940","95.101.184.27","443","0","632","734296"
"39.144242","39.144242000","38.750181000","5395","296","95.101.184.27","443","10.0.0.2","40940","244","745276","632"
"39.144276","39.144276000","38.750215000","5396","296","95.101.184.27","443","10.0.0.2","40940","244","745520","632"
"39.144466","39.144466000","38.750405000","5397","296","95.101.184.27","443","10.0.0.2","40940","244","745764","632"
"39.205469","39.205469000","38.811408000","5398","52","10.0.0.2","40940","95.101.184.27","443","0","632","734296"
"39.205498","39.205498000","38.811437000","5399","52","10.0.0.2","40940","95.101.184.27","443","0","632","734296"
"39.205516","39.205516000","38.811455000","5400","52","10.0.0.2","40940","95.101.184.27","443","0","632","734296"
"39.205531","39.205531000","38.811470000","5401","52","10.0.0.2","40940","95.101.184.27","443","0","632","734296"
"39.205544","39.205544000","38.811483000","5402","52","10.0.0.2","40940","95.101.184.27","443","0","632","734296"
"39.206013","39.206013000","38.811952000","5403","296","95.101.184.27","443","10.0.0.2","40940","244","746008","632"
"39.206049","39.206049000","38.811988000","5404","296","95.101.184.27","443","10.0.0.2","40940","244","746252","632"
"39.206099","39.206099000","38.812038000","5405","296","95.101.184.27","443","10.0.0.2","40940","244","746496","632"
"39.206111","39.206111000","38.812050000","5406","296","95.101.184.27","443","10.0.0.2","40940","244","746740","632"
"39.206234","39.206234000","38.812173000","5407","296","95.101.184.27","443","10.0.0.2","40940","244","746984","632"
"39.268968","39.268968000","38.874907000","5408","52","10.0.0.2","40940","95.101.184.27","443","0","632","734296"
"39.269005","39.269005000","38.874944000","5409","52","10.0.0.2","40940","95.101.184.27","443","0","632","734296"
"39.269018","39.269018000","38.874957000","5410","52","10.0.0.2","40940","95.101.184.27","443","0","632","734296"
"39.269029","39.269029000","38.874968000","5411","52","10.0.0.2","40940","95.101.184.27","443","0","632","734296"
"39.269041","39.269041000","38.874980000","5412","52","10.0.0.2","40940","95.101.184.27","443","0","632","734296"
"39.269541","39.269541000","38.875480000","5413","296","95.101.184.27","443","10.0.0.2","40940","244","747228","632"
"39.269576","39.269576000","38.875515000","5414","296","95.101.184.27","443","10.0.0.2","40940","244","747472","632"
"39.269626","39.269626000","38.875565000","5415","296","95.101.184.27","443","10.0.0.2","40940","244","747716","632"
"39.269638","39.269638000","38.875577000","5416","296","95.101.184.27","443","10.0.0.2","40940","244","747960","632"
"39.269673","39.269673000","38.875612000","5417","296","95.101.184.27","443","10.0.0.2","40940","244","748204","632"
"39.330148","39.330148000","38.936087000","5418","52","10.0.0.2","40940","95.101.184.27","443","0","632","734296"
"39.330177","39.330177000","38.936116000","5419","52","10.0.0.2","40940","95.101.184.27","443","0","632","734296"
"39.330194","39.330194000","38.936133000","5420","52","10.0.0.2","40940","95.101.184.27","443","0","632","734296"
"39.330209","39.330209000","38.936148000","5421","52","10.0.0.2","40940","95.101.184.27","443","0","632","734296"
"39.330222","39.330222000","38.936161000","5422","52","10.0.0.2","40940","95.101.184.27","443","0","632","734296"
"39.330686","39.330686000","38.936625000","5423","296","95.101.184.27","443","10.0.0.2","40940","244","748448","632"
"39.330723","39.330723000","38.936662000","5424","296","95.101.184.27","443","10.0.0.2","40940","244","748692","632"
"39.330776","39.330776000","38.936715000","5425","296","95.101.184.27","443","10.0.0.2","40940","244","748936","632"
"39.330788","39.330788000","38.936727000","5426","296","95.101.184.27","443","10.0.0.2","40940","244","749180","632"
"39.330939","39.330939000","38.936878000","5427","296","95.101.184.27","443","10.0.0.2","40940","244","749424","632"
"39.393990","39.393990000","38.999929000","5428","52","10.0.0.2","40940","95.101.184.27","443","0","632","734296"
"39.394025","39.394025000","38.999964000","5429","52","10.0.0.2","40940","95.101.184.27","443","0","632","734296"
"39.394043","39.394043000","38.999982000","5430","52","10.0.0.2","40940","95.101.184.27","443","0","632","734296"
"39.394058","39.394058000","38.999997000","5431","52","10.0.0.2","40940","95.101.184.27","443","0","632","734296"
"39.394071","39.394071000","39.000010000","5432","52","10.0.0.2","40940","95.101.184.27","443","0","632","734296"
"39.394511","39.394511000","39.000450000","5433","296","95.101.184.27","443","10.0.0.2","40940","244","749668","632"
"39.394549","39.394549000","39.000488000","5434","296","95.101.184.27","443","10.0.0.2","40940","244","749912","632"
"39.394601","39.394601000","39.000540000","5435","296","95.101.184.27","443","10.0.0.2","40940","244","750156","632"
"39.394613","39.394613000","39.000552000","5436","296","95.101.184.27","443","10.0.0.2","40940","244","750400","632"
"39.394735","39.394735000","39.000674000","5437","296","95.101.184.27","443","10.0.0.2","40940","244","750644","632"
"39.399285","39.399285000","39.005224000","5438","296","95.101.184.27","443","10.0.0.2","40940","244","734296","632"
"39.455264","39.455264000","39.061203000","5439","52","10.0.0.2","40940","95.101.184.27","443","0","632","734296"
"39.455295","39.455295000","39.061234000","5440","52","10.0.0.2","40940","95.101.184.27","443","0","632","734296"
"39.455312","39.455312000","39.061251000","5441","52","10.0.0.2","40940","95.101.184.27","443","0","632","734296"
"39.455327","39.455327000","39.061266000","5442","52","10.0.0.2","40940","95.101.184.27","443","0","632","734296"
"39.455340","39.455340000","39.061279000","5443","52","10.0.0.2","40940","95.101.184.27","443","0","632","734296"
"39.518843","39.518843000","39.124782000","5444","52","10.0.0.2","40940","95.101.184.27","443","0","632","734296"
"39.518875","39.518875000","39.124814000","5445","52","10.0.0.2","40940","95.101.184.27","443","0","632","734296"
"39.518895","39.518895000","39.124834000","5446","52","10.0.0.2","40940","95.101.184.27","443","0","632","734296"
"39.518933","39.518933000","39.124872000","5447","52","10.0.0.2","40940","95.101.184.27","443","0","632","734296"
"39.518973","39.518973000","39.124912000","5448","52","10.0.0.2","40940","95.101.184.27","443","0","632","734296"
"39.581013","39.581013000","39.186952000","5449","52","10.0.0.2","40940","95.101.184.27","443","0","632","734296"
"39.581042","39.581042000","39.186981000","5450","52","10.0.0.2","40940","95.101.184.27","443","0","632","734296"
"39.581061","39.581061000","39.187000000","5451","52","10.0.0.2","40940","95.101.184.27","443","0","632","734296"
"39.581075","39.581075000","39.187014000","5452","52","10.0.0.2","40940","95.101.184.27","443","0","632","734296"
"39.581088","39.581088000","39.187027000","5453","52","10.0.0.2","40940","95.101.184.27","443","0","632","734296"
"39.643331","39.643331000","39.249270000","5454","52","10.0.0.2","40940","95.101.184.27","443","0","632","734296"
"39.643362","39.643362000","39.249301000","5455","52","10.0.0.2","40940","95.101.184.27","443","0","632","734296"
"39.643382","39.643382000","39.249321000","5456","52","10.0.0.2","40940","95.101.184.27","443","0","632","734296"
"39.643398","39.643398000","39.249337000","5457","52","10.0.0.2","40940","95.101.184.27","443","0","632","734296"
"39.643414","39.643414000","39.249353000","5458","52","10.0.0.2","40940","95.101.184.27","443","0","632","750888"
"39.644447","39.644447000","39.250386000","5459","296","95.101.184.27","443","10.0.0.2","40940","244","750888","632"
"39.644492","39.644492000","39.250431000","5460","296","95.101.184.27","443","10.0.0.2","40940","244","751132","632"
"39.644554","39.644554000","39.250493000","5461","296","95.101.184.27","443","10.0.0.2","40940","244","751376","632"
"39.644572","39.644572000","39.250511000","5462","296","95.101.184.27","443","10.0.0.2","40940","244","751620","632"
"39.644628","39.644628000","39.250567000","5463","296","95.101.184.27","443","10.0.0.2","40940","244","751864","632"
"39.644641","39.644641000","39.250580000","5464","296","95.101.184.27","443","10.0.0.2","40940","244","752108","632"
"39.644687","39.644687000","39.250626000","5465","296","95.101.184.27","443","10.0.0.2","40940","244","752352","632"
"39.644700","39.644700000","39.250639000","5466","296","95.101.184.27","443","10.0.0.2","40940","244","752596","632"
"39.644744","39.644744000","39.250683000","5467","296","95.101.184.27","443","10.0.0.2","40940","244","752840","632"
"39.644758","39.644758000","39.250697000","5468","296","95.101.184.27","443","10.0.0.2","40940","244","753084","632"
"39.644804","39.644804000","39.250743000","5469","296","95.101.184.27","443","10.0.0.2","40940","244","753328","632"
"39.644817","39.644817000","39.250756000","5470","296","95.101.184.27","443","10.0.0.2","40940","244","753572","632"
"39.644862","39.644862000","39.250801000","5471","296","95.101.184.27","443","10.0.0.2","40940","244","753816","632"
"39.644875","39.644875000","39.250814000","5472","296","95.101.184.27","443","10.0.0.2","40940","244","754060","632"
"39.644951","39.644951000","39.250890000","5473","296","95.101.184.27","443","10.0.0.2","40940","244","754304","632"
"39.644966","39.644966000","39.250905000","5474","296","95.101.184.27","443","10.0.0.2","40940","244","754548","632"
"39.645012","39.645012000","39.250951000","5475","296","95.101.184.27","443","10.0.0.2","40940","244","754792","632"
"39.645024","39.645024000","39.250963000","5476","296","95.101.184.27","443","10.0.0.2","40940","244","755036","632"
"39.645069","39.645069000","39.251008000","5477","296","95.101.184.27","443","10.0.0.2","40940","244","755280","632"
"39.645081","39.645081000","39.251020000","5478","296","95.101.184.27","443","10.0.0.2","40940","244","755524","632"
"39.645129","39.645129000","39.251068000","5479","296","95.101.184.27","443","10.0.0.2","40940","244","755768","632"
"39.645143","39.645143000","39.251082000","5480","296","95.101.184.27","443","10.0.0.2","40940","244","756012","632"
"39.830747","39.830747000","39.436686000","5481","52","10.0.0.2","40940","95.101.184.27","443","0","632","751132"
"39.830768","39.830768000","39.436707000","5482","52","10.0.0.2","40940","95.101.184.27","443","0","632","751376"
"39.830780","39.830780000","39.436719000","5483","52","10.0.0.2","40940","95.101.184.27","443","0","632","751620"
"39.830791","39.830791000","39.436730000","5484","52","10.0.0.2","40940","95.101.184.27","443","0","632","752108"
"39.831286","39.831286000","39.437225000","5485","296","95.101.184.27","443","10.0.0.2","40940","244","756256","632"
"39.831319","39.831319000","39.437258000","5486","296","95.101.184.27","443","10.0.0.2","40940","244","756500","632"
"39.831368","39.831368000","39.437307000","5487","296","95.101.184.27","443","10.0.0.2","40940","244","756744","632"
"39.831380","39.831380000","39.437319000","5488","296","95.101.184.27","443","10.0.0.2","40940","244","756988","632"
"39.831426","39.831426000","39.437365000","5489","296","95.101.184.27","443","10.0.0.2","40940","244","757232","632"
"39.831437","39.831437000","39.437376000","5490","296","95.101.184.27","443","10.0.0.2","40940","244","757476","632"
"39.831481","39.831481000","39.437420000","5491","296","95.101.184.27","443","10.0.0.2","40940","244","757720","632"
"39.831493","39.831493000","39.437432000","5492","296","95.101.184.27","443","10.0.0.2","40940","244","757964","632"
"39.831537","39.831537000","39.437476000","5493","296","95.101.184.27","443","10.0.0.2","40940","244","758208","632"
"39.831551","39.831551000","39.437490000","5494","296","95.101.184.27","443","10.0.0.2","40940","244","758452","632"
"39.831595","39.831595000","39.437534000","5495","296","95.101.184.27","443","10.0.0.2","40940","244","758696","632"
"39.831608","39.831608000","39.437547000","5496","296","95.101.184.27","443","10.0.0.2","40940","244","758940","632"
"39.893858","39.893858000","39.499797000","5497","52","10.0.0.2","40940","95.101.184.27","443","0","632","752352"
"39.893879","39.893879000","39.499818000","5498","52","10.0.0.2","40940","95.101.184.27","443","0","632","752596"
"39.893891","39.893891000","39.499830000","5499","52","10.0.0.2","40940","95.101.184.27","443","0","632","752840"
"39.893903","39.893903000","39.499842000","5500","52","10.0.0.2","40940","95.101.184.27","443","0","632","753084"
"39.893930","39.893930000","39.499869000","5501","52","10.0.0.2","40940","95.101.184.27","443","0","632","753328"
"39.894406","39.894406000","39.500345000","5502","296","95.101.184.27","443","10.0.0.2","40940","244","759184","632"
"39.894438","39.894438000","39.500377000","5503","296","95.101.184.27","443","10.0.0.2","40940","244","759428","632"
"39.894486","39.894486000","39.500425000","5504","296","95.101.184.27","443","10.0.0.2","40940","244","759672","632"
"39.894497","39.894497000","39.500436000","5505","296","95.101.184.27","443","10.0.0.2","40940","244","759916","632"
"39.894534","39.894534000","39.500473000","5506","296","95.101.184.27","443","10.0.0.2","40940","244","760160","632"
"39.955044","39.955044000","39.560983000","5507","52","10.0.0.2","40940","95.101.184.27","443","0","632","753572"
"39.955064","39.955064000","39.561003000","5508","52","10.0.0.2","40940","95.101.184.27","443","0","632","753816"
"39.955076","39.955076000","39.561015000","5509","52","10.0.0.2","40940","95.101.184.27","443","0","632","754060"
"39.955088","39.955088000","39.561027000","5510","52","10.0.0.2","40940","95.101.184.27","443","0","632","754304"
"39.955099","39.955099000","39.561038000","5511","52","10.0.0.2","40940","95.101.184.27","443","0","632","754548"
"39.955567","39.955567000","39.561506000","5512","296","95.101.184.27","443","10.0.0.2","40940","244","760404","632"
"39.955599","39.955599000","39.561538000","5513","296","95.101.184.27","443","10.0.0.2","40940","244","760648","632"
"39.955648","39.955648000","39.561587000","5514","296","95.101.184.27","443","10.0.0.2","40940","244","760892","632"
"39.955660","39.955660000","39.561599000","5515","296","95.101.184.27","443","10.0.0.2","40940","244","761136","632"
"39.955705","39.955705000","39.561644000","5516","296","95.101.184.27","443","10.0.0.2","40940","244","761380","632"
"39.955716","39.955716000","39.561655000","5517","296","95.101.184.27","443","10.0.0.2","40940","244","761624","632"
"40.019023","40.019023000","39.624962000","5518","52","10.0.0.2","40940","95.101.184.27","443","0","632","754792"
"40.019052","40.019052000","39.624991000","5519","52","10.0.0.2","40940","95.101.184.27","443","0","632","754792"
"40.019073","40.019073000","39.625012000","5520","52","10.0.0.2","40940","95.101.184.27","443","0","632","754792"
"40.019089","40.019089000","39.625028000","5521","52","10.0.0.2","40940","95.101.184.27","443","0","632","754792"
"40.019106","40.019106000","39.625045000","5522","52","10.0.0.2","40940","95.101.184.27","443","0","632","754792"
"40.019630","40.019630000","39.625569000","5523","296","95.101.184.27","443","10.0.0.2","40940","244","761868","632"
"40.019667","40.019667000","39.625606000","5524","296","95.101.184.27","443","10.0.0.2","40940","244","762112","632"
"40.019717","40.019717000","39.625656000","5525","296","95.101.184.27","443","10.0.0.2","40940","244","762356","632"
"40.019729","40.019729000","39.625668000","5526","296","95.101.184.27","443","10.0.0.2","40940","244","754792","632"
"40.019765","40.019765000","39.625704000","5527","296","95.101.184.27","443","10.0.0.2","40940","244","762600","632"
"40.080430","40.080430000","39.686369000","5528","52","10.0.0.2","40940","95.101.184.27","443","0","632","754792"
"40.080459","40.080459000","39.686398000","5529","52","10.0.0.2","40940","95.101.184.27","443","0","632","754792"
"40.080476","40.080476000","39.686415000","5530","52","10.0.0.2","40940","95.101.184.27","443","0","632","754792"
"40.080491","40.080491000","39.686430000","5531","52","10.0.0.2","40940","95.101.184.27","443","0","632","754792"
"40.080504","40.080504000","39.686443000","5532","52","10.0.0.2","40940","95.101.184.27","443","0","632","754792"
"40.081014","40.081014000","39.686953000","5533","296","95.101.184.27","443","10.0.0.2","40940","244","762844","632"
"40.081085","40.081085000","39.687024000","5534","296","95.101.184.27","443","10.0.0.2","40940","244","763088","632"
"40.081098","40.081098000","39.687037000","5535","296","95.101.184.27","443","10.0.0.2","40940","244","763332","632"
"40.143410","40.143410000","39.749349000","5536","52","10.0.0.2","40940","95.101.184.27","443","0","632","754792"
"40.143442","40.143442000","39.749381000","5537","52","10.0.0.2","40940","95.101.184.27","443","0","632","754792"
"40.143461","40.143461000","39.749400000","5538","52","10.0.0.2","40940","95.101.184.27","443","0","632","754792"
"40.143476","40.143476000","39.749415000","5539","52","10.0.0.2","40940","95.101.184.27","443","0","632","754792"
"40.143494","40.143494000","39.749433000","5540","52","10.0.0.2","40940","95.101.184.27","443","0","632","754792"
"40.144036","40.144036000","39.749975000","5541","296","95.101.184.27","443","10.0.0.2","40940","244","763576","632"
"40.144071","40.144071000","39.750010000","5542","296","95.101.184.27","443","10.0.0.2","40940","244","763820","632"
"40.144121","40.144121000","39.750060000","5543","296","95.101.184.27","443","10.0.0.2","40940","244","764064","632"
"40.144133","40.144133000","39.750072000","5544","296","95.101.184.27","443","10.0.0.2","40940","244","764308","632"
"40.205357","40.205357000","39.811296000","5545","52","10.0.0.2","40940","95.101.184.27","443","0","632","754792"
"40.205388","40.205388000","39.811327000","5546","52","10.0.0.2","40940","95.101.184.27","443","0","632","754792"
"40.205410","40.205410000","39.811349000","5547","52","10.0.0.2","40940","95.101.184.27","443","0","632","754792"
"40.205427","40.205427000","39.811366000","5548","52","10.0.0.2","40940","95.101.184.27","443","0","632","754792"
"40.205443","40.205443000","39.811382000","5549","52","10.0.0.2","40940","95.101.184.27","443","0","632","754792"
"40.205847","40.205847000","39.811786000","5550","296","95.101.184.27","443","10.0.0.2","40940","244","764552","632"
"40.205950","40.205950000","39.811889000","5551","296","95.101.184.27","443","10.0.0.2","40940","244","764796","632"
"40.205965","40.205965000","39.811904000","5552","296","95.101.184.27","443","10.0.0.2","40940","244","765040","632"
"40.268692","40.268692000","39.874631000","5553","52","10.0.0.2","40940","95.101.184.27","443","0","632","754792"
"40.268721","40.268721000","39.874660000","5554","52","10.0.0.2","40940","95.101.184.27","443","0","632","754792"
"40.268737","40.268737000","39.874676000","5555","52","10.0.0.2","40940","95.101.184.27","443","0","632","754792"
"40.268753","40.268753000","39.874692000","5556","52","10.0.0.2","40940","95.101.184.27","443","0","632","754792"
"40.268764","40.268764000","39.874703000","5557","52","10.0.0.2","40940","95.101.184.27","443","0","632","754792"
"40.269223","40.269223000","39.875162000","5558","296","95.101.184.27","443","10.0.0.2","40940","244","765284","632"
"40.269259","40.269259000","39.875198000","5559","296","95.101.184.27","443","10.0.0.2","40940","244","765528","632"
"40.269297","40.269297000","39.875236000","5560","296","95.101.184.27","443","10.0.0.2","40940","244","765772","632"
"40.269428","40.269428000","39.875367000","5561","296","95.101.184.27","443","10.0.0.2","40940","244","766016","632"
"40.330799","40.330799000","39.936738000","5562","52","10.0.0.2","40940","95.101.184.27","443","0","632","754792"
"40.330830","40.330830000","39.936769000","5563","52","10.0.0.2","40940","95.101.184.27","443","0","632","754792"
"40.330848","40.330848000","39.936787000","5564","52","10.0.0.2","40940","95.101.184.27","443","0","632","755036"
"40.330863","40.330863000","39.936802000","5565","52","10.0.0.2","40940","95.101.184.27","443","0","632","755036"
"40.330879","40.330879000","39.936818000","5566","52","10.0.0.2","40940","95.101.184.27","443","0","632","755036"
"40.331316","40.331316000","39.937255000","5567","296","95.101.184.27","443","10.0.0.2","40940","244","766260","632"
"40.331479","40.331479000","39.937418000","5568","296","95.101.184.27","443","10.0.0.2","40940","244","755036","632"
"40.331502","40.331502000","39.937441000","5569","296","95.101.184.27","443","10.0.0.2","40940","244","766504","632"
"40.331537","40.331537000","39.937476000","5570","296","95.101.184.27","443","10.0.0.2","40940","244","766748","632"
"40.393785","40.393785000","39.999724000","5571","52","10.0.0.2","40940","95.101.184.27","443","0","632","755036"
"40.393815","40.393815000","39.999754000","5572","52","10.0.0.2","40940","95.101.184.27","443","0","632","755036"
"40.393836","40.393836000","39.999775000","5573","52","10.0.0.2","40940","95.101.184.27","443","0","632","755036"
"40.393852","40.393852000","39.999791000","5574","52","10.0.0.2","40940","95.101.184.27","443","0","632","755036"
"40.393867","40.393867000","39.999806000","5575","52","10.0.0.2","40940","95.101.184.27","443","0","632","755036"
"40.394313","40.394313000","40.000252000","5576","296","95.101.184.27","443","10.0.0.2","40940","244","766992","632"
"40.394350","40.394350000","40.000289000","5577","296","95.101.184.27","443","10.0.0.2","40940","244","767236","632"
"40.394401","40.394401000","40.000340000","5578","296","95.101.184.27","443","10.0.0.2","40940","244","767480","632"
"40.394414","40.394414000","40.000353000","5579","296","95.101.184.27","443","10.0.0.2","40940","244","767724","632"
"40.394490","40.394490000","40.000429000","5580","296","95.101.184.27","443","10.0.0.2","40940","244","767968","632"
"40.455216","40.455216000","40.061155000","5581","52","10.0.0.2","40940","95.101.184.27","443","0","632","755036"
"40.455245","40.455245000","40.061184000","5582","52","10.0.0.2","40940","95.101.184.27","443","0","632","755036"
"40.455264","40.455264000","40.061203000","5583","52","10.0.0.2","40940","95.101.184.27","443","0","632","755036"
"40.455280","40.455280000","40.061219000","5584","52","10.0.0.2","40940","95.101.184.27","443","0","632","755036"
"40.455293","40.455293000","40.061232000","5585","52","10.0.0.2","40940","95.101.184.27","443","0","632","755036"
"40.455733","40.455733000","40.061672000","5586","296","95.101.184.27","443","10.0.0.2","40940","244","768212","632"
"40.455766","40.455766000","40.061705000","5587","296","95.101.184.27","443","10.0.0.2","40940","244","768456","632"
"40.455818","40.455818000","40.061757000","5588","296","95.101.184.27","443","10.0.0.2","40940","244","768700","632"
"40.455830","40.455830000","40.061769000","5589","296","95.101.184.27","443","10.0.0.2","40940","244","768944","632"
"40.455864","40.455864000","40.061803000","5590","296","95.101.184.27","443","10.0.0.2","40940","244","769188","632"
"40.518181","40.518181000","40.124120000","5591","52","10.0.0.2","40940","95.101.184.27","443","0","632","755036"
"40.518213","40.518213000","40.124152000","5592","52","10.0.0.2","40940","95.101.184.27","443","0","632","755036"
"40.518231","40.518231000","40.124170000","5593","52","10.0.0.2","40940","95.101.184.27","443","0","632","755036"
"40.518247","40.518247000","40.124186000","5594","52","10.0.0.2","40940","95.101.184.27","443","0","632","755036"
"40.518263","40.518263000","40.124202000","5595","52","10.0.0.2","40940","95.101.184.27","443","0","632","755280"
"40.518686","40.518686000","40.124625000","5596","296","95.101.184.27","443","10.0.0.2","40940","244","769432","632"
"40.518723","40.518723000","40.124662000","5597","296","95.101.184.27","443","10.0.0.2","40940","244","769676","632"
"40.518838","40.518838000","40.124777000","5598","296","95.101.184.27","443","10.0.0.2","40940","244","769920","632"
"40.518858","40.518858000","40.124797000","5599","296","95.101.184.27","443","10.0.0.2","40940","244","770164","632"
"40.518904","40.518904000","40.124843000","5600","296","95.101.184.27","443","10.0.0.2","40940","244","755280","632"
"40.518949","40.518949000","40.124888000","5601","296","95.101.184.27","443","10.0.0.2","40940","244","770408","632"
"40.580471","40.580471000","40.186410000","5602","52","10.0.0.2","40940","95.101.184.27","443","0","632","755280"
"40.580502","40.580502000","40.186441000","5603","52","10.0.0.2","40940","95.101.184.27","443","0","632","755280"
"40.580519","40.580519000","40.186458000","5604","52","10.0.0.2","40940","95.101.184.27","443","0","632","755280"
"40.580534","40.580534000","40.186473000","5605","52","10.0.0.2","40940","95.101.184.27","443","0","632","755280"
"40.580546","40.580546000","40.186485000","5606","52","10.0.0.2","40940","95.101.184.27","443","0","632","755280"
"40.580984","40.580984000","40.186923000","5607","296","95.101.184.27","443","10.0.0.2","40940","244","770652","632"
"40.581020","40.581020000","40.186959000","5608","296","95.101.184.27","443","10.0.0.2","40940","244","770896","632"
"40.581073","40.581073000","40.187012000","5609","296","95.101.184.27","443","10.0.0.2","40940","244","771140","632"
"40.581084","40.581084000","40.187023000","5610","296","95.101.184.27","443","10.0.0.2","40940","244","771384","632"
"40.581118","40.581118000","40.187057000","5611","296","95.101.184.27","443","10.0.0.2","40940","244","771628","632"
"40.643457","40.643457000","40.249396000","5612","52","10.0.0.2","40940","95.101.184.27","443","0","632","755280"
"40.643487","40.643487000","40.249426000","5613","52","10.0.0.2","40940","95.101.184.27","443","0","632","755280"
"40.643506","40.643506000","40.249445000","5614","52","10.0.0.2","40940","95.101.184.27","443","0","632","755280"
"40.643523","40.643523000","40.249462000","5615","52","10.0.0.2","40940","95.101.184.27","443","0","632","755280"
"40.643538","40.643538000","40.249477000","5616","52","10.0.0.2","40940","95.101.184.27","443","0","632","755280"
"40.644013","40.644013000","40.249952000","5617","296","95.101.184.27","443","10.0.0.2","40940","244","771872","632"
"40.644049","40.644049000","40.249988000","5618","296","95.101.184.27","443","10.0.0.2","40940","244","772116","632"
"40.644099","40.644099000","40.250038000","5619","296","95.101.184.27","443","10.0.0.2","40940","244","772360","632"
"40.644111","40.644111000","40.250050000","5620","296","95.101.184.27","443","10.0.0.2","40940","244","772604","632"
"40.644144","40.644144000","40.250083000","5621","296","95.101.184.27","443","10.0.0.2","40940","244","772848","632"
"40.705723","40.705723000","40.311662000","5622","52","10.0.0.2","40940","95.101.184.27","443","0","632","755280"
"40.705753","40.705753000","40.311692000","5623","52","10.0.0.2","40940","95.101.184.27","443","0","632","755280"
"40.705770","40.705770000","40.311709000","5624","52","10.0.0.2","40940","95.101.184.27","443","0","632","755280"
"40.705784","40.705784000","40.311723000","5625","52","10.0.0.2","40940","95.101.184.27","443","0","632","755280"
"40.705796","40.705796000","40.311735000","5626","52","10.0.0.2","40940","95.101.184.27","443","0","632","755280"
"40.706188","40.706188000","40.312127000","5627","296","95.101.184.27","443","10.0.0.2","40940","244","773092","632"
"40.706224","40.706224000","40.312163000","5628","296","95.101.184.27","443","10.0.0.2","40940","244","773336","632"
"40.706481","40.706481000","40.312420000","5629","296","95.101.184.27","443","10.0.0.2","40940","244","773580","632"
"40.706514","40.706514000","40.312453000","5630","296","95.101.184.27","443","10.0.0.2","40940","244","773824","632"
"40.706551","40.706551000","40.312490000","5631","296","95.101.184.27","443","10.0.0.2","40940","244","774068","632"
"40.768806","40.768806000","40.374745000","5632","52","10.0.0.2","40940","95.101.184.27","443","0","632","755280"
"40.768835","40.768835000","40.374774000","5633","52","10.0.0.2","40940","95.101.184.27","443","0","632","755524"
"40.768856","40.768856000","40.374795000","5634","52","10.0.0.2","40940","95.101.184.27","443","0","632","755524"
"40.768873","40.768873000","40.374812000","5635","52","10.0.0.2","40940","95.101.184.27","443","0","632","755524"
"40.768890","40.768890000","40.374829000","5636","52","10.0.0.2","40940","95.101.184.27","443","0","632","755524"
"40.769343","40.769343000","40.375282000","5637","296","95.101.184.27","443","10.0.0.2","40940","244","774312","632"
"40.769379","40.769379000","40.375318000","5638","296","95.101.184.27","443","10.0.0.2","40940","244","755524","632"
"40.769429","40.769429000","40.375368000","5639","296","95.101.184.27","443","10.0.0.2","40940","244","774556","632"
"40.769441","40.769441000","40.375380000","5640","296","95.101.184.27","443","10.0.0.2","40940","244","774800","632"
"40.769486","40.769486000","40.375425000","5641","296","95.101.184.27","443","10.0.0.2","40940","244","775044","632"
"40.769498","40.769498000","40.375437000","5642","296","95.101.184.27","443","10.0.0.2","40940","244","775288","632"
"40.830816","40.830816000","40.436755000","5643","52","10.0.0.2","40940","95.101.184.27","443","0","632","755524"
"40.830849","40.830849000","40.436788000","5644","52","10.0.0.2","40940","95.101.184.27","443","0","632","755524"
"40.830866","40.830866000","40.436805000","5645","52","10.0.0.2","40940","95.101.184.27","443","0","632","755524"
"40.830881","40.830881000","40.436820000","5646","52","10.0.0.2","40940","95.101.184.27","443","0","632","755524"
"40.830896","40.830896000","40.436835000","5647","52","10.0.0.2","40940","95.101.184.27","443","0","632","755524"
"40.831358","40.831358000","40.437297000","5648","296","95.101.184.27","443","10.0.0.2","40940","244","775532","632"
"40.831394","40.831394000","40.437333000","5649","296","95.101.184.27","443","10.0.0.2","40940","244","775776","632"
"40.831445","40.831445000","40.437384000","5650","296","95.101.184.27","443","10.0.0.2","40940","244","776020","632"
"40.831457","40.831457000","40.437396000","5651","296","95.101.184.27","443","10.0.0.2","40940","244","776264","632"
"40.831527","40.831527000","40.437466000","5652","296","95.101.184.27","443","10.0.0.2","40940","244","776508","632"
"40.893216","40.893216000","40.499155000","5653","52","10.0.0.2","40940","95.101.184.27","443","0","632","755524"
"40.893243","40.893243000","40.499182000","5654","52","10.0.0.2","40940","95.101.184.27","443","0","632","755524"
"40.893260","40.893260000","40.499199000","5655","52","10.0.0.2","40940","95.101.184.27","443","0","632","755524"
"40.893275","40.893275000","40.499214000","5656","52","10.0.0.2","40940","95.101.184.27","443","0","632","755524"
"40.893288","40.893288000","40.499227000","5657","52","10.0.0.2","40940","95.101.184.27","443","0","632","755524"
"40.893738","40.893738000","40.499677000","5658","296","95.101.184.27","443","10.0.0.2","40940","244","776752","632"
"40.893771","40.893771000","40.499710000","5659","296","95.101.184.27","443","10.0.0.2","40940","244","776996","632"
"40.893821","40.893821000","40.499760000","5660","296","95.101.184.27","443","10.0.0.2","40940","244","777240","632"
"40.893833","40.893833000","40.499772000","5661","296","95.101.184.27","443","10.0.0.2","40940","244","777484","632"
"40.893867","40.893867000","40.499806000","5662","296","95.101.184.27","443","10.0.0.2","40940","244","777728","632"
"40.955196","40.955196000","40.561135000","5663","52","10.0.0.2","40940","95.101.184.27","443","0","632","755524"
"40.955225","40.955225000","40.561164000","5664","52","10.0.0.2","40940","95.101.184.27","443","0","632","755524"
"40.955243","40.955243000","40.561182000","5665","52","10.0.0.2","40940","95.101.184.27","443","0","632","755524"
"40.955262","40.955262000","40.561201000","5666","52","10.0.0.2","40940","95.101.184.27","443","0","632","755524"
"40.955279","40.955279000","40.561218000","5667","52","10.0.0.2","40940","95.101.184.27","443","0","632","755768"
"40.955687","40.955687000","40.561626000","5668","296","95.101.184.27","443","10.0.0.2","40940","244","777972","632"
"40.955765","40.955765000","40.561704000","5669","296","95.101.184.27","443","10.0.0.2","40940","244","778216","632"
"40.955778","40.955778000","40.561717000","5670","296","95.101.184.27","443","10.0.0.2","40940","244","778460","632"
"40.955813","40.955813000","40.561752000","5671","296","95.101.184.27","443","10.0.0.2","40940","244","778704","632"
"40.955942","40.955942000","40.561881000","5672","296","95.101.184.27","443","10.0.0.2","40940","244","755768","632"
"40.955966","40.955966000","40.561905000","5673","296","95.101.184.27","443","10.0.0.2","40940","244","778948","632"
"41.018495","41.018495000","40.624434000","5674","52","10.0.0.2","40940","95.101.184.27","443","0","632","755768"
"41.018525","41.018525000","40.624464000","5675","52","10.0.0.2","40940","95.101.184.27","443","0","632","755768"
"41.018544","41.018544000","40.624483000","5676","52","10.0.0.2","40940","95.101.184.27","443","0","632","755768"
"41.018560","41.018560000","40.624499000","5677","52","10.0.0.2","40940","95.101.184.27","443","0","632","755768"
"41.018572","41.018572000","40.624511000","5678","52","10.0.0.2","40940","95.101.184.27","443","0","632","755768"
"41.019064","41.019064000","40.625003000","5679","296","95.101.184.27","443","10.0.0.2","40940","244","779192","632"
"41.019100","41.019100000","40.625039000","5680","296","95.101.184.27","443","10.0.0.2","40940","244","779436","632"
"41.019151","41.019151000","40.625090000","5681","296","95.101.184.27","443","10.0.0.2","40940","244","779680","632"
"41.019163","41.019163000","40.625102000","5682","296","95.101.184.27","443","10.0.0.2","40940","244","779924","632"
"41.019196","41.019196000","40.625135000","5683","296","95.101.184.27","443","10.0.0.2","40940","244","780168","632"
"41.080522","41.080522000","40.686461000","5684","52","10.0.0.2","40940","95.101.184.27","443","0","632","755768"
"41.080554","41.080554000","40.686493000","5685","52","10.0.0.2","40940","95.101.184.27","443","0","632","755768"
"41.080573","41.080573000","40.686512000","5686","52","10.0.0.2","40940","95.101.184.27","443","0","632","755768"
"41.080587","41.080587000","40.686526000","5687","52","10.0.0.2","40940","95.101.184.27","443","0","632","755768"
"41.080605","41.080605000","40.686544000","5688","52","10.0.0.2","40940","95.101.184.27","443","0","632","755768"
"41.081048","41.081048000","40.686987000","5689","296","95.101.184.27","443","10.0.0.2","40940","244","780412","632"
"41.081085","41.081085000","40.687024000","5690","296","95.101.184.27","443","10.0.0.2","40940","244","780656","632"
"41.081137","41.081137000","40.687076000","5691","296","95.101.184.27","443","10.0.0.2","40940","244","780900","632"
"41.081148","41.081148000","40.687087000","5692","296","95.101.184.27","443","10.0.0.2","40940","244","781144","632"
"41.081217","41.081217000","40.687156000","5693","296","95.101.184.27","443","10.0.0.2","40940","244","781388","632"
"41.143680","41.143680000","40.749619000","5694","52","10.0.0.2","40940","95.101.184.27","443","0","632","755768"
"41.143710","41.143710000","40.749649000","5695","52","10.0.0.2","40940","95.101.184.27","443","0","632","755768"
"41.143729","41.143729000","40.749668000","5696","52","10.0.0.2","40940","95.101.184.27","443","0","632","755768"
"41.143744","41.143744000","40.749683000","5697","52","10.0.0.2","40940","95.101.184.27","443","0","632","755768"
"41.143758","41.143758000","40.749697000","5698","52","10.0.0.2","40940","95.101.184.27","443","0","632","755768"
"41.144212","41.144212000","40.750151000","5699","296","95.101.184.27","443","10.0.0.2","40940","244","781632","632"
"41.144247","41.144247000","40.750186000","5700","296","95.101.184.27","443","10.0.0.2","40940","244","781876","632"
"41.144297","41.144297000","40.750236000","5701","296","95.101.184.27","443","10.0.0.2","40940","244","782120","632"
"41.144309","41.144309000","40.750248000","5702","296","95.101.184.27","443","10.0.0.2","40940","244","782364","632"
"41.144399","41.144399000","40.750338000","5703","296","95.101.184.27","443","10.0.0.2","40940","244","782608","632"
"41.205873","41.205873000","40.811812000","5704","52","10.0.0.2","40940","95.101.184.27","443","0","632","755768"
"41.205901","41.205901000","40.811840000","5705","52","10.0.0.2","40940","95.101.184.27","443","0","632","755768"
"41.205939","41.205939000","40.811878000","5706","52","10.0.0.2","40940","95.101.184.27","443","0","632","755768"
"41.205968","41.205968000","40.811907000","5707","52","10.0.0.2","40940","95.101.184.27","443","0","632","756012"
"41.205980","41.205980000","40.811919000","5708","52","10.0.0.2","40940","95.101.184.27","443","0","632","756012"
"41.206369","41.206369000","40.812308000","5709","296","95.101.184.27","443","10.0.0.2","40940","244","782852","632"
"41.206405","41.206405000","40.812344000","5710","296","95.101.184.27","443","10.0.0.2","40940","244","783096","632"
"41.206457","41.206457000","40.812396000","5711","296","95.101.184.27","443","10.0.0.2","40940","244","783340","632"
"41.206470","41.206470000","40.812409000","5712","296","95.101.184.27","443","10.0.0.2","40940","244","756012","632"
"41.206518","41.206518000","40.812457000","5713","296","95.101.184.27","443","10.0.0.2","40940","244","783584","632"
"41.206530","41.206530000","40.812469000","5714","296","95.101.184.27","443","10.0.0.2","40940","244","783828","632"
"41.268856","41.268856000","40.874795000","5715","52","10.0.0.2","40940","95.101.184.27","443","0","632","756012"
"41.268887","41.268887000","40.874826000","5716","52","10.0.0.2","40940","95.101.184.27","443","0","632","756012"
"41.268905","41.268905000","40.874844000","5717","52","10.0.0.2","40940","95.101.184.27","443","0","632","756012"
"41.268956","41.268956000","40.874895000","5718","52","10.0.0.2","40940","95.101.184.27","443","0","632","756012"
"41.268975","41.268975000","40.874914000","5719","52","10.0.0.2","40940","95.101.184.27","443","0","632","756012"
"41.269371","41.269371000","40.875310000","5720","296","95.101.184.27","443","10.0.0.2","40940","244","784072","632"
"41.269406","41.269406000","40.875345000","5721","296","95.101.184.27","443","10.0.0.2","40940","244","784316","632"
"41.269512","41.269512000","40.875451000","5722","296","95.101.184.27","443","10.0.0.2","40940","244","784560","632"
"41.269532","41.269532000","40.875471000","5723","296","95.101.184.27","443","10.0.0.2","40940","244","784804","632"
"41.330508","41.330508000","40.936447000","5724","52","10.0.0.2","40940","95.101.184.27","443","0","632","756012"
"41.330536","41.330536000","40.936475000","5725","52","10.0.0.2","40940","95.101.184.27","443","0","632","756012"
"41.330553","41.330553000","40.936492000","5726","52","10.0.0.2","40940","95.101.184.27","443","0","632","756012"
"41.330568","41.330568000","40.936507000","5727","52","10.0.0.2","40940","95.101.184.27","443","0","632","756012"
"41.330582","41.330582000","40.936521000","5728","52","10.0.0.2","40940","95.101.184.27","443","0","632","756012"
"41.393256","41.393256000","40.999195000","5729","52","10.0.0.2","40940","95.101.184.27","443","0","632","756012"
"41.393286","41.393286000","40.999225000","5730","52","10.0.0.2","40940","95.101.184.27","443","0","632","756012"
"41.393304","41.393304000","40.999243000","5731","52","10.0.0.2","40940","95.101.184.27","443","0","632","756012"
"41.393319","41.393319000","40.999258000","5732","52","10.0.0.2","40940","95.101.184.27","443","0","632","756012"
"41.393332","41.393332000","40.999271000","5733","52","10.0.0.2","40940","95.101.184.27","443","0","632","756012"
"41.455813","41.455813000","41.061752000","5734","52","10.0.0.2","40940","95.101.184.27","443","0","632","756012"
"41.455842","41.455842000","41.061781000","5735","52","10.0.0.2","40940","95.101.184.27","443","0","632","756012"
"41.455859","41.455859000","41.061798000","5736","52","10.0.0.2","40940","95.101.184.27","443","0","632","756012"
"41.455873","41.455873000","41.061812000","5737","52","10.0.0.2","40940","95.101.184.27","443","0","632","783584"
"41.456860","41.456860000","41.062799000","5738","296","95.101.184.27","443","10.0.0.2","40940","244","785048","632"
"41.456905","41.456905000","41.062844000","5739","296","95.101.184.27","443","10.0.0.2","40940","244","785292","632"
"41.457017","41.457017000","41.062956000","5740","296","95.101.184.27","443","10.0.0.2","40940","244","785536","632"
"41.457035","41.457035000","41.062974000","5741","296","95.101.184.27","443","10.0.0.2","40940","244","785780","632"
"41.457083","41.457083000","41.063022000","5742","296","95.101.184.27","443","10.0.0.2","40940","244","786024","632"
"41.457098","41.457098000","41.063037000","5743","296","95.101.184.27","443","10.0.0.2","40940","244","786268","632"
"41.457144","41.457144000","41.063083000","5744","296","95.101.184.27","443","10.0.0.2","40940","244","786512","632"
"41.457159","41.457159000","41.063098000","5745","296","95.101.184.27","443","10.0.0.2","40940","244","786756","632"
"41.457205","41.457205000","41.063144000","5746","296","95.101.184.27","443","10.0.0.2","40940","244","787000","632"
"41.457218","41.457218000","41.063157000","5747","296","95.101.184.27","443","10.0.0.2","40940","244","787244","632"
"41.457263","41.457263000","41.063202000","5748","296","95.101.184.27","443","10.0.0.2","40940","244","787488","632"
"41.457276","41.457276000","41.063215000","5749","296","95.101.184.27","443","10.0.0.2","40940","244","787732","632"
"41.457322","41.457322000","41.063261000","5750","296","95.101.184.27","443","10.0.0.2","40940","244","787976","632"
"41.457339","41.457339000","41.063278000","5751","296","95.101.184.27","443","10.0.0.2","40940","244","788220","632"
"41.457372","41.457372000","41.063311000","5752","296","95.101.184.27","443","10.0.0.2","40940","244","788464","632"
"41.518656","41.518656000","41.124595000","5753","52","10.0.0.2","40940","95.101.184.27","443","0","632","783828"
"41.518689","41.518689000","41.124628000","5754","52","10.0.0.2","40940","95.101.184.27","443","0","632","784316"
"41.518709","41.518709000","41.124648000","5755","52","10.0.0.2","40940","95.101.184.27","443","0","632","785048"
"41.519200","41.519200000","41.125139000","5756","296","95.101.184.27","443","10.0.0.2","40940","244","788708","632"
"41.519236","41.519236000","41.125175000","5757","296","95.101.184.27","443","10.0.0.2","40940","244","788952","632"
"41.519288","41.519288000","41.125227000","5758","296","95.101.184.27","443","10.0.0.2","40940","244","789196","632"
"41.519300","41.519300000","41.125239000","5759","296","95.101.184.27","443","10.0.0.2","40940","244","789440","632"
"41.519346","41.519346000","41.125285000","5760","296","95.101.184.27","443","10.0.0.2","40940","244","789684","632"
"41.519358","41.519358000","41.125297000","5761","296","95.101.184.27","443","10.0.0.2","40940","244","789928","632"
"41.519392","41.519392000","41.125331000","5762","296","95.101.184.27","443","10.0.0.2","40940","244","790172","632"
"41.643903","41.643903000","41.249842000","5763","52","10.0.0.2","40940","95.101.184.27","443","0","632","785536"
"41.643982","41.643982000","41.249921000","5764","52","10.0.0.2","40940","95.101.184.27","443","0","632","786268"
"41.644539","41.644539000","41.250478000","5765","296","95.101.184.27","443","10.0.0.2","40940","244","790416","632"
"41.644575","41.644575000","41.250514000","5766","296","95.101.184.27","443","10.0.0.2","40940","244","790660","632"
"41.644625","41.644625000","41.250564000","5767","296","95.101.184.27","443","10.0.0.2","40940","244","790904","632"
"41.644637","41.644637000","41.250576000","5768","296","95.101.184.27","443","10.0.0.2","40940","244","791148","632"
"41.644671","41.644671000","41.250610000","5769","296","95.101.184.27","443","10.0.0.2","40940","244","791392","632"
"41.705932","41.705932000","41.311871000","5770","52","10.0.0.2","40940","95.101.184.27","443","0","632","786756"
"41.705976","41.705976000","41.311915000","5771","52","10.0.0.2","40940","95.101.184.27","443","0","632","787244"
"41.706552","41.706552000","41.312491000","5772","296","95.101.184.27","443","10.0.0.2","40940","244","791636","632"
"41.706587","41.706587000","41.312526000","5773","296","95.101.184.27","443","10.0.0.2","40940","244","791880","632"
"41.706637","41.706637000","41.312576000","5774","296","95.101.184.27","443","10.0.0.2","40940","244","792124","632"
"41.706650","41.706650000","41.312589000","5775","296","95.101.184.27","443","10.0.0.2","40940","244","792368","632"
"41.706684","41.706684000","41.312623000","5776","296","95.101.184.27","443","10.0.0.2","40940","244","792612","632"
"41.768520","41.768520000","41.374459000","5777","52","10.0.0.2","40940","95.101.184.27","443","0","632","787488"
"41.768549","41.768549000","41.374488000","5778","52","10.0.0.2","40940","95.101.184.27","443","0","632","787976"
"41.768567","41.768567000","41.374506000","5779","52","10.0.0.2","40940","95.101.184.27","443","0","632","788708"
"41.769035","41.769035000","41.374974000","5780","296","95.101.184.27","443","10.0.0.2","40940","244","792856","632"
"41.769071","41.769071000","41.375010000","5781","296","95.101.184.27","443","10.0.0.2","40940","244","793100","632"
"41.769122","41.769122000","41.375061000","5782","296","95.101.184.27","443","10.0.0.2","40940","244","793344","632"
"41.769135","41.769135000","41.375074000","5783","296","95.101.184.27","443","10.0.0.2","40940","244","793588","632"
"41.769181","41.769181000","41.375120000","5784","296","95.101.184.27","443","10.0.0.2","40940","244","793832","632"
"41.769195","41.769195000","41.375134000","5785","296","95.101.184.27","443","10.0.0.2","40940","244","794076","632"
"41.830220","41.830220000","41.436159000","5786","52","10.0.0.2","40940","95.101.184.27","443","0","632","789196"
"41.830249","41.830249000","41.436188000","5787","52","10.0.0.2","40940","95.101.184.27","443","0","632","789928"
"41.830861","41.830861000","41.436800000","5788","296","95.101.184.27","443","10.0.0.2","40940","244","794320","632"
"41.830897","41.830897000","41.436836000","5789","296","95.101.184.27","443","10.0.0.2","40940","244","794564","632"
"41.830980","41.830980000","41.436919000","5790","296","95.101.184.27","443","10.0.0.2","40940","244","794808","632"
"41.830995","41.830995000","41.436934000","5791","296","95.101.184.27","443","10.0.0.2","40940","244","795052","632"
"41.831040","41.831040000","41.436979000","5792","296","95.101.184.27","443","10.0.0.2","40940","244","795296","632"
"41.831053","41.831053000","41.436992000","5793","296","95.101.184.27","443","10.0.0.2","40940","244","795540","632"
"41.893241","41.893241000","41.499180000","5794","52","10.0.0.2","40940","95.101.184.27","443","0","632","790416"
"41.893274","41.893274000","41.499213000","5795","52","10.0.0.2","40940","95.101.184.27","443","0","632","791148"
"41.893826","41.893826000","41.499765000","5796","296","95.101.184.27","443","10.0.0.2","40940","244","795784","632"
"41.893863","41.893863000","41.499802000","5797","296","95.101.184.27","443","10.0.0.2","40940","244","796028","632"
"41.893940","41.893940000","41.499879000","5798","296","95.101.184.27","443","10.0.0.2","40940","244","796272","632"
"41.893954","41.893954000","41.499893000","5799","296","95.101.184.27","443","10.0.0.2","40940","244","796516","632"
"41.893989","41.893989000","41.499928000","5800","296","95.101.184.27","443","10.0.0.2","40940","244","796760","632"
"41.955678","41.955678000","41.561617000","5801","52","10.0.0.2","40940","95.101.184.27","443","0","632","791636"
"41.955699","41.955699000","41.561638000","5802","52","10.0.0.2","40940","95.101.184.27","443","0","632","792368"
"41.956234","41.956234000","41.562173000","5803","296","95.101.184.27","443","10.0.0.2","40940","244","797004","632"
"41.956270","41.956270000","41.562209000","5804","296","95.101.184.27","443","10.0.0.2","40940","244","797248","632"
"41.956321","41.956321000","41.562260000","5805","296","95.101.184.27","443","10.0.0.2","40940","244","797492","632"
"41.956333","41.956333000","41.562272000","5806","296","95.101.184.27","443","10.0.0.2","40940","244","797736","632"
"41.956379","41.956379000","41.562318000","5807","296","95.101.184.27","443","10.0.0.2","40940","244","797980","632"
"41.956391","41.956391000","41.562330000","5808","296","95.101.184.27","443","10.0.0.2","40940","244","798224","632"
"42.018716","42.018716000","41.624655000","5809","52","10.0.0.2","40940","95.101.184.27","443","0","632","792856"
"42.018754","42.018754000","41.624693000","5810","52","10.0.0.2","40940","95.101.184.27","443","0","632","793588"
"42.019283","42.019283000","41.625222000","5811","296","95.101.184.27","443","10.0.0.2","40940","244","798468","632"
"42.019319","42.019319000","41.625258000","5812","296","95.101.184.27","443","10.0.0.2","40940","244","798712","632"
"42.019369","42.019369000","41.625308000","5813","296","95.101.184.27","443","10.0.0.2","40940","244","798956","632"
"42.019381","42.019381000","41.625320000","5814","296","95.101.184.27","443","10.0.0.2","40940","244","799200","632"
"42.019415","42.019415000","41.625354000","5815","296","95.101.184.27","443","10.0.0.2","40940","244","799444","632"
"42.080633","42.080633000","41.686572000","5816","52","10.0.0.2","40940","95.101.184.27","443","0","632","794076"
"42.080665","42.080665000","41.686604000","5817","52","10.0.0.2","40940","95.101.184.27","443","0","632","794808"
"42.081237","42.081237000","41.687176000","5818","296","95.101.184.27","443","10.0.0.2","40940","244","799688","632"
"42.081272","42.081272000","41.687211000","5819","296","95.101.184.27","443","10.0.0.2","40940","244","799932","632"
"42.081323","42.081323000","41.687262000","5820","296","95.101.184.27","443","10.0.0.2","40940","244","800176","632"
"42.081335","42.081335000","41.687274000","5821","296","95.101.184.27","443","10.0.0.2","40940","244","800420","632"
"42.081381","42.081381000","41.687320000","5822","296","95.101.184.27","443","10.0.0.2","40940","244","800664","632"
"42.081393","42.081393000","41.687332000","5823","296","95.101.184.27","443","10.0.0.2","40940","244","800908","632"
"42.143890","42.143890000","41.749829000","5824","52","10.0.0.2","40940","95.101.184.27","443","0","632","795296"
"42.143944","42.143944000","41.749883000","5825","52","10.0.0.2","40940","95.101.184.27","443","0","632","795784"
"42.144441","42.144441000","41.750380000","5826","296","95.101.184.27","443","10.0.0.2","40940","244","801152","632"
"42.144476","42.144476000","41.750415000","5827","296","95.101.184.27","443","10.0.0.2","40940","244","801396","632"
"42.144526","42.144526000","41.750465000","5828","296","95.101.184.27","443","10.0.0.2","40940","244","801640","632"
"42.144538","42.144538000","41.750477000","5829","296","95.101.184.27","443","10.0.0.2","40940","244","801884","632"
"42.205781","42.205781000","41.811720000","5830","52","10.0.0.2","40940","95.101.184.27","443","0","632","796028"
"42.205811","42.205811000","41.811750000","5831","52","10.0.0.2","40940","95.101.184.27","443","0","632","796516"
"42.205832","42.205832000","41.811771000","5832","52","10.0.0.2","40940","95.101.184.27","443","0","632","797004"
"42.206453","42.206453000","41.812392000","5833","296","95.101.184.27","443","10.0.0.2","40940","244","802128","632"
"42.206489","42.206489000","41.812428000","5834","296","95.101.184.27","443","10.0.0.2","40940","244","802372","632"
"42.206541","42.206541000","41.812480000","5835","296","95.101.184.27","443","10.0.0.2","40940","244","802616","632"
"42.206553","42.206553000","41.812492000","5836","296","95.101.184.27","443","10.0.0.2","40940","244","802860","632"
"42.206587","42.206587000","41.812526000","5837","296","95.101.184.27","443","10.0.0.2","40940","244","803104","632"
"42.268901","42.268901000","41.874840000","5838","52","10.0.0.2","40940","95.101.184.27","443","0","632","797248"
"42.268964","42.268964000","41.874903000","5839","52","10.0.0.2","40940","95.101.184.27","443","0","632","797736"
"42.268983","42.268983000","41.874922000","5840","52","10.0.0.2","40940","95.101.184.27","443","0","632","798224"
"42.269442","42.269442000","41.875381000","5841","296","95.101.184.27","443","10.0.0.2","40940","244","803348","632"
"42.269477","42.269477000","41.875416000","5842","296","95.101.184.27","443","10.0.0.2","40940","244","803592","632"
"42.269527","42.269527000","41.875466000","5843","296","95.101.184.27","443","10.0.0.2","40940","244","803836","632"
"42.269539","42.269539000","41.875478000","5844","296","95.101.184.27","443","10.0.0.2","40940","244","804080","632"
"42.269585","42.269585000","41.875524000","5845","296","95.101.184.27","443","10.0.0.2","40940","244","804324","632"
"42.269597","42.269597000","41.875536000","5846","296","95.101.184.27","443","10.0.0.2","40940","244","804568","632"
"42.330423","42.330423000","41.936362000","5847","52","10.0.0.2","40940","95.101.184.27","443","0","632","798468"
"42.330453","42.330453000","41.936392000","5848","52","10.0.0.2","40940","95.101.184.27","443","0","632","798956"
"42.330471","42.330471000","41.936410000","5849","52","10.0.0.2","40940","95.101.184.27","443","0","632","799688"
"42.331072","42.331072000","41.937011000","5850","296","95.101.184.27","443","10.0.0.2","40940","244","804812","632"
"42.331109","42.331109000","41.937048000","5851","296","95.101.184.27","443","10.0.0.2","40940","244","805056","632"
"42.331160","42.331160000","41.937099000","5852","296","95.101.184.27","443","10.0.0.2","40940","244","805300","632"
"42.331172","42.331172000","41.937111000","5853","296","95.101.184.27","443","10.0.0.2","40940","244","805544","632"
"42.331219","42.331219000","41.937158000","5854","296","95.101.184.27","443","10.0.0.2","40940","244","805788","632"
"42.331231","42.331231000","41.937170000","5855","296","95.101.184.27","443","10.0.0.2","40940","244","806032","632"
"42.393149","42.393149000","41.999088000","5856","52","10.0.0.2","40940","95.101.184.27","443","0","632","800176"
"42.393179","42.393179000","41.999118000","5857","52","10.0.0.2","40940","95.101.184.27","443","0","632","800908"
"42.393762","42.393762000","41.999701000","5858","296","95.101.184.27","443","10.0.0.2","40940","244","806276","632"
"42.393799","42.393799000","41.999738000","5859","296","95.101.184.27","443","10.0.0.2","40940","244","806520","632"
"42.393848","42.393848000","41.999787000","5860","296","95.101.184.27","443","10.0.0.2","40940","244","806764","632"
"42.393861","42.393861000","41.999800000","5861","296","95.101.184.27","443","10.0.0.2","40940","244","807008","632"
"42.393907","42.393907000","41.999846000","5862","296","95.101.184.27","443","10.0.0.2","40940","244","807252","632"
"42.393953","42.393953000","41.999892000","5863","296","95.101.184.27","443","10.0.0.2","40940","244","807496","632"
"42.455156","42.455156000","42.061095000","5864","52","10.0.0.2","40940","95.101.184.27","443","0","632","801396"
"42.455186","42.455186000","42.061125000","5865","52","10.0.0.2","40940","95.101.184.27","443","0","632","802128"
"42.455769","42.455769000","42.061708000","5866","296","95.101.184.27","443","10.0.0.2","40940","244","807740","632"
"42.455805","42.455805000","42.061744000","5867","296","95.101.184.27","443","10.0.0.2","40940","244","807984","632"
"42.455855","42.455855000","42.061794000","5868","296","95.101.184.27","443","10.0.0.2","40940","244","808228","632"
"42.455867","42.455867000","42.061806000","5869","296","95.101.184.27","443","10.0.0.2","40940","244","808472","632"
"42.455900","42.455900000","42.061839000","5870","296","95.101.184.27","443","10.0.0.2","40940","244","808716","632"
"42.518838","42.518838000","42.124777000","5871","52","10.0.0.2","40940","95.101.184.27","443","0","632","802616"
"42.518868","42.518868000","42.124807000","5872","52","10.0.0.2","40940","95.101.184.27","443","0","632","803348"
"42.519616","42.519616000","42.125555000","5873","296","95.101.184.27","443","10.0.0.2","40940","244","808960","632"
"42.519662","42.519662000","42.125601000","5874","296","95.101.184.27","443","10.0.0.2","40940","244","809204","632"
"42.519731","42.519731000","42.125670000","5875","296","95.101.184.27","443","10.0.0.2","40940","244","809448","632"
"42.519751","42.519751000","42.125690000","5876","296","95.101.184.27","443","10.0.0.2","40940","244","809692","632"
"42.519796","42.519796000","42.125735000","5877","296","95.101.184.27","443","10.0.0.2","40940","244","809936","632"
"42.580517","42.580517000","42.186456000","5878","52","10.0.0.2","40940","95.101.184.27","443","0","632","803836"
"42.580545","42.580545000","42.186484000","5879","52","10.0.0.2","40940","95.101.184.27","443","0","632","804568"
"42.581252","42.581252000","42.187191000","5880","296","95.101.184.27","443","10.0.0.2","40940","244","810180","632"
"42.581292","42.581292000","42.187231000","5881","296","95.101.184.27","443","10.0.0.2","40940","244","810424","632"
"42.581344","42.581344000","42.187283000","5882","296","95.101.184.27","443","10.0.0.2","40940","244","810668","632"
"42.581356","42.581356000","42.187295000","5883","296","95.101.184.27","443","10.0.0.2","40940","244","810912","632"
"42.581390","42.581390000","42.187329000","5884","296","95.101.184.27","443","10.0.0.2","40940","244","811156","632"
"42.643521","42.643521000","42.249460000","5885","52","10.0.0.2","40940","95.101.184.27","443","0","632","805056"
"42.643552","42.643552000","42.249491000","5886","52","10.0.0.2","40940","95.101.184.27","443","0","632","805788"
"42.644100","42.644100000","42.250039000","5887","296","95.101.184.27","443","10.0.0.2","40940","244","811400","632"
"42.644136","42.644136000","42.250075000","5888","296","95.101.184.27","443","10.0.0.2","40940","244","811644","632"
"42.644186","42.644186000","42.250125000","5889","296","95.101.184.27","443","10.0.0.2","40940","244","811888","632"
"42.644198","42.644198000","42.250137000","5890","296","95.101.184.27","443","10.0.0.2","40940","244","812132","632"
"42.644232","42.644232000","42.250171000","5891","296","95.101.184.27","443","10.0.0.2","40940","244","812376","632"
"42.705275","42.705275000","42.311214000","5892","52","10.0.0.2","40940","95.101.184.27","443","0","632","806276"
"42.705286","42.705286000","42.311225000","5893","52","10.0.0.2","40940","95.101.184.27","443","0","632","807008"
"42.705766","42.705766000","42.311705000","5894","296","95.101.184.27","443","10.0.0.2","40940","244","812620","632"
"42.705802","42.705802000","42.311741000","5895","296","95.101.184.27","443","10.0.0.2","40940","244","812864","632"
"42.705852","42.705852000","42.311791000","5896","296","95.101.184.27","443","10.0.0.2","40940","244","813108","632"
"42.705864","42.705864000","42.311803000","5897","296","95.101.184.27","443","10.0.0.2","40940","244","813352","632"
"42.705897","42.705897000","42.311836000","5898","296","95.101.184.27","443","10.0.0.2","40940","244","813596","632"
"42.768278","42.768278000","42.374217000","5899","52","10.0.0.2","40940","95.101.184.27","443","0","632","807496"
"42.768309","42.768309000","42.374248000","5900","52","10.0.0.2","40940","95.101.184.27","443","0","632","807496"
"42.768328","42.768328000","42.374267000","5901","52","10.0.0.2","40940","95.101.184.27","443","0","632","807496"
"42.768344","42.768344000","42.374283000","5902","52","10.0.0.2","40940","95.101.184.27","443","0","632","807496"
"42.768893","42.768893000","42.374832000","5903","296","95.101.184.27","443","10.0.0.2","40940","244","813840","632"
"42.768961","42.768961000","42.374900000","5904","296","95.101.184.27","443","10.0.0.2","40940","244","814084","632"
"42.769013","42.769013000","42.374952000","5905","296","95.101.184.27","443","10.0.0.2","40940","244","814328","632"
"42.769025","42.769025000","42.374964000","5906","296","95.101.184.27","443","10.0.0.2","40940","244","814572","632"
"42.769071","42.769071000","42.375010000","5907","296","95.101.184.27","443","10.0.0.2","40940","244","814816","632"
"42.769083","42.769083000","42.375022000","5908","296","95.101.184.27","443","10.0.0.2","40940","244","807496","632"
"42.830941","42.830941000","42.436880000","5909","52","10.0.0.2","40940","95.101.184.27","443","0","632","807496"
"42.830985","42.830985000","42.436924000","5910","52","10.0.0.2","40940","95.101.184.27","443","0","632","807496"
"42.831001","42.831001000","42.436940000","5911","52","10.0.0.2","40940","95.101.184.27","443","0","632","807496"
"42.831016","42.831016000","42.436955000","5912","52","10.0.0.2","40940","95.101.184.27","443","0","632","807496"
"42.831031","42.831031000","42.436970000","5913","52","10.0.0.2","40940","95.101.184.27","443","0","632","807496"
"42.831502","42.831502000","42.437441000","5914","296","95.101.184.27","443","10.0.0.2","40940","244","815060","632"
"42.831540","42.831540000","42.437479000","5915","296","95.101.184.27","443","10.0.0.2","40940","244","815304","632"
"42.831593","42.831593000","42.437532000","5916","296","95.101.184.27","443","10.0.0.2","40940","244","815548","632"
"42.831605","42.831605000","42.437544000","5917","296","95.101.184.27","443","10.0.0.2","40940","244","815792","632"
"42.893823","42.893823000","42.499762000","5918","52","10.0.0.2","40940","95.101.184.27","443","0","632","807496"
"42.893854","42.893854000","42.499793000","5919","52","10.0.0.2","40940","95.101.184.27","443","0","632","807496"
"42.893874","42.893874000","42.499813000","5920","52","10.0.0.2","40940","95.101.184.27","443","0","632","807496"
"42.893891","42.893891000","42.499830000","5921","52","10.0.0.2","40940","95.101.184.27","443","0","632","807496"
"42.893909","42.893909000","42.499848000","5922","52","10.0.0.2","40940","95.101.184.27","443","0","632","807496"
"42.894426","42.894426000","42.500365000","5923","296","95.101.184.27","443","10.0.0.2","40940","244","816036","632"
"42.894461","42.894461000","42.500400000","5924","296","95.101.184.27","443","10.0.0.2","40940","244","816280","632"
"42.894500","42.894500000","42.500439000","5925","296","95.101.184.27","443","10.0.0.2","40940","244","816524","632"
"42.955778","42.955778000","42.561717000","5926","52","10.0.0.2","40940","95.101.184.27","443","0","632","807496"
"42.955809","42.955809000","42.561748000","5927","52","10.0.0.2","40940","95.101.184.27","443","0","632","807496"
"42.955828","42.955828000","42.561767000","5928","52","10.0.0.2","40940","95.101.184.27","443","0","632","807496"
"42.955845","42.955845000","42.561784000","5929","52","10.0.0.2","40940","95.101.184.27","443","0","632","807496"
"42.955861","42.955861000","42.561800000","5930","52","10.0.0.2","40940","95.101.184.27","443","0","632","807496"
"42.956325","42.956325000","42.562264000","5931","296","95.101.184.27","443","10.0.0.2","40940","244","816768","632"
"42.956411","42.956411000","42.562350000","5932","296","95.101.184.27","443","10.0.0.2","40940","244","817012","632"
"42.956424","42.956424000","42.562363000","5933","296","95.101.184.27","443","10.0.0.2","40940","244","817256","632"
"42.956459","42.956459000","42.562398000","5934","296","95.101.184.27","443","10.0.0.2","40940","244","817500","632"
"43.018327","43.018327000","42.624266000","5935","52","10.0.0.2","40940","95.101.184.27","443","0","632","807496"
"43.018356","43.018356000","42.624295000","5936","52","10.0.0.2","40940","95.101.184.27","443","0","632","807496"
"43.018374","43.018374000","42.624313000","5937","52","10.0.0.2","40940","95.101.184.27","443","0","632","807496"
"43.018389","43.018389000","42.624328000","5938","52","10.0.0.2","40940","95.101.184.27","443","0","632","807496"
"43.018402","43.018402000","42.624341000","5939","52","10.0.0.2","40940","95.101.184.27","443","0","632","807496"
"43.018967","43.018967000","42.624906000","5940","296","95.101.184.27","443","10.0.0.2","40940","244","817744","632"
"43.019003","43.019003000","42.624942000","5941","296","95.101.184.27","443","10.0.0.2","40940","244","817988","632"
"43.019042","43.019042000","42.624981000","5942","296","95.101.184.27","443","10.0.0.2","40940","244","818232","632"
"43.080197","43.080197000","42.686136000","5943","52","10.0.0.2","40940","95.101.184.27","443","0","632","807496"
"43.080228","43.080228000","42.686167000","5944","52","10.0.0.2","40940","95.101.184.27","443","0","632","807496"
"43.080246","43.080246000","42.686185000","5945","52","10.0.0.2","40940","95.101.184.27","443","0","632","807496"
"43.080263","43.080263000","42.686202000","5946","52","10.0.0.2","40940","95.101.184.27","443","0","632","807496"
"43.080281","43.080281000","42.686220000","5947","52","10.0.0.2","40940","95.101.184.27","443","0","632","807496"
"43.080738","43.080738000","42.686677000","5948","296","95.101.184.27","443","10.0.0.2","40940","244","818476","632"
"43.080855","43.080855000","42.686794000","5949","296","95.101.184.27","443","10.0.0.2","40940","244","818720","632"
"43.080870","43.080870000","42.686809000","5950","296","95.101.184.27","443","10.0.0.2","40940","244","818964","632"
"43.143168","43.143168000","42.749107000","5951","52","10.0.0.2","40940","95.101.184.27","443","0","632","807496"
"43.143198","43.143198000","42.749137000","5952","52","10.0.0.2","40940","95.101.184.27","443","0","632","807496"
"43.143216","43.143216000","42.749155000","5953","52","10.0.0.2","40940","95.101.184.27","443","0","632","807496"
"43.143231","43.143231000","42.749170000","5954","52","10.0.0.2","40940","95.101.184.27","443","0","632","807496"
"43.143247","43.143247000","42.749186000","5955","52","10.0.0.2","40940","95.101.184.27","443","0","632","807496"
"43.143686","43.143686000","42.749625000","5956","296","95.101.184.27","443","10.0.0.2","40940","244","819208","632"
"43.143763","43.143763000","42.749702000","5957","296","95.101.184.27","443","10.0.0.2","40940","244","819452","632"
"43.143778","43.143778000","42.749717000","5958","296","95.101.184.27","443","10.0.0.2","40940","244","819696","632"
"43.143824","43.143824000","42.749763000","5959","296","95.101.184.27","443","10.0.0.2","40940","244","819940","632"
"43.143837","43.143837000","42.749776000","5960","296","95.101.184.27","443","10.0.0.2","40940","244","820184","632"
"43.205787","43.205787000","42.811726000","5961","52","10.0.0.2","40940","95.101.184.27","443","0","632","807496"
"43.205818","43.205818000","42.811757000","5962","52","10.0.0.2","40940","95.101.184.27","443","0","632","807496"
"43.205835","43.205835000","42.811774000","5963","52","10.0.0.2","40940","95.101.184.27","443","0","632","807496"
"43.205850","43.205850000","42.811789000","5964","52","10.0.0.2","40940","95.101.184.27","443","0","632","807496"
"43.205864","43.205864000","42.811803000","5965","52","10.0.0.2","40940","95.101.184.27","443","0","632","807496"
"43.206325","43.206325000","42.812264000","5966","296","95.101.184.27","443","10.0.0.2","40940","244","820428","632"
"43.206363","43.206363000","42.812302000","5967","296","95.101.184.27","443","10.0.0.2","40940","244","820672","632"
"43.206415","43.206415000","42.812354000","5968","296","95.101.184.27","443","10.0.0.2","40940","244","820916","632"
"43.206427","43.206427000","42.812366000","5969","296","95.101.184.27","443","10.0.0.2","40940","244","821160","632"
"43.206461","43.206461000","42.812400000","5970","296","95.101.184.27","443","10.0.0.2","40940","244","821404","632"
"43.268522","43.268522000","42.874461000","5971","52","10.0.0.2","40940","95.101.184.27","443","0","632","807496"
"43.268551","43.268551000","42.874490000","5972","52","10.0.0.2","40940","95.101.184.27","443","0","632","807496"
"43.268567","43.268567000","42.874506000","5973","52","10.0.0.2","40940","95.101.184.27","443","0","632","807496"
"43.268583","43.268583000","42.874522000","5974","52","10.0.0.2","40940","95.101.184.27","443","0","632","807496"
"43.268597","43.268597000","42.874536000","5975","52","10.0.0.2","40940","95.101.184.27","443","0","632","807496"
"43.269098","43.269098000","42.875037000","5976","296","95.101.184.27","443","10.0.0.2","40940","244","821648","632"
"43.269135","43.269135000","42.875074000","5977","296","95.101.184.27","443","10.0.0.2","40940","244","821892","632"
"43.269186","43.269186000","42.875125000","5978","296","95.101.184.27","443","10.0.0.2","40940","244","822136","632"
"43.269198","43.269198000","42.875137000","5979","296","95.101.184.27","443","10.0.0.2","40940","244","822380","632"
"43.269232","43.269232000","42.875171000","5980","296","95.101.184.27","443","10.0.0.2","40940","244","822624","632"
"43.309282","43.309282000","42.915221000","5981","296","95.101.184.27","443","10.0.0.2","40940","244","807496","632"
"43.330511","43.330511000","42.936450000","5982","52","10.0.0.2","40940","95.101.184.27","443","0","632","807496"
"43.330544","43.330544000","42.936483000","5983","52","10.0.0.2","40940","95.101.184.27","443","0","632","807496"
"43.330563","43.330563000","42.936502000","5984","52","10.0.0.2","40940","95.101.184.27","443","0","632","807496"
"43.330581","43.330581000","42.936520000","5985","52","10.0.0.2","40940","95.101.184.27","443","0","632","807496"
"43.330598","43.330598000","42.936537000","5986","52","10.0.0.2","40940","95.101.184.27","443","0","632","807496"
"43.393325","43.393325000","42.999264000","5987","52","10.0.0.2","40940","95.101.184.27","443","0","632","807496"
"43.393354","43.393354000","42.999293000","5988","52","10.0.0.2","40940","95.101.184.27","443","0","632","807496"
"43.393372","43.393372000","42.999311000","5989","52","10.0.0.2","40940","95.101.184.27","443","0","632","807496"
"43.393387","43.393387000","42.999326000","5990","52","10.0.0.2","40940","95.101.184.27","443","0","632","807496"
"43.393401","43.393401000","42.999340000","5991","52","10.0.0.2","40940","95.101.184.27","443","0","632","807496"
"43.456051","43.456051000","43.061990000","5992","52","10.0.0.2","40940","95.101.184.27","443","0","632","807496"
"43.456080","43.456080000","43.062019000","5993","52","10.0.0.2","40940","95.101.184.27","443","0","632","807496"
"43.456098","43.456098000","43.062037000","5994","52","10.0.0.2","40940","95.101.184.27","443","0","632","807496"
"43.456113","43.456113000","43.062052000","5995","52","10.0.0.2","40940","95.101.184.27","443","0","632","807496"
"43.456127","43.456127000","43.062066000","5996","52","10.0.0.2","40940","95.101.184.27","443","0","632","807496"
"43.518321","43.518321000","43.124260000","5997","52","10.0.0.2","40940","95.101.184.27","443","0","632","807496"
"43.518352","43.518352000","43.124291000","5998","52","10.0.0.2","40940","95.101.184.27","443","0","632","807496"
"43.518372","43.518372000","43.124311000","5999","52","10.0.0.2","40940","95.101.184.27","443","0","632","807496"
"43.518388","43.518388000","43.124327000","6000","52","10.0.0.2","40940","95.101.184.27","443","0","632","807496"
"43.518406","43.518406000","43.124345000","6001","52","10.0.0.2","40940","95.101.184.27","443","0","632","822868"
"43.519387","43.519387000","43.125326000","6002","296","95.101.184.27","443","10.0.0.2","40940","244","822868","632"
"43.519431","43.519431000","43.125370000","6003","296","95.101.184.27","443","10.0.0.2","40940","244","823112","632"
"43.519493","43.519493000","43.125432000","6004","296","95.101.184.27","443","10.0.0.2","40940","244","823356","632"
"43.519512","43.519512000","43.125451000","6005","296","95.101.184.27","443","10.0.0.2","40940","244","823600","632"
"43.519566","43.519566000","43.125505000","6006","296","95.101.184.27","443","10.0.0.2","40940","244","823844","632"
"43.519580","43.519580000","43.125519000","6007","296","95.101.184.27","443","10.0.0.2","40940","244","824088","632"
"43.519625","43.519625000","43.125564000","6008","296","95.101.184.27","443","10.0.0.2","40940","244","824332","632"
"43.519637","43.519637000","43.125576000","6009","296","95.101.184.27","443","10.0.0.2","40940","244","824576","632"
"43.519682","43.519682000","43.125621000","6010","296","95.101.184.27","443","10.0.0.2","40940","244","824820","632"
"43.519697","43.519697000","43.125636000","6011","296","95.101.184.27","443","10.0.0.2","40940","244","825064","632"
"43.519742","43.519742000","43.125681000","6012","296","95.101.184.27","443","10.0.0.2","40940","244","825308","632"
"43.519756","43.519756000","43.125695000","6013","296","95.101.184.27","443","10.0.0.2","40940","244","825552","632"
"43.519806","43.519806000","43.125745000","6014","296","95.101.184.27","443","10.0.0.2","40940","244","825796","632"
"43.519820","43.519820000","43.125759000","6015","296","95.101.184.27","443","10.0.0.2","40940","244","826040","632"
"43.519866","43.519866000","43.125805000","6016","296","95.101.184.27","443","10.0.0.2","40940","244","826284","632"
"43.519879","43.519879000","43.125818000","6017","296","95.101.184.27","443","10.0.0.2","40940","244","826528","632"
"43.519956","43.519956000","43.125895000","6018","296","95.101.184.27","443","10.0.0.2","40940","244","826772","632"
"43.519972","43.519972000","43.125911000","6019","296","95.101.184.27","443","10.0.0.2","40940","244","827016","632"
"43.520019","43.520019000","43.125958000","6020","296","95.101.184.27","443","10.0.0.2","40940","244","827260","632"
"43.520032","43.520032000","43.125971000","6021","296","95.101.184.27","443","10.0.0.2","40940","244","827504","632"
"43.520077","43.520077000","43.126016000","6022","296","95.101.184.27","443","10.0.0.2","40940","244","827748","632"
"43.520089","43.520089000","43.126028000","6023","296","95.101.184.27","443","10.0.0.2","40940","244","827992","632"
"43.705765","43.705765000","43.311704000","6024","52","10.0.0.2","40940","95.101.184.27","443","0","632","823112"
"43.705794","43.705794000","43.311733000","6025","52","10.0.0.2","40940","95.101.184.27","443","0","632","823356"
"43.705811","43.705811000","43.311750000","6026","52","10.0.0.2","40940","95.101.184.27","443","0","632","823600"
"43.705826","43.705826000","43.311765000","6027","52","10.0.0.2","40940","95.101.184.27","443","0","632","823844"
"43.705840","43.705840000","43.311779000","6028","52","10.0.0.2","40940","95.101.184.27","443","0","632","824088"
"43.706438","43.706438000","43.312377000","6029","296","95.101.184.27","443","10.0.0.2","40940","244","828236","632"
"43.706476","43.706476000","43.312415000","6030","296","95.101.184.27","443","10.0.0.2","40940","244","828480","632"
"43.706526","43.706526000","43.312465000","6031","296","95.101.184.27","443","10.0.0.2","40940","244","828724","632"
"43.706538","43.706538000","43.312477000","6032","296","95.101.184.27","443","10.0.0.2","40940","244","828968","632"
"43.706584","43.706584000","43.312523000","6033","296","95.101.184.27","443","10.0.0.2","40940","244","829212","632"
"43.706595","43.706595000","43.312534000","6034","296","95.101.184.27","443","10.0.0.2","40940","244","829456","632"
"43.706641","43.706641000","43.312580000","6035","296","95.101.184.27","443","10.0.0.2","40940","244","829700","632"
"43.706652","43.706652000","43.312591000","6036","296","95.101.184.27","443","10.0.0.2","40940","244","829944","632"
"43.706697","43.706697000","43.312636000","6037","296","95.101.184.27","443","10.0.0.2","40940","244","830188","632"
"43.706710","43.706710000","43.312649000","6038","296","95.101.184.27","443","10.0.0.2","40940","244","830432","632"
"43.706756","43.706756000","43.312695000","6039","296","95.101.184.27","443","10.0.0.2","40940","244","830676","632"
"43.706769","43.706769000","43.312708000","6040","296","95.101.184.27","443","10.0.0.2","40940","244","830920","632"
"43.768528","43.768528000","43.374467000","6041","52","10.0.0.2","40940","95.101.184.27","443","0","632","824332"
"43.768558","43.768558000","43.374497000","6042","52","10.0.0.2","40940","95.101.184.27","443","0","632","824576"
"43.768576","43.768576000","43.374515000","6043","52","10.0.0.2","40940","95.101.184.27","443","0","632","824820"
"43.768591","43.768591000","43.374530000","6044","52","10.0.0.2","40940","95.101.184.27","443","0","632","825064"
"43.768604","43.768604000","43.374543000","6045","52","10.0.0.2","40940","95.101.184.27","443","0","632","825308"
"43.769095","43.769095000","43.375034000","6046","296","95.101.184.27","443","10.0.0.2","40940","244","831164","632"
"43.769132","43.769132000","43.375071000","6047","296","95.101.184.27","443","10.0.0.2","40940","244","831408","632"
"43.769182","43.769182000","43.375121000","6048","296","95.101.184.27","443","10.0.0.2","40940","244","831652","632"
"43.769194","43.769194000","43.375133000","6049","296","95.101.184.27","443","10.0.0.2","40940","244","831896","632"
"43.769229","43.769229000","43.375168000","6050","296","95.101.184.27","443","10.0.0.2","40940","244","832140","632"
"43.830662","43.830662000","43.436601000","6051","52","10.0.0.2","40940","95.101.184.27","443","0","632","825552"
"43.830692","43.830692000","43.436631000","6052","52","10.0.0.2","40940","95.101.184.27","443","0","632","825796"
"43.830710","43.830710000","43.436649000","6053","52","10.0.0.2","40940","95.101.184.27","443","0","632","826040"
"43.830728","43.830728000","43.436667000","6054","52","10.0.0.2","40940","95.101.184.27","443","0","632","826284"
"43.830744","43.830744000","43.436683000","6055","52","10.0.0.2","40940","95.101.184.27","443","0","632","826528"
"43.831246","43.831246000","43.437185000","6056","296","95.101.184.27","443","10.0.0.2","40940","244","832384","632"
"43.831281","43.831281000","43.437220000","6057","296","95.101.184.27","443","10.0.0.2","40940","244","832628","632"
"43.831332","43.831332000","43.437271000","6058","296","95.101.184.27","443","10.0.0.2","40940","244","832872","632"
"43.831344","43.831344000","43.437283000","6059","296","95.101.184.27","443","10.0.0.2","40940","244","833116","632"
"43.831382","43.831382000","43.437321000","6060","296","95.101.184.27","443","10.0.0.2","40940","244","833360","632"
"43.893422","43.893422000","43.499361000","6061","52","10.0.0.2","40940","95.101.184.27","443","0","632","826772"
"43.893450","43.893450000","43.499389000","6062","52","10.0.0.2","40940","95.101.184.27","443","0","632","826772"
"43.893468","43.893468000","43.499407000","6063","52","10.0.0.2","40940","95.101.184.27","443","0","632","826772"
"43.893483","43.893483000","43.499422000","6064","52","10.0.0.2","40940","95.101.184.27","443","0","632","826772"
"43.894016","43.894016000","43.499955000","6065","296","95.101.184.27","443","10.0.0.2","40940","244","833604","632"
"43.894054","43.894054000","43.499993000","6066","296","95.101.184.27","443","10.0.0.2","40940","244","833848","632"
"43.894103","43.894103000","43.500042000","6067","296","95.101.184.27","443","10.0.0.2","40940","244","834092","632"
"43.894115","43.894115000","43.500054000","6068","296","95.101.184.27","443","10.0.0.2","40940","244","834336","632"
"43.894148","43.894148000","43.500087000","6069","296","95.101.184.27","443","10.0.0.2","40940","244","826772","632"
"43.955867","43.955867000","43.561806000","6070","52","10.0.0.2","40940","95.101.184.27","443","0","632","826772"
"43.955896","43.955896000","43.561835000","6071","52","10.0.0.2","40940","95.101.184.27","443","0","632","826772"
"43.955938","43.955938000","43.561877000","6072","52","10.0.0.2","40940","95.101.184.27","443","0","632","826772"
"43.955965","43.955965000","43.561904000","6073","52","10.0.0.2","40940","95.101.184.27","443","0","632","826772"
"43.955977","43.955977000","43.561916000","6074","52","10.0.0.2","40940","95.101.184.27","443","0","632","826772"
"43.956441","43.956441000","43.562380000","6075","296","95.101.184.27","443","10.0.0.2","40940","244","834580","632"
"43.956475","43.956475000","43.562414000","6076","296","95.101.184.27","443","10.0.0.2","40940","244","834824","632"
"43.956526","43.956526000","43.562465000","6077","296","95.101.184.27","443","10.0.0.2","40940","244","835068","632"
"43.956538","43.956538000","43.562477000","6078","296","95.101.184.27","443","10.0.0.2","40940","244","835312","632"
"44.018365","44.018365000","43.624304000","6079","52","10.0.0.2","40940","95.101.184.27","443","0","632","826772"
"44.018394","44.018394000","43.624333000","6080","52","10.0.0.2","40940","95.101.184.27","443","0","632","826772"
"44.018411","44.018411000","43.624350000","6081","52","10.0.0.2","40940","95.101.184.27","443","0","632","826772"
"44.018426","44.018426000","43.624365000","6082","52","10.0.0.2","40940","95.101.184.27","443","0","632","826772"
"44.018439","44.018439000","43.624378000","6083","52","10.0.0.2","40940","95.101.184.27","443","0","632","826772"
"44.018962","44.018962000","43.624901000","6084","296","95.101.184.27","443","10.0.0.2","40940","244","835556","632"
"44.018999","44.018999000","43.624938000","6085","296","95.101.184.27","443","10.0.0.2","40940","244","835800","632"
"44.019037","44.019037000","43.624976000","6086","296","95.101.184.27","443","10.0.0.2","40940","244","836044","632"
"44.080795","44.080795000","43.686734000","6087","52","10.0.0.2","40940","95.101.184.27","443","0","632","826772"
"44.080824","44.080824000","43.686763000","6088","52","10.0.0.2","40940","95.101.184.27","443","0","632","826772"
"44.080841","44.080841000","43.686780000","6089","52","10.0.0.2","40940","95.101.184.27","443","0","632","826772"
"44.080856","44.080856000","43.686795000","6090","52","10.0.0.2","40940","95.101.184.27","443","0","632","826772"
"44.080868","44.080868000","43.686807000","6091","52","10.0.0.2","40940","95.101.184.27","443","0","632","826772"
"44.081364","44.081364000","43.687303000","6092","296","95.101.184.27","443","10.0.0.2","40940","244","836288","632"
"44.081400","44.081400000","43.687339000","6093","296","95.101.184.27","443","10.0.0.2","40940","244","836532","632"
"44.081451","44.081451000","43.687390000","6094","296","95.101.184.27","443","10.0.0.2","40940","244","836776","632"
"44.081463","44.081463000","43.687402000","6095","296","95.101.184.27","443","10.0.0.2","40940","244","837020","632"
"44.143255","44.143255000","43.749194000","6096","52","10.0.0.2","40940","95.101.184.27","443","0","632","826772"
"44.143284","44.143284000","43.749223000","6097","52","10.0.0.2","40940","95.101.184.27","443","0","632","826772"
"44.143301","44.143301000","43.749240000","6098","52","10.0.0.2","40940","95.101.184.27","443","0","632","826772"
"44.143315","44.143315000","43.749254000","6099","52","10.0.0.2","40940","95.101.184.27","443","0","632","826772"
"44.143329","44.143329000","43.749268000","6100","52","10.0.0.2","40940","95.101.184.27","443","0","632","826772"
"44.143815","44.143815000","43.749754000","6101","296","95.101.184.27","443","10.0.0.2","40940","244","837264","632"
"44.143852","44.143852000","43.749791000","6102","296","95.101.184.27","443","10.0.0.2","40940","244","837508","632"
"44.143889","44.143889000","43.749828000","6103","296","95.101.184.27","443","10.0.0.2","40940","244","837752","632"
"44.205728","44.205728000","43.811667000","6104","52","10.0.0.2","40940","95.101.184.27","443","0","632","826772"
"44.205755","44.205755000","43.811694000","6105","52","10.0.0.2","40940","95.101.184.27","443","0","632","826772"
"44.205773","44.205773000","43.811712000","6106","52","10.0.0.2","40940","95.101.184.27","443","0","632","827016"
"44.205788","44.205788000","43.811727000","6107","52","10.0.0.2","40940","95.101.184.27","443","0","632","827016"
"44.205802","44.205802000","43.811741000","6108","52","10.0.0.2","40940","95.101.184.27","443","0","632","827016"
"44.206271","44.206271000","43.812210000","6109","296","95.101.184.27","443","10.0.0.2","40940","244","837996","632"
"44.206308","44.206308000","43.812247000","6110","296","95.101.184.27","443","10.0.0.2","40940","244","838240","632"
"44.206358","44.206358000","43.812297000","6111","296","95.101.184.27","443","10.0.0.2","40940","244","827016","632"
"44.206370","44.206370000","43.812309000","6112","296","95.101.184.27","443","10.0.0.2","40940","244","838484","632"
"44.268538","44.268538000","43.874477000","6113","52","10.0.0.2","40940","95.101.184.27","443","0","632","827016"
"44.268569","44.268569000","43.874508000","6114","52","10.0.0.2","40940","95.101.184.27","443","0","632","827016"
"44.268589","44.268589000","43.874528000","6115","52","10.0.0.2","40940","95.101.184.27","443","0","632","827016"
"44.268607","44.268607000","43.874546000","6116","52","10.0.0.2","40940","95.101.184.27","443","0","632","827016"
"44.268623","44.268623000","43.874562000","6117","52","10.0.0.2","40940","95.101.184.27","443","0","632","827016"
"44.269122","44.269122000","43.875061000","6118","296","95.101.184.27","443","10.0.0.2","40940","244","838728","632"
"44.269157","44.269157000","43.875096000","6119","296","95.101.184.27","443","10.0.0.2","40940","244","838972","632"
"44.269209","44.269209000","43.875148000","6120","296","95.101.184.27","443","10.0.0.2","40940","244","839216","632"
"44.269221","44.269221000","43.875160000","6121","296","95.101.184.27","443","10.0.0.2","40940","244","839460","632"
"44.269255","44.269255000","43.875194000","6122","296","95.101.184.27","443","10.0.0.2","40940","244","839704","632"
"44.330692","44.330692000","43.936631000","6123","52","10.0.0.2","40940","95.101.184.27","443","0","632","827016"
"44.330722","44.330722000","43.936661000","6124","52","10.0.0.2","40940","95.101.184.27","443","0","632","827016"
"44.330741","44.330741000","43.936680000","6125","52","10.0.0.2","40940","95.101.184.27","443","0","632","827016"
"44.330758","44.330758000","43.936697000","6126","52","10.0.0.2","40940","95.101.184.27","443","0","632","827016"
"44.330774","44.330774000","43.936713000","6127","52","10.0.0.2","40940","95.101.184.27","443","0","632","827016"
"44.331284","44.331284000","43.937223000","6128","296","95.101.184.27","443","10.0.0.2","40940","244","839948","632"
"44.331319","44.331319000","43.937258000","6129","296","95.101.184.27","443","10.0.0.2","40940","244","840192","632"
"44.331373","44.331373000","43.937312000","6130","296","95.101.184.27","443","10.0.0.2","40940","244","840436","632"
"44.331386","44.331386000","43.937325000","6131","296","95.101.184.27","443","10.0.0.2","40940","244","840680","632"
"44.331419","44.331419000","43.937358000","6132","296","95.101.184.27","443","10.0.0.2","40940","244","840924","632"
"44.393352","44.393352000","43.999291000","6133","52","10.0.0.2","40940","95.101.184.27","443","0","632","827016"
"44.393381","44.393381000","43.999320000","6134","52","10.0.0.2","40940","95.101.184.27","443","0","632","827016"
"44.393400","44.393400000","43.999339000","6135","52","10.0.0.2","40940","95.101.184.27","443","0","632","827016"
"44.393415","44.393415000","43.999354000","6136","52","10.0.0.2","40940","95.101.184.27","443","0","632","827016"
"44.393429","44.393429000","43.999368000","6137","52","10.0.0.2","40940","95.101.184.27","443","0","632","827260"
"44.393866","44.393866000","43.999805000","6138","296","95.101.184.27","443","10.0.0.2","40940","244","841168","632"
"44.393902","44.393902000","43.999841000","6139","296","95.101.184.27","443","10.0.0.2","40940","244","841412","632"
"44.393984","44.393984000","43.999923000","6140","296","95.101.184.27","443","10.0.0.2","40940","244","841656","632"
"44.393998","44.393998000","43.999937000","6141","296","95.101.184.27","443","10.0.0.2","40940","244","841900","632"
"44.394043","44.394043000","43.999982000","6142","296","95.101.184.27","443","10.0.0.2","40940","244","827260","632"
"44.394057","44.394057000","43.999996000","6143","296","95.101.184.27","443","10.0.0.2","40940","244","842144","632"
"44.455965","44.455965000","44.061904000","6144","52","10.0.0.2","40940","95.101.184.27","443","0","632","827260"
"44.456010","44.456010000","44.061949000","6145","52","10.0.0.2","40940","95.101.184.27","443","0","632","827260"
"44.456027","44.456027000","44.061966000","6146","52","10.0.0.2","40940","95.101.184.27","443","0","632","827260"
"44.456042","44.456042000","44.061981000","6147","52","10.0.0.2","40940","95.101.184.27","443","0","632","827260"
"44.456057","44.456057000","44.061996000","6148","52","10.0.0.2","40940","95.101.184.27","443","0","632","827260"
"44.456549","44.456549000","44.062488000","6149","296","95.101.184.27","443","10.0.0.2","40940","244","842388","632"
"44.456586","44.456586000","44.062525000","6150","296","95.101.184.27","443","10.0.0.2","40940","244","842632","632"
"44.456636","44.456636000","44.062575000","6151","296","95.101.184.27","443","10.0.0.2","40940","244","842876","632"
"44.456648","44.456648000","44.062587000","6152","296","95.101.184.27","443","10.0.0.2","40940","244","843120","632"
"44.456682","44.456682000","44.062621000","6153","296","95.101.184.27","443","10.0.0.2","40940","244","843364","632"
"44.518347","44.518347000","44.124286000","6154","52","10.0.0.2","40940","95.101.184.27","443","0","632","827260"
"44.518378","44.518378000","44.124317000","6155","52","10.0.0.2","40940","95.101.184.27","443","0","632","827260"
"44.518396","44.518396000","44.124335000","6156","52","10.0.0.2","40940","95.101.184.27","443","0","632","827260"
"44.518410","44.518410000","44.124349000","6157","52","10.0.0.2","40940","95.101.184.27","443","0","632","827260"
"44.518424","44.518424000","44.124363000","6158","52","10.0.0.2","40940","95.101.184.27","443","0","632","827260"
"44.518931","44.518931000","44.124870000","6159","296","95.101.184.27","443","10.0.0.2","40940","244","843608","632"
"44.518988","44.518988000","44.124927000","6160","296","95.101.184.27","443","10.0.0.2","40940","244","843852","632"
"44.519043","44.519043000","44.124982000","6161","296","95.101.184.27","443","10.0.0.2","40940","244","844096","632"
"44.519055","44.519055000","44.124994000","6162","296","95.101.184.27","443","10.0.0.2","40940","244","844340","632"
"44.519090","44.519090000","44.125029000","6163","296","95.101.184.27","443","10.0.0.2","40940","244","844584","632"
"44.580699","44.580699000","44.186638000","6164","52","10.0.0.2","40940","95.101.184.27","443","0","632","827260"
"44.580728","44.580728000","44.186667000","6165","52","10.0.0.2","40940","95.101.184.27","443","0","632","827260"
"44.580745","44.580745000","44.186684000","6166","52","10.0.0.2","40940","95.101.184.27","443","0","632","827260"
"44.580760","44.580760000","44.186699000","6167","52","10.0.0.2","40940","95.101.184.27","443","0","632","827260"
"44.580771","44.580771000","44.186710000","6168","52","10.0.0.2","40940","95.101.184.27","443","0","632","827260"
"44.581170","44.581170000","44.187109000","6169","296","95.101.184.27","443","10.0.0.2","40940","244","844828","632"
"44.581280","44.581280000","44.187219000","6170","296","95.101.184.27","443","10.0.0.2","40940","244","845072","632"
"44.581295","44.581295000","44.187234000","6171","296","95.101.184.27","443","10.0.0.2","40940","244","845316","632"
"44.581342","44.581342000","44.187281000","6172","296","95.101.184.27","443","10.0.0.2","40940","244","845560","632"
"44.581357","44.581357000","44.187296000","6173","296","95.101.184.27","443","10.0.0.2","40940","244","845804","632"
"44.643344","44.643344000","44.249283000","6174","52","10.0.0.2","40940","95.101.184.27","443","0","632","827504"
"44.643372","44.643372000","44.249311000","6175","52","10.0.0.2","40940","95.101.184.27","443","0","632","827504"
"44.643390","44.643390000","44.249329000","6176","52","10.0.0.2","40940","95.101.184.27","443","0","632","827504"
"44.643405","44.643405000","44.249344000","6177","52","10.0.0.2","40940","95.101.184.27","443","0","632","827504"
"44.643418","44.643418000","44.249357000","6178","52","10.0.0.2","40940","95.101.184.27","443","0","632","827504"
"44.643889","44.643889000","44.249828000","6179","296","95.101.184.27","443","10.0.0.2","40940","244","827504","632"
"44.643955","44.643955000","44.249894000","6180","296","95.101.184.27","443","10.0.0.2","40940","244","846048","632"
"44.644010","44.644010000","44.249949000","6181","296","95.101.184.27","443","10.0.0.2","40940","244","846292","632"
"44.644022","44.644022000","44.249961000","6182","296","95.101.184.27","443","10.0.0.2","40940","244","846536","632"
"44.644070","44.644070000","44.250009000","6183","296","95.101.184.27","443","10.0.0.2","40940","244","846780","632"
"44.644081","44.644081000","44.250020000","6184","296","95.101.184.27","443","10.0.0.2","40940","244","847024","632"
"44.705727","44.705727000","44.311666000","6185","52","10.0.0.2","40940","95.101.184.27","443","0","632","827504"
"44.705754","44.705754000","44.311693000","6186","52","10.0.0.2","40940","95.101.184.27","443","0","632","827504"
"44.705772","44.705772000","44.311711000","6187","52","10.0.0.2","40940","95.101.184.27","443","0","632","827504"
"44.705787","44.705787000","44.311726000","6188","52","10.0.0.2","40940","95.101.184.27","443","0","632","827504"
"44.705799","44.705799000","44.311738000","6189","52","10.0.0.2","40940","95.101.184.27","443","0","632","827504"
"44.706272","44.706272000","44.312211000","6190","296","95.101.184.27","443","10.0.0.2","40940","244","847268","632"
"44.706307","44.706307000","44.312246000","6191","296","95.101.184.27","443","10.0.0.2","40940","244","847512","632"
"44.706359","44.706359000","44.312298000","6192","296","95.101.184.27","443","10.0.0.2","40940","244","847756","632"
"44.706371","44.706371000","44.312310000","6193","296","95.101.184.27","443","10.0.0.2","40940","244","848000","632"
"44.706404","44.706404000","44.312343000","6194","296","95.101.184.27","443","10.0.0.2","40940","244","848244","632"
"44.768509","44.768509000","44.374448000","6195","52","10.0.0.2","40940","95.101.184.27","443","0","632","827504"
"44.768538","44.768538000","44.374477000","6196","52","10.0.0.2","40940","95.101.184.27","443","0","632","827504"
"44.768554","44.768554000","44.374493000","6197","52","10.0.0.2","40940","95.101.184.27","443","0","632","827504"
"44.768571","44.768571000","44.374510000","6198","52","10.0.0.2","40940","95.101.184.27","443","0","632","827504"
"44.768585","44.768585000","44.374524000","6199","52","10.0.0.2","40940","95.101.184.27","443","0","632","827504"
"44.769037","44.769037000","44.374976000","6200","296","95.101.184.27","443","10.0.0.2","40940","244","848488","632"
"44.769075","44.769075000","44.375014000","6201","296","95.101.184.27","443","10.0.0.2","40940","244","848732","632"
"44.769127","44.769127000","44.375066000","6202","296","95.101.184.27","443","10.0.0.2","40940","244","848976","632"
"44.769139","44.769139000","44.375078000","6203","296","95.101.184.27","443","10.0.0.2","40940","244","849220","632"
"44.769172","44.769172000","44.375111000","6204","296","95.101.184.27","443","10.0.0.2","40940","244","849464","632"
"44.830731","44.830731000","44.436670000","6205","52","10.0.0.2","40940","95.101.184.27","443","0","632","827504"
"44.830761","44.830761000","44.436700000","6206","52","10.0.0.2","40940","95.101.184.27","443","0","632","827504"
"44.830778","44.830778000","44.436717000","6207","52","10.0.0.2","40940","95.101.184.27","443","0","632","827748"
"44.830793","44.830793000","44.436732000","6208","52","10.0.0.2","40940","95.101.184.27","443","0","632","827748"
"44.830805","44.830805000","44.436744000","6209","52","10.0.0.2","40940","95.101.184.27","443","0","632","827748"
"44.831333","44.831333000","44.437272000","6210","296","95.101.184.27","443","10.0.0.2","40940","244","849708","632"
"44.831368","44.831368000","44.437307000","6211","296","95.101.184.27","443","10.0.0.2","40940","244","849952","632"
"44.831418","44.831418000","44.437357000","6212","296","95.101.184.27","443","10.0.0.2","40940","244","827748","632"
"44.831430","44.831430000","44.437369000","6213","296","95.101.184.27","443","10.0.0.2","40940","244","850196","632"
"44.831475","44.831475000","44.437414000","6214","296","95.101.184.27","443","10.0.0.2","40940","244","850440","632"
"44.831487","44.831487000","44.437426000","6215","296","95.101.184.27","443","10.0.0.2","40940","244","850684","632"
"44.893449","44.893449000","44.499388000","6216","52","10.0.0.2","40940","95.101.184.27","443","0","632","827748"
"44.893479","44.893479000","44.499418000","6217","52","10.0.0.2","40940","95.101.184.27","443","0","632","827748"
"44.893498","44.893498000","44.499437000","6218","52","10.0.0.2","40940","95.101.184.27","443","0","632","827748"
"44.893512","44.893512000","44.499451000","6219","52","10.0.0.2","40940","95.101.184.27","443","0","632","827748"
"44.893526","44.893526000","44.499465000","6220","52","10.0.0.2","40940","95.101.184.27","443","0","632","827748"
"44.894042","44.894042000","44.499981000","6221","296","95.101.184.27","443","10.0.0.2","40940","244","850928","632"
"44.894079","44.894079000","44.500018000","6222","296","95.101.184.27","443","10.0.0.2","40940","244","851172","632"
"44.894133","44.894133000","44.500072000","6223","296","95.101.184.27","443","10.0.0.2","40940","244","851416","632"
"44.894145","44.894145000","44.500084000","6224","296","95.101.184.27","443","10.0.0.2","40940","244","851660","632"
"44.894180","44.894180000","44.500119000","6225","296","95.101.184.27","443","10.0.0.2","40940","244","851904","632"
"44.955830","44.955830000","44.561769000","6226","52","10.0.0.2","40940","95.101.184.27","443","0","632","827748"
"44.955856","44.955856000","44.561795000","6227","52","10.0.0.2","40940","95.101.184.27","443","0","632","827748"
"44.955874","44.955874000","44.561813000","6228","52","10.0.0.2","40940","95.101.184.27","443","0","632","827748"
"44.955889","44.955889000","44.561828000","6229","52","10.0.0.2","40940","95.101.184.27","443","0","632","827748"
"44.955902","44.955902000","44.561841000","6230","52","10.0.0.2","40940","95.101.184.27","443","0","632","827748"
"44.956407","44.956407000","44.562346000","6231","296","95.101.184.27","443","10.0.0.2","40940","244","852148","632"
"44.956443","44.956443000","44.562382000","6232","296","95.101.184.27","443","10.0.0.2","40940","244","852392","632"
"44.956493","44.956493000","44.562432000","6233","296","95.101.184.27","443","10.0.0.2","40940","244","852636","632"
"44.956505","44.956505000","44.562444000","6234","296","95.101.184.27","443","10.0.0.2","40940","244","852880","632"
"44.956538","44.956538000","44.562477000","6235","296","95.101.184.27","443","10.0.0.2","40940","244","853124","632"
"45.018232","45.018232000","44.624171000","6236","52","10.0.0.2","40940","95.101.184.27","443","0","632","827748"
"45.018261","45.018261000","44.624200000","6237","52","10.0.0.2","40940","95.101.184.27","443","0","632","827748"
"45.018280","45.018280000","44.624219000","6238","52","10.0.0.2","40940","95.101.184.27","443","0","632","827748"
"45.018294","45.018294000","44.624233000","6239","52","10.0.0.2","40940","95.101.184.27","443","0","632","827748"
"45.018308","45.018308000","44.624247000","6240","52","10.0.0.2","40940","95.101.184.27","443","0","632","827748"
"45.018820","45.018820000","44.624759000","6241","296","95.101.184.27","443","10.0.0.2","40940","244","853368","632"
"45.018852","45.018852000","44.624791000","6242","296","95.101.184.27","443","10.0.0.2","40940","244","853612","632"
"45.018905","45.018905000","44.624844000","6243","296","95.101.184.27","443","10.0.0.2","40940","244","853856","632"
"45.018949","45.018949000","44.624888000","6244","296","95.101.184.27","443","10.0.0.2","40940","244","854100","632"
"45.018987","45.018987000","44.624926000","6245","296","95.101.184.27","443","10.0.0.2","40940","244","854344","632"
"45.080867","45.080867000","44.686806000","6246","52","10.0.0.2","40940","95.101.184.27","443","0","632","827992"
"45.080894","45.080894000","44.686833000","6247","52","10.0.0.2","40940","95.101.184.27","443","0","632","827992"
"45.080937","45.080937000","44.686876000","6248","52","10.0.0.2","40940","95.101.184.27","443","0","632","827992"
"45.080974","45.080974000","44.686913000","6249","52","10.0.0.2","40940","95.101.184.27","443","0","632","827992"
"45.080993","45.080993000","44.686932000","6250","52","10.0.0.2","40940","95.101.184.27","443","0","632","827992"
"45.081401","45.081401000","44.687340000","6251","296","95.101.184.27","443","10.0.0.2","40940","244","827992","632"
"45.081438","45.081438000","44.687377000","6252","296","95.101.184.27","443","10.0.0.2","40940","244","854588","632"
"45.081488","45.081488000","44.687427000","6253","296","95.101.184.27","443","10.0.0.2","40940","244","854832","632"
"45.081500","45.081500000","44.687439000","6254","296","95.101.184.27","443","10.0.0.2","40940","244","855076","632"
"45.081548","45.081548000","44.687487000","6255","296","95.101.184.27","443","10.0.0.2","40940","244","855320","632"
"45.081559","45.081559000","44.687498000","6256","296","95.101.184.27","443","10.0.0.2","40940","244","855564","632"
"45.143213","45.143213000","44.749152000","6257","52","10.0.0.2","40940","95.101.184.27","443","0","632","827992"
"45.143243","45.143243000","44.749182000","6258","52","10.0.0.2","40940","95.101.184.27","443","0","632","827992"
"45.143260","45.143260000","44.749199000","6259","52","10.0.0.2","40940","95.101.184.27","443","0","632","827992"
"45.143275","45.143275000","44.749214000","6260","52","10.0.0.2","40940","95.101.184.27","443","0","632","827992"
"45.143288","45.143288000","44.749227000","6261","52","10.0.0.2","40940","95.101.184.27","443","0","632","827992"
"45.143811","45.143811000","44.749750000","6262","296","95.101.184.27","443","10.0.0.2","40940","244","855808","632"
"45.143843","45.143843000","44.749782000","6263","296","95.101.184.27","443","10.0.0.2","40940","244","856052","632"
"45.143894","45.143894000","44.749833000","6264","296","95.101.184.27","443","10.0.0.2","40940","244","856296","632"
"45.143906","45.143906000","44.749845000","6265","296","95.101.184.27","443","10.0.0.2","40940","244","856540","632"
"45.143973","45.143973000","44.749912000","6266","296","95.101.184.27","443","10.0.0.2","40940","244","856784","632"
"45.205864","45.205864000","44.811803000","6267","52","10.0.0.2","40940","95.101.184.27","443","0","632","827992"
"45.205892","45.205892000","44.811831000","6268","52","10.0.0.2","40940","95.101.184.27","443","0","632","827992"
"45.205909","45.205909000","44.811848000","6269","52","10.0.0.2","40940","95.101.184.27","443","0","632","827992"
"45.205962","45.205962000","44.811901000","6270","52","10.0.0.2","40940","95.101.184.27","443","0","632","827992"
"45.205980","45.205980000","44.811919000","6271","52","10.0.0.2","40940","95.101.184.27","443","0","632","827992"
"45.268223","45.268223000","44.874162000","6272","52","10.0.0.2","40940","95.101.184.27","443","0","632","827992"
"45.268253","45.268253000","44.874192000","6273","52","10.0.0.2","40940","95.101.184.27","443","0","632","827992"
"45.268271","45.268271000","44.874210000","6274","52","10.0.0.2","40940","95.101.184.27","443","0","632","827992"
"45.268285","45.268285000","44.874224000","6275","52","10.0.0.2","40940","95.101.184.27","443","0","632","827992"
"45.268299","45.268299000","44.874238000","6276","52","10.0.0.2","40940","95.101.184.27","443","0","632","854588"
"45.269142","45.269142000","44.875081000","6277","296","95.101.184.27","443","10.0.0.2","40940","244","857028","632"
"45.269177","45.269177000","44.875116000","6278","296","95.101.184.27","443","10.0.0.2","40940","244","857272","632"
"45.269229","45.269229000","44.875168000","6279","296","95.101.184.27","443","10.0.0.2","40940","244","857516","632"
"45.269241","45.269241000","44.875180000","6280","296","95.101.184.27","443","10.0.0.2","40940","244","857760","632"
"45.269287","45.269287000","44.875226000","6281","296","95.101.184.27","443","10.0.0.2","40940","244","858004","632"
"45.269299","45.269299000","44.875238000","6282","296","95.101.184.27","443","10.0.0.2","40940","244","858248","632"
"45.269343","45.269343000","44.875282000","6283","296","95.101.184.27","443","10.0.0.2","40940","244","858492","632"
"45.269355","45.269355000","44.875294000","6284","296","95.101.184.27","443","10.0.0.2","40940","244","858736","632"
"45.269400","45.269400000","44.875339000","6285","296","95.101.184.27","443","10.0.0.2","40940","244","858980","632"
"45.269415","45.269415000","44.875354000","6286","296","95.101.184.27","443","10.0.0.2","40940","244","859224","632"
"45.269452","45.269452000","44.875391000","6287","296","95.101.184.27","443","10.0.0.2","40940","244","859468","632"
"45.330453","45.330453000","44.936392000","6288","52","10.0.0.2","40940","95.101.184.27","443","0","632","855076"
"45.330482","45.330482000","44.936421000","6289","52","10.0.0.2","40940","95.101.184.27","443","0","632","855808"
"45.331081","45.331081000","44.937020000","6290","296","95.101.184.27","443","10.0.0.2","40940","244","859712","632"
"45.331117","45.331117000","44.937056000","6291","296","95.101.184.27","443","10.0.0.2","40940","244","859956","632"
"45.331167","45.331167000","44.937106000","6292","296","95.101.184.27","443","10.0.0.2","40940","244","860200","632"
"45.331179","45.331179000","44.937118000","6293","296","95.101.184.27","443","10.0.0.2","40940","244","860444","632"
"45.331228","45.331228000","44.937167000","6294","296","95.101.184.27","443","10.0.0.2","40940","244","860688","632"
"45.331239","45.331239000","44.937178000","6295","296","95.101.184.27","443","10.0.0.2","40940","244","860932","632"
"45.393775","45.393775000","44.999714000","6296","52","10.0.0.2","40940","95.101.184.27","443","0","632","856296"
"45.393804","45.393804000","44.999743000","6297","52","10.0.0.2","40940","95.101.184.27","443","0","632","857028"
"45.394379","45.394379000","45.000318000","6298","296","95.101.184.27","443","10.0.0.2","40940","244","861176","632"
"45.394415","45.394415000","45.000354000","6299","296","95.101.184.27","443","10.0.0.2","40940","244","861420","632"
"45.394465","45.394465000","45.000404000","6300","296","95.101.184.27","443","10.0.0.2","40940","244","861664","632"
"45.394477","45.394477000","45.000416000","6301","296","95.101.184.27","443","10.0.0.2","40940","244","861908","632"
"45.394511","45.394511000","45.000450000","6302","296","95.101.184.27","443","10.0.0.2","40940","244","862152","632"
"45.455288","45.455288000","45.061227000","6303","52","10.0.0.2","40940","95.101.184.27","443","0","632","857516"
"45.455317","45.455317000","45.061256000","6304","52","10.0.0.2","40940","95.101.184.27","443","0","632","858248"
"45.455824","45.455824000","45.061763000","6305","296","95.101.184.27","443","10.0.0.2","40940","244","862396","632"
"45.455870","45.455870000","45.061809000","6306","296","95.101.184.27","443","10.0.0.2","40940","244","862640","632"
"45.455952","45.455952000","45.061891000","6307","296","95.101.184.27","443","10.0.0.2","40940","244","862884","632"
"45.455968","45.455968000","45.061907000","6308","296","95.101.184.27","443","10.0.0.2","40940","244","863128","632"
"45.456015","45.456015000","45.061954000","6309","296","95.101.184.27","443","10.0.0.2","40940","244","863372","632"
"45.456029","45.456029000","45.061968000","6310","296","95.101.184.27","443","10.0.0.2","40940","244","863616","632"
"45.518818","45.518818000","45.124757000","6311","52","10.0.0.2","40940","95.101.184.27","443","0","632","858736"
"45.518847","45.518847000","45.124786000","6312","52","10.0.0.2","40940","95.101.184.27","443","0","632","859468"
"45.519617","45.519617000","45.125556000","6313","296","95.101.184.27","443","10.0.0.2","40940","244","863860","632"
"45.519662","45.519662000","45.125601000","6314","296","95.101.184.27","443","10.0.0.2","40940","244","864104","632"
"45.519725","45.519725000","45.125664000","6315","296","95.101.184.27","443","10.0.0.2","40940","244","864348","632"
"45.519744","45.519744000","45.125683000","6316","296","95.101.184.27","443","10.0.0.2","40940","244","864592","632"
"45.519791","45.519791000","45.125730000","6317","296","95.101.184.27","443","10.0.0.2","40940","244","864836","632"
"45.580243","45.580243000","45.186182000","6318","52","10.0.0.2","40940","95.101.184.27","443","0","632","859956"
"45.580273","45.580273000","45.186212000","6319","52","10.0.0.2","40940","95.101.184.27","443","0","632","860688"
"45.580892","45.580892000","45.186831000","6320","296","95.101.184.27","443","10.0.0.2","40940","244","865080","632"
"45.580972","45.580972000","45.186911000","6321","296","95.101.184.27","443","10.0.0.2","40940","244","865324","632"
"45.581048","45.581048000","45.186987000","6322","296","95.101.184.27","443","10.0.0.2","40940","244","865568","632"
"45.581068","45.581068000","45.187007000","6323","296","95.101.184.27","443","10.0.0.2","40940","244","865812","632"
"45.581121","45.581121000","45.187060000","6324","296","95.101.184.27","443","10.0.0.2","40940","244","866056","632"
"45.581133","45.581133000","45.187072000","6325","296","95.101.184.27","443","10.0.0.2","40940","244","866300","632"
"45.643588","45.643588000","45.249527000","6326","52","10.0.0.2","40940","95.101.184.27","443","0","632","861176"
"45.643618","45.643618000","45.249557000","6327","52","10.0.0.2","40940","95.101.184.27","443","0","632","861908"
"45.644192","45.644192000","45.250131000","6328","296","95.101.184.27","443","10.0.0.2","40940","244","866544","632"
"45.644227","45.644227000","45.250166000","6329","296","95.101.184.27","443","10.0.0.2","40940","244","866788","632"
"45.644277","45.644277000","45.250216000","6330","296","95.101.184.27","443","10.0.0.2","40940","244","867032","632"
"45.644289","45.644289000","45.250228000","6331","296","95.101.184.27","443","10.0.0.2","40940","244","867276","632"
"45.644323","45.644323000","45.250262000","6332","296","95.101.184.27","443","10.0.0.2","40940","244","867520","632"
"45.705269","45.705269000","45.311208000","6333","52","10.0.0.2","40940","95.101.184.27","443","0","632","862396"
"45.705300","45.705300000","45.311239000","6334","52","10.0.0.2","40940","95.101.184.27","443","0","632","863128"
"45.705869","45.705869000","45.311808000","6335","296","95.101.184.27","443","10.0.0.2","40940","244","867764","632"
"45.705905","45.705905000","45.311844000","6336","296","95.101.184.27","443","10.0.0.2","40940","244","868008","632"
"45.705986","45.705986000","45.311925000","6337","296","95.101.184.27","443","10.0.0.2","40940","244","868252","632"
"45.706001","45.706001000","45.311940000","6338","296","95.101.184.27","443","10.0.0.2","40940","244","868496","632"
"45.706048","45.706048000","45.311987000","6339","296","95.101.184.27","443","10.0.0.2","40940","244","868740","632"
"45.706070","45.706070000","45.312009000","6340","296","95.101.184.27","443","10.0.0.2","40940","244","868984","632"
"45.768740","45.768740000","45.374679000","6341","52","10.0.0.2","40940","95.101.184.27","443","0","632","863616"
"45.768767","45.768767000","45.374706000","6342","52","10.0.0.2","40940","95.101.184.27","443","0","632","864348"
"45.769320","45.769320000","45.375259000","6343","296","95.101.184.27","443","10.0.0.2","40940","244","869228","632"
"45.769356","45.769356000","45.375295000","6344","296","95.101.184.27","443","10.0.0.2","40940","244","869472","632"
"45.769407","45.769407000","45.375346000","6345","296","95.101.184.27","443","10.0.0.2","40940","244","869716","632"
"45.769419","45.769419000","45.375358000","6346","296","95.101.184.27","443","10.0.0.2","40940","244","869960","632"
"45.769452","45.769452000","45.375391000","6347","296","95.101.184.27","443","10.0.0.2","40940","244","870204","632"
"45.830876","45.830876000","45.436815000","6348","52","10.0.0.2","40940","95.101.184.27","443","0","632","864836"
"45.830908","45.830908000","45.436847000","6349","52","10.0.0.2","40940","95.101.184.27","443","0","632","865568"
"45.831459","45.831459000","45.437398000","6350","296","95.101.184.27","443","10.0.0.2","40940","244","870448","632"
"45.831495","45.831495000","45.437434000","6351","296","95.101.184.27","443","10.0.0.2","40940","244","870692","632"
"45.831546","45.831546000","45.437485000","6352","296","95.101.184.27","443","10.0.0.2","40940","244","870936","632"
"45.831558","45.831558000","45.437497000","6353","296","95.101.184.27","443","10.0.0.2","40940","244","871180","632"
"45.831604","45.831604000","45.437543000","6354","296","95.101.184.27","443","10.0.0.2","40940","244","871424","632"
"45.831616","45.831616000","45.437555000","6355","296","95.101.184.27","443","10.0.0.2","40940","244","871668","632"
"45.893660","45.893660000","45.499599000","6356","52","10.0.0.2","40940","95.101.184.27","443","0","632","866056"
"45.893689","45.893689000","45.499628000","6357","52","10.0.0.2","40940","95.101.184.27","443","0","632","866788"
"45.894291","45.894291000","45.500230000","6358","296","95.101.184.27","443","10.0.0.2","40940","244","871912","632"
"45.894327","45.894327000","45.500266000","6359","296","95.101.184.27","443","10.0.0.2","40940","244","872156","632"
"45.894380","45.894380000","45.500319000","6360","296","95.101.184.27","443","10.0.0.2","40940","244","872400","632"
"45.894392","45.894392000","45.500331000","6361","296","95.101.184.27","443","10.0.0.2","40940","244","872644","632"
"45.894427","45.894427000","45.500366000","6362","296","95.101.184.27","443","10.0.0.2","40940","244","872888","632"
"45.956031","45.956031000","45.561970000","6363","52","10.0.0.2","40940","95.101.184.27","443","0","632","867276"
"45.956058","45.956058000","45.561997000","6364","52","10.0.0.2","40940","95.101.184.27","443","0","632","868008"
"45.956590","45.956590000","45.562529000","6365","296","95.101.184.27","443","10.0.0.2","40940","244","873132","632"
"45.956624","45.956624000","45.562563000","6366","296","95.101.184.27","443","10.0.0.2","40940","244","873376","632"
"45.956674","45.956674000","45.562613000","6367","296","95.101.184.27","443","10.0.0.2","40940","244","873620","632"
"45.956686","45.956686000","45.562625000","6368","296","95.101.184.27","443","10.0.0.2","40940","244","873864","632"
"45.956719","45.956719000","45.562658000","6369","296","95.101.184.27","443","10.0.0.2","40940","244","874108","632"
"46.018299","46.018299000","45.624238000","6370","52","10.0.0.2","40940","95.101.184.27","443","0","632","868496"
"46.018328","46.018328000","45.624267000","6371","52","10.0.0.2","40940","95.101.184.27","443","0","632","869228"
"46.019026","46.019026000","45.624965000","6372","296","95.101.184.27","443","10.0.0.2","40940","244","874352","632"
"46.019070","46.019070000","45.625009000","6373","296","95.101.184.27","443","10.0.0.2","40940","244","874596","632"
"46.019128","46.019128000","45.625067000","6374","296","95.101.184.27","443","10.0.0.2","40940","244","874840","632"
"46.019140","46.019140000","45.625079000","6375","296","95.101.184.27","443","10.0.0.2","40940","244","875084","632"
"46.019186","46.019186000","45.625125000","6376","296","95.101.184.27","443","10.0.0.2","40940","244","875328","632"
"46.019199","46.019199000","45.625138000","6377","296","95.101.184.27","443","10.0.0.2","40940","244","875572","632"
"46.080265","46.080265000","45.686204000","6378","52","10.0.0.2","40940","95.101.184.27","443","0","632","869716"
"46.080295","46.080295000","45.686234000","6379","52","10.0.0.2","40940","95.101.184.27","443","0","632","870448"
"46.080876","46.080876000","45.686815000","6380","296","95.101.184.27","443","10.0.0.2","40940","244","875816","632"
"46.080933","46.080933000","45.686872000","6381","296","95.101.184.27","443","10.0.0.2","40940","244","876060","632"
"46.081004","46.081004000","45.686943000","6382","296","95.101.184.27","443","10.0.0.2","40940","244","876304","632"
"46.081017","46.081017000","45.686956000","6383","296","95.101.184.27","443","10.0.0.2","40940","244","876548","632"
"46.081051","46.081051000","45.686990000","6384","296","95.101.184.27","443","10.0.0.2","40940","244","876792","632"
"46.143289","46.143289000","45.749228000","6385","52","10.0.0.2","40940","95.101.184.27","443","0","632","870936"
"46.143319","46.143319000","45.749258000","6386","52","10.0.0.2","40940","95.101.184.27","443","0","632","871668"
"46.143835","46.143835000","45.749774000","6387","296","95.101.184.27","443","10.0.0.2","40940","244","877036","632"
"46.143871","46.143871000","45.749810000","6388","296","95.101.184.27","443","10.0.0.2","40940","244","877280","632"
"46.143963","46.143963000","45.749902000","6389","296","95.101.184.27","443","10.0.0.2","40940","244","877524","632"
"46.143978","46.143978000","45.749917000","6390","296","95.101.184.27","443","10.0.0.2","40940","244","877768","632"
"46.144012","46.144012000","45.749951000","6391","296","95.101.184.27","443","10.0.0.2","40940","244","878012","632"
"46.205823","46.205823000","45.811762000","6392","52","10.0.0.2","40940","95.101.184.27","443","0","632","872156"
"46.205853","46.205853000","45.811792000","6393","52","10.0.0.2","40940","95.101.184.27","443","0","632","872888"
"46.206589","46.206589000","45.812528000","6394","296","95.101.184.27","443","10.0.0.2","40940","244","878256","632"
"46.206635","46.206635000","45.812574000","6395","296","95.101.184.27","443","10.0.0.2","40940","244","878500","632"
"46.206699","46.206699000","45.812638000","6396","296","95.101.184.27","443","10.0.0.2","40940","244","878744","632"
"46.206718","46.206718000","45.812657000","6397","296","95.101.184.27","443","10.0.0.2","40940","244","878988","632"
"46.206776","46.206776000","45.812715000","6398","296","95.101.184.27","443","10.0.0.2","40940","244","879232","632"
"46.206793","46.206793000","45.812732000","6399","296","95.101.184.27","443","10.0.0.2","40940","244","879476","632"
"46.268720","46.268720000","45.874659000","6400","52","10.0.0.2","40940","95.101.184.27","443","0","632","873376"
"46.268748","46.268748000","45.874687000","6401","52","10.0.0.2","40940","95.101.184.27","443","0","632","874108"
"46.269278","46.269278000","45.875217000","6402","296","95.101.184.27","443","10.0.0.2","40940","244","879720","632"
"46.269315","46.269315000","45.875254000","6403","296","95.101.184.27","443","10.0.0.2","40940","244","879964","632"
"46.269365","46.269365000","45.875304000","6404","296","95.101.184.27","443","10.0.0.2","40940","244","880208","632"
"46.269376","46.269376000","45.875315000","6405","296","95.101.184.27","443","10.0.0.2","40940","244","880452","632"
"46.269411","46.269411000","45.875350000","6406","296","95.101.184.27","443","10.0.0.2","40940","244","880696","632"
"46.330618","46.330618000","45.936557000","6407","52","10.0.0.2","40940","95.101.184.27","443","0","632","874596"
"46.330649","46.330649000","45.936588000","6408","52","10.0.0.2","40940","95.101.184.27","443","0","632","875328"
"46.331278","46.331278000","45.937217000","6409","296","95.101.184.27","443","10.0.0.2","40940","244","880940","632"
"46.331314","46.331314000","45.937253000","6410","296","95.101.184.27","443","10.0.0.2","40940","244","881184","632"
"46.331369","46.331369000","45.937308000","6411","296","95.101.184.27","443","10.0.0.2","40940","244","881428","632"
"46.331381","46.331381000","45.937320000","6412","296","95.101.184.27","443","10.0.0.2","40940","244","881672","632"
"46.331416","46.331416000","45.937355000","6413","296","95.101.184.27","443","10.0.0.2","40940","244","881916","632"
"46.393436","46.393436000","45.999375000","6414","52","10.0.0.2","40940","95.101.184.27","443","0","632","875816"
"46.393465","46.393465000","45.999404000","6415","52","10.0.0.2","40940","95.101.184.27","443","0","632","876548"
"46.394027","46.394027000","45.999966000","6416","296","95.101.184.27","443","10.0.0.2","40940","244","882160","632"
"46.394065","46.394065000","46.000004000","6417","296","95.101.184.27","443","10.0.0.2","40940","244","882404","632"
"46.394116","46.394116000","46.000055000","6418","296","95.101.184.27","443","10.0.0.2","40940","244","882648","632"
"46.394128","46.394128000","46.000067000","6419","296","95.101.184.27","443","10.0.0.2","40940","244","882892","632"
"46.394161","46.394161000","46.000100000","6420","296","95.101.184.27","443","10.0.0.2","40940","244","883136","632"
"46.455878","46.455878000","46.061817000","6421","52","10.0.0.2","40940","95.101.184.27","443","0","632","877036"
"46.455907","46.455907000","46.061846000","6422","52","10.0.0.2","40940","95.101.184.27","443","0","632","877524"
"46.456429","46.456429000","46.062368000","6423","296","95.101.184.27","443","10.0.0.2","40940","244","883380","632"
"46.456465","46.456465000","46.062404000","6424","296","95.101.184.27","443","10.0.0.2","40940","244","883624","632"
"46.456514","46.456514000","46.062453000","6425","296","95.101.184.27","443","10.0.0.2","40940","244","883868","632"
"46.456526","46.456526000","46.062465000","6426","296","95.101.184.27","443","10.0.0.2","40940","244","884112","632"
"46.518400","46.518400000","46.124339000","6427","52","10.0.0.2","40940","95.101.184.27","443","0","632","877768"
"46.518430","46.518430000","46.124369000","6428","52","10.0.0.2","40940","95.101.184.27","443","0","632","878256"
"46.518447","46.518447000","46.124386000","6429","52","10.0.0.2","40940","95.101.184.27","443","0","632","878988"
"46.519014","46.519014000","46.124953000","6430","296","95.101.184.27","443","10.0.0.2","40940","244","884356","632"
"46.519051","46.519051000","46.124990000","6431","296","95.101.184.27","443","10.0.0.2","40940","244","884600","632"
"46.519102","46.519102000","46.125041000","6432","296","95.101.184.27","443","10.0.0.2","40940","244","884844","632"
"46.519114","46.519114000","46.125053000","6433","296","95.101.184.27","443","10.0.0.2","40940","244","885088","632"
"46.519161","46.519161000","46.125100000","6434","296","95.101.184.27","443","10.0.0.2","40940","244","885332","632"
"46.519172","46.519172000","46.125111000","6435","296","95.101.184.27","443","10.0.0.2","40940","244","885576","632"
"46.519206","46.519206000","46.125145000","6436","296","95.101.184.27","443","10.0.0.2","40940","244","885820","632"
"46.580816","46.580816000","46.186755000","6437","52","10.0.0.2","40940","95.101.184.27","443","0","632","879476"
"46.580843","46.580843000","46.186782000","6438","52","10.0.0.2","40940","95.101.184.27","443","0","632","879476"
"46.580860","46.580860000","46.186799000","6439","52","10.0.0.2","40940","95.101.184.27","443","0","632","879476"
"46.580874","46.580874000","46.186813000","6440","52","10.0.0.2","40940","95.101.184.27","443","0","632","879476"
"46.581404","46.581404000","46.187343000","6441","296","95.101.184.27","443","10.0.0.2","40940","244","886064","632"
"46.581439","46.581439000","46.187378000","6442","296","95.101.184.27","443","10.0.0.2","40940","244","886308","632"
"46.581490","46.581490000","46.187429000","6443","296","95.101.184.27","443","10.0.0.2","40940","244","886552","632"
"46.581503","46.581503000","46.187442000","6444","296","95.101.184.27","443","10.0.0.2","40940","244","886796","632"
"46.581539","46.581539000","46.187478000","6445","296","95.101.184.27","443","10.0.0.2","40940","244","879476","632"
"46.643300","46.643300000","46.249239000","6446","52","10.0.0.2","40940","95.101.184.27","443","0","632","879476"
"46.643329","46.643329000","46.249268000","6447","52","10.0.0.2","40940","95.101.184.27","443","0","632","879476"
"46.643346","46.643346000","46.249285000","6448","52","10.0.0.2","40940","95.101.184.27","443","0","632","879476"
"46.643361","46.643361000","46.249300000","6449","52","10.0.0.2","40940","95.101.184.27","443","0","632","879476"
"46.643374","46.643374000","46.249313000","6450","52","10.0.0.2","40940","95.101.184.27","443","0","632","879476"
"46.643890","46.643890000","46.249829000","6451","296","95.101.184.27","443","10.0.0.2","40940","244","887040","632"
"46.643960","46.643960000","46.249899000","6452","296","95.101.184.27","443","10.0.0.2","40940","244","887284","632"
"46.644014","46.644014000","46.249953000","6453","296","95.101.184.27","443","10.0.0.2","40940","244","887528","632"
"46.644027","46.644027000","46.249966000","6454","296","95.101.184.27","443","10.0.0.2","40940","244","887772","632"
"46.705876","46.705876000","46.311815000","6455","52","10.0.0.2","40940","95.101.184.27","443","0","632","879476"
"46.705905","46.705905000","46.311844000","6456","52","10.0.0.2","40940","95.101.184.27","443","0","632","879476"
"46.705948","46.705948000","46.311887000","6457","52","10.0.0.2","40940","95.101.184.27","443","0","632","879476"
"46.705967","46.705967000","46.311906000","6458","52","10.0.0.2","40940","95.101.184.27","443","0","632","879476"
"46.705985","46.705985000","46.311924000","6459","52","10.0.0.2","40940","95.101.184.27","443","0","632","879476"
"46.706473","46.706473000","46.312412000","6460","296","95.101.184.27","443","10.0.0.2","40940","244","888016","632"
"46.706510","46.706510000","46.312449000","6461","296","95.101.184.27","443","10.0.0.2","40940","244","888260","632"
"46.706547","46.706547000","46.312486000","6462","296","95.101.184.27","443","10.0.0.2","40940","244","888504","632"
"46.768207","46.768207000","46.374146000","6463","52","10.0.0.2","40940","95.101.184.27","443","0","632","879476"
"46.768237","46.768237000","46.374176000","6464","52","10.0.0.2","40940","95.101.184.27","443","0","632","879476"
"46.768255","46.768255000","46.374194000","6465","52","10.0.0.2","40940","95.101.184.27","443","0","632","879476"
"46.768269","46.768269000","46.374208000","6466","52","10.0.0.2","40940","95.101.184.27","443","0","632","879476"
"46.768283","46.768283000","46.374222000","6467","52","10.0.0.2","40940","95.101.184.27","443","0","632","879476"
"46.768780","46.768780000","46.374719000","6468","296","95.101.184.27","443","10.0.0.2","40940","244","888748","632"
"46.768812","46.768812000","46.374751000","6469","296","95.101.184.27","443","10.0.0.2","40940","244","888992","632"
"46.768863","46.768863000","46.374802000","6470","296","95.101.184.27","443","10.0.0.2","40940","244","889236","632"
"46.768876","46.768876000","46.374815000","6471","296","95.101.184.27","443","10.0.0.2","40940","244","889480","632"
"46.830677","46.830677000","46.436616000","6472","52","10.0.0.2","40940","95.101.184.27","443","0","632","879476"
"46.830705","46.830705000","46.436644000","6473","52","10.0.0.2","40940","95.101.184.27","443","0","632","879476"
"46.830722","46.830722000","46.436661000","6474","52","10.0.0.2","40940","95.101.184.27","443","0","632","879476"
"46.830736","46.830736000","46.436675000","6475","52","10.0.0.2","40940","95.101.184.27","443","0","632","879476"
"46.830749","46.830749000","46.436688000","6476","52","10.0.0.2","40940","95.101.184.27","443","0","632","879476"
"46.831260","46.831260000","46.437199000","6477","296","95.101.184.27","443","10.0.0.2","40940","244","889724","632"
"46.831294","46.831294000","46.437233000","6478","296","95.101.184.27","443","10.0.0.2","40940","244","889968","632"
"46.831332","46.831332000","46.437271000","6479","296","95.101.184.27","443","10.0.0.2","40940","244","890212","632"
"46.893252","46.893252000","46.499191000","6480","52","10.0.0.2","40940","95.101.184.27","443","0","632","879476"
"46.893281","46.893281000","46.499220000","6481","52","10.0.0.2","40940","95.101.184.27","443","0","632","879476"
"46.893298","46.893298000","46.499237000","6482","52","10.0.0.2","40940","95.101.184.27","443","0","632","879476"
"46.893313","46.893313000","46.499252000","6483","52","10.0.0.2","40940","95.101.184.27","443","0","632","879476"
"46.893327","46.893327000","46.499266000","6484","52","10.0.0.2","40940","95.101.184.27","443","0","632","879476"
"46.893833","46.893833000","46.499772000","6485","296","95.101.184.27","443","10.0.0.2","40940","244","890456","632"
"46.893870","46.893870000","46.499809000","6486","296","95.101.184.27","443","10.0.0.2","40940","244","890700","632"
"46.893909","46.893909000","46.499848000","6487","296","95.101.184.27","443","10.0.0.2","40940","244","890944","632"
"46.955843","46.955843000","46.561782000","6488","52","10.0.0.2","40940","95.101.184.27","443","0","632","879476"
"46.955873","46.955873000","46.561812000","6489","52","10.0.0.2","40940","95.101.184.27","443","0","632","885820"
"46.955891","46.955891000","46.561830000","6490","52","10.0.0.2","40940","95.101.184.27","443","0","632","885820"
"46.955906","46.955906000","46.561845000","6491","52","10.0.0.2","40940","95.101.184.27","443","0","632","885820"
"46.955954","46.955954000","46.561893000","6492","52","10.0.0.2","40940","95.101.184.27","443","0","632","885820"
"46.956444","46.956444000","46.562383000","6493","296","95.101.184.27","443","10.0.0.2","40940","244","891188","632"
"46.956482","46.956482000","46.562421000","6494","296","95.101.184.27","443","10.0.0.2","40940","244","885820","632"
"46.956532","46.956532000","46.562471000","6495","296","95.101.184.27","443","10.0.0.2","40940","244","891432","632"
"46.956544","46.956544000","46.562483000","6496","296","95.101.184.27","443","10.0.0.2","40940","244","891676","632"
"46.956593","46.956593000","46.562532000","6497","296","95.101.184.27","443","10.0.0.2","40940","244","891920","632"
"46.956606","46.956606000","46.562545000","6498","296","95.101.184.27","443","10.0.0.2","40940","244","892164","632"
"47.018438","47.018438000","46.624377000","6499","52","10.0.0.2","40940","95.101.184.27","443","0","632","885820"
"47.018465","47.018465000","46.624404000","6500","52","10.0.0.2","40940","95.101.184.27","443","0","632","885820"
"47.018482","47.018482000","46.624421000","6501","52","10.0.0.2","40940","95.101.184.27","443","0","632","885820"
"47.018497","47.018497000","46.624436000","6502","52","10.0.0.2","40940","95.101.184.27","443","0","632","885820"
"47.018511","47.018511000","46.624450000","6503","52","10.0.0.2","40940","95.101.184.27","443","0","632","885820"
"47.019027","47.019027000","46.624966000","6504","296","95.101.184.27","443","10.0.0.2","40940","244","892408","632"
"47.019063","47.019063000","46.625002000","6505","296","95.101.184.27","443","10.0.0.2","40940","244","892652","632"
"47.019114","47.019114000","46.625053000","6506","296","95.101.184.27","443","10.0.0.2","40940","244","892896","632"
"47.019126","47.019126000","46.625065000","6507","296","95.101.184.27","443","10.0.0.2","40940","244","893140","632"
"47.080799","47.080799000","46.686738000","6508","52","10.0.0.2","40940","95.101.184.27","443","0","632","885820"
"47.080828","47.080828000","46.686767000","6509","52","10.0.0.2","40940","95.101.184.27","443","0","632","885820"
"47.080845","47.080845000","46.686784000","6510","52","10.0.0.2","40940","95.101.184.27","443","0","632","885820"
"47.080859","47.080859000","46.686798000","6511","52","10.0.0.2","40940","95.101.184.27","443","0","632","885820"
"47.080871","47.080871000","46.686810000","6512","52","10.0.0.2","40940","95.101.184.27","443","0","632","885820"
"47.081368","47.081368000","46.687307000","6513","296","95.101.184.27","443","10.0.0.2","40940","244","893384","632"
"47.081403","47.081403000","46.687342000","6514","296","95.101.184.27","443","10.0.0.2","40940","244","893628","632"
"47.081455","47.081455000","46.687394000","6515","296","95.101.184.27","443","10.0.0.2","40940","244","893872","632"
"47.081467","47.081467000","46.687406000","6516","296","95.101.184.27","443","10.0.0.2","40940","244","894116","632"
"47.081501","47.081501000","46.687440000","6517","296","95.101.184.27","443","10.0.0.2","40940","244","894360","632"
"47.143327","47.143327000","46.749266000","6518","52","10.0.0.2","40940","95.101.184.27","443","0","632","885820"
"47.143356","47.143356000","46.749295000","6519","52","10.0.0.2","40940","95.101.184.27","443","0","632","885820"
"47.143374","47.143374000","46.749313000","6520","52","10.0.0.2","40940","95.101.184.27","443","0","632","885820"
"47.143389","47.143389000","46.749328000","6521","52","10.0.0.2","40940","95.101.184.27","443","0","632","885820"
"47.143403","47.143403000","46.749342000","6522","52","10.0.0.2","40940","95.101.184.27","443","0","632","885820"
"47.143943","47.143943000","46.749882000","6523","296","95.101.184.27","443","10.0.0.2","40940","244","894604","632"
"47.143983","47.143983000","46.749922000","6524","296","95.101.184.27","443","10.0.0.2","40940","244","894848","632"
"47.144035","47.144035000","46.749974000","6525","296","95.101.184.27","443","10.0.0.2","40940","244","895092","632"
"47.144047","47.144047000","46.749986000","6526","296","95.101.184.27","443","10.0.0.2","40940","244","895336","632"
"47.144080","47.144080000","46.750019000","6527","296","95.101.184.27","443","10.0.0.2","40940","244","895580","632"
"47.206032","47.206032000","46.811971000","6528","52","10.0.0.2","40940","95.101.184.27","443","0","632","891432"
"47.206060","47.206060000","46.811999000","6529","52","10.0.0.2","40940","95.101.184.27","443","0","632","891920"
"47.206078","47.206078000","46.812017000","6530","52","10.0.0.2","40940","95.101.184.27","443","0","632","892408"
"47.206622","47.206622000","46.812561000","6531","296","95.101.184.27","443","10.0.0.2","40940","244","895824","632"
"47.206658","47.206658000","46.812597000","6532","296","95.101.184.27","443","10.0.0.2","40940","244","896068","632"
"47.206708","47.206708000","46.812647000","6533","296","95.101.184.27","443","10.0.0.2","40940","244","896312","632"
"47.206721","47.206721000","46.812660000","6534","296","95.101.184.27","443","10.0.0.2","40940","244","896556","632"
"47.206770","47.206770000","46.812709000","6535","296","95.101.184.27","443","10.0.0.2","40940","244","896800","632"
"47.206782","47.206782000","46.812721000","6536","296","95.101.184.27","443","10.0.0.2","40940","244","897044","632"
"47.269061","47.269061000","46.875000000","6537","52","10.0.0.2","40940","95.101.184.27","443","0","632","892896"
"47.269092","47.269092000","46.875031000","6538","52","10.0.0.2","40940","95.101.184.27","443","0","632","893628"
"47.269698","47.269698000","46.875637000","6539","296","95.101.184.27","443","10.0.0.2","40940","244","897288","632"
"47.269734","47.269734000","46.875673000","6540","296","95.101.184.27","443","10.0.0.2","40940","244","897532","632"
"47.269785","47.269785000","46.875724000","6541","296","95.101.184.27","443","10.0.0.2","40940","244","897776","632"
"47.269798","47.269798000","46.875737000","6542","296","95.101.184.27","443","10.0.0.2","40940","244","898020","632"
"47.269843","47.269843000","46.875782000","6543","296","95.101.184.27","443","10.0.0.2","40940","244","898264","632"
"47.269855","47.269855000","46.875794000","6544","296","95.101.184.27","443","10.0.0.2","40940","244","898508","632"
"47.330684","47.330684000","46.936623000","6545","52","10.0.0.2","40940","95.101.184.27","443","0","632","894116"
"47.330713","47.330713000","46.936652000","6546","52","10.0.0.2","40940","95.101.184.27","443","0","632","894848"
"47.331414","47.331414000","46.937353000","6547","296","95.101.184.27","443","10.0.0.2","40940","244","898752","632"
"47.331460","47.331460000","46.937399000","6548","296","95.101.184.27","443","10.0.0.2","40940","244","898996","632"
"47.331522","47.331522000","46.937461000","6549","296","95.101.184.27","443","10.0.0.2","40940","244","899240","632"
"47.331543","47.331543000","46.937482000","6550","296","95.101.184.27","443","10.0.0.2","40940","244","899484","632"
"47.331589","47.331589000","46.937528000","6551","296","95.101.184.27","443","10.0.0.2","40940","244","899728","632"
"47.393338","47.393338000","46.999277000","6552","52","10.0.0.2","40940","95.101.184.27","443","0","632","895336"
"47.393367","47.393367000","46.999306000","6553","52","10.0.0.2","40940","95.101.184.27","443","0","632","896068"
"47.394052","47.394052000","46.999991000","6554","296","95.101.184.27","443","10.0.0.2","40940","244","899972","632"
"47.394092","47.394092000","47.000031000","6555","296","95.101.184.27","443","10.0.0.2","40940","244","900216","632"
"47.394143","47.394143000","47.000082000","6556","296","95.101.184.27","443","10.0.0.2","40940","244","900460","632"
"47.394155","47.394155000","47.000094000","6557","296","95.101.184.27","443","10.0.0.2","40940","244","900704","632"
"47.394192","47.394192000","47.000131000","6558","296","95.101.184.27","443","10.0.0.2","40940","244","900948","632"
"47.455470","47.455470000","47.061409000","6559","52","10.0.0.2","40940","95.101.184.27","443","0","632","896556"
"47.455505","47.455505000","47.061444000","6560","52","10.0.0.2","40940","95.101.184.27","443","0","632","897288"
"47.456071","47.456071000","47.062010000","6561","296","95.101.184.27","443","10.0.0.2","40940","244","901192","632"
"47.456107","47.456107000","47.062046000","6562","296","95.101.184.27","443","10.0.0.2","40940","244","901436","632"
"47.456157","47.456157000","47.062096000","6563","296","95.101.184.27","443","10.0.0.2","40940","244","901680","632"
"47.456169","47.456169000","47.062108000","6564","296","95.101.184.27","443","10.0.0.2","40940","244","901924","632"
"47.456202","47.456202000","47.062141000","6565","296","95.101.184.27","443","10.0.0.2","40940","244","902168","632"
"47.518145","47.518145000","47.124084000","6566","52","10.0.0.2","40940","95.101.184.27","443","0","632","897776"
"47.518173","47.518173000","47.124112000","6567","52","10.0.0.2","40940","95.101.184.27","443","0","632","898508"
"47.518696","47.518696000","47.124635000","6568","296","95.101.184.27","443","10.0.0.2","40940","244","902412","632"
"47.518733","47.518733000","47.124672000","6569","296","95.101.184.27","443","10.0.0.2","40940","244","902656","632"
"47.518783","47.518783000","47.124722000","6570","296","95.101.184.27","443","10.0.0.2","40940","244","902900","632"
"47.518795","47.518795000","47.124734000","6571","296","95.101.184.27","443","10.0.0.2","40940","244","903144","632"
"47.518841","47.518841000","47.124780000","6572","296","95.101.184.27","443","10.0.0.2","40940","244","903388","632"
"47.518852","47.518852000","47.124791000","6573","296","95.101.184.27","443","10.0.0.2","40940","244","903632","632"
"47.580768","47.580768000","47.186707000","6574","52","10.0.0.2","40940","95.101.184.27","443","0","632","898996"
"47.580798","47.580798000","47.186737000","6575","52","10.0.0.2","40940","95.101.184.27","443","0","632","899728"
"47.581542","47.581542000","47.187481000","6576","296","95.101.184.27","443","10.0.0.2","40940","244","903876","632"
"47.581588","47.581588000","47.187527000","6577","296","95.101.184.27","443","10.0.0.2","40940","244","904120","632"
"47.581651","47.581651000","47.187590000","6578","296","95.101.184.27","443","10.0.0.2","40940","244","904364","632"
"47.581668","47.581668000","47.187607000","6579","296","95.101.184.27","443","10.0.0.2","40940","244","904608","632"
"47.581714","47.581714000","47.187653000","6580","296","95.101.184.27","443","10.0.0.2","40940","244","904852","632"
"47.643846","47.643846000","47.249785000","6581","52","10.0.0.2","40940","95.101.184.27","443","0","632","900216"
"47.643875","47.643875000","47.249814000","6582","52","10.0.0.2","40940","95.101.184.27","443","0","632","900948"
"47.644432","47.644432000","47.250371000","6583","296","95.101.184.27","443","10.0.0.2","40940","244","905096","632"
"47.644467","47.644467000","47.250406000","6584","296","95.101.184.27","443","10.0.0.2","40940","244","905340","632"
"47.644517","47.644517000","47.250456000","6585","296","95.101.184.27","443","10.0.0.2","40940","244","905584","632"
"47.644529","47.644529000","47.250468000","6586","296","95.101.184.27","443","10.0.0.2","40940","244","905828","632"
"47.644562","47.644562000","47.250501000","6587","296","95.101.184.27","443","10.0.0.2","40940","244","906072","632"
"47.705434","47.705434000","47.311373000","6588","52","10.0.0.2","40940","95.101.184.27","443","0","632","901436"
"47.705464","47.705464000","47.311403000","6589","52","10.0.0.2","40940","95.101.184.27","443","0","632","902168"
"47.706076","47.706076000","47.312015000","6590","296","95.101.184.27","443","10.0.0.2","40940","244","906316","632"
"47.706113","47.706113000","47.312052000","6591","296","95.101.184.27","443","10.0.0.2","40940","244","906560","632"
"47.706163","47.706163000","47.312102000","6592","296","95.101.184.27","443","10.0.0.2","40940","244","906804","632"
"47.706175","47.706175000","47.312114000","6593","296","95.101.184.27","443","10.0.0.2","40940","244","907048","632"
"47.706208","47.706208000","47.312147000","6594","296","95.101.184.27","443","10.0.0.2","40940","244","907292","632"
"47.768408","47.768408000","47.374347000","6595","52","10.0.0.2","40940","95.101.184.27","443","0","632","902656"
"47.768439","47.768439000","47.374378000","6596","52","10.0.0.2","40940","95.101.184.27","443","0","632","903388"
"47.769058","47.769058000","47.374997000","6597","296","95.101.184.27","443","10.0.0.2","40940","244","907536","632"
"47.769093","47.769093000","47.375032000","6598","296","95.101.184.27","443","10.0.0.2","40940","244","907780","632"
"47.769143","47.769143000","47.375082000","6599","296","95.101.184.27","443","10.0.0.2","40940","244","908024","632"
"47.769155","47.769155000","47.375094000","6600","296","95.101.184.27","443","10.0.0.2","40940","244","908268","632"
"47.769201","47.769201000","47.375140000","6601","296","95.101.184.27","443","10.0.0.2","40940","244","908512","632"
"47.769214","47.769214000","47.375153000","6602","296","95.101.184.27","443","10.0.0.2","40940","244","908756","632"
"47.830153","47.830153000","47.436092000","6603","52","10.0.0.2","40940","95.101.184.27","443","0","632","903876"
"47.830182","47.830182000","47.436121000","6604","52","10.0.0.2","40940","95.101.184.27","443","0","632","904608"
"47.830711","47.830711000","47.436650000","6605","296","95.101.184.27","443","10.0.0.2","40940","244","909000","632"
"47.830748","47.830748000","47.436687000","6606","296","95.101.184.27","443","10.0.0.2","40940","244","909244","632"
"47.830800","47.830800000","47.436739000","6607","296","95.101.184.27","443","10.0.0.2","40940","244","909488","632"
"47.830812","47.830812000","47.436751000","6608","296","95.101.184.27","443","10.0.0.2","40940","244","909732","632"
"47.830845","47.830845000","47.436784000","6609","296","95.101.184.27","443","10.0.0.2","40940","244","909976","632"
"47.893671","47.893671000","47.499610000","6610","52","10.0.0.2","40940","95.101.184.27","443","0","632","905096"
"47.893701","47.893701000","47.499640000","6611","52","10.0.0.2","40940","95.101.184.27","443","0","632","905828"
"47.894302","47.894302000","47.500241000","6612","296","95.101.184.27","443","10.0.0.2","40940","244","910220","632"
"47.894339","47.894339000","47.500278000","6613","296","95.101.184.27","443","10.0.0.2","40940","244","910464","632"
"47.894388","47.894388000","47.500327000","6614","296","95.101.184.27","443","10.0.0.2","40940","244","910708","632"
"47.894400","47.894400000","47.500339000","6615","296","95.101.184.27","443","10.0.0.2","40940","244","910952","632"
"47.894434","47.894434000","47.500373000","6616","296","95.101.184.27","443","10.0.0.2","40940","244","911196","632"
"47.955785","47.955785000","47.561724000","6617","52","10.0.0.2","40940","95.101.184.27","443","0","632","906316"
"47.955816","47.955816000","47.561755000","6618","52","10.0.0.2","40940","95.101.184.27","443","0","632","907048"
"47.956389","47.956389000","47.562328000","6619","296","95.101.184.27","443","10.0.0.2","40940","244","911440","632"
"47.956424","47.956424000","47.562363000","6620","296","95.101.184.27","443","10.0.0.2","40940","244","911684","632"
"47.956474","47.956474000","47.562413000","6621","296","95.101.184.27","443","10.0.0.2","40940","244","911928","632"
"47.956486","47.956486000","47.562425000","6622","296","95.101.184.27","443","10.0.0.2","40940","244","912172","632"
"47.956519","47.956519000","47.562458000","6623","296","95.101.184.27","443","10.0.0.2","40940","244","912416","632"
"48.018411","48.018411000","47.624350000","6624","52","10.0.0.2","40940","95.101.184.27","443","0","632","907536"
"48.018441","48.018441000","47.624380000","6625","52","10.0.0.2","40940","95.101.184.27","443","0","632","908268"
"48.019063","48.019063000","47.625002000","6626","296","95.101.184.27","443","10.0.0.2","40940","244","912660","632"
"48.019100","48.019100000","47.625039000","6627","296","95.101.184.27","443","10.0.0.2","40940","244","912904","632"
"48.019150","48.019150000","47.625089000","6628","296","95.101.184.27","443","10.0.0.2","40940","244","913148","632"
"48.019162","48.019162000","47.625101000","6629","296","95.101.184.27","443","10.0.0.2","40940","244","913392","632"
"48.019208","48.019208000","47.625147000","6630","296","95.101.184.27","443","10.0.0.2","40940","244","913636","632"
"48.019220","48.019220000","47.625159000","6631","296","95.101.184.27","443","10.0.0.2","40940","244","913880","632"
"48.081073","48.081073000","47.687012000","6632","52","10.0.0.2","40940","95.101.184.27","443","0","632","908756"
"48.081104","48.081104000","47.687043000","6633","52","10.0.0.2","40940","95.101.184.27","443","0","632","909488"
"48.081817","48.081817000","47.687756000","6634","296","95.101.184.27","443","10.0.0.2","40940","244","914124","632"
"48.081861","48.081861000","47.687800000","6635","296","95.101.184.27","443","10.0.0.2","40940","244","914368","632"
"48.081952","48.081952000","47.687891000","6636","296","95.101.184.27","443","10.0.0.2","40940","244","914612","632"
"48.081975","48.081975000","47.687914000","6637","296","95.101.184.27","443","10.0.0.2","40940","244","914856","632"
"48.082024","48.082024000","47.687963000","6638","296","95.101.184.27","443","10.0.0.2","40940","244","915100","632"
"48.144046","48.144046000","47.749985000","6639","52","10.0.0.2","40940","95.101.184.27","443","0","632","909976"
"48.144075","48.144075000","47.750014000","6640","52","10.0.0.2","40940","95.101.184.27","443","0","632","910708"
"48.144759","48.144759000","47.750698000","6641","296","95.101.184.27","443","10.0.0.2","40940","244","915344","632"
"48.144803","48.144803000","47.750742000","6642","296","95.101.184.27","443","10.0.0.2","40940","244","915588","632"
"48.144867","48.144867000","47.750806000","6643","296","95.101.184.27","443","10.0.0.2","40940","244","915832","632"
"48.144886","48.144886000","47.750825000","6644","296","95.101.184.27","443","10.0.0.2","40940","244","916076","632"
"48.144983","48.144983000","47.750922000","6645","296","95.101.184.27","443","10.0.0.2","40940","244","916320","632"
"48.205805","48.205805000","47.811744000","6646","52","10.0.0.2","40940","95.101.184.27","443","0","632","911196"
"48.205836","48.205836000","47.811775000","6647","52","10.0.0.2","40940","95.101.184.27","443","0","632","911928"
"48.206586","48.206586000","47.812525000","6648","296","95.101.184.27","443","10.0.0.2","40940","244","916564","632"
"48.206632","48.206632000","47.812571000","6649","296","95.101.184.27","443","10.0.0.2","40940","244","916808","632"
"48.206701","48.206701000","47.812640000","6650","296","95.101.184.27","443","10.0.0.2","40940","244","917052","632"
"48.206719","48.206719000","47.812658000","6651","296","95.101.184.27","443","10.0.0.2","40940","244","917296","632"
"48.206764","48.206764000","47.812703000","6652","296","95.101.184.27","443","10.0.0.2","40940","244","917540","632"
"48.268637","48.268637000","47.874576000","6653","52","10.0.0.2","40940","95.101.184.27","443","0","632","912416"
"48.268665","48.268665000","47.874604000","6654","52","10.0.0.2","40940","95.101.184.27","443","0","632","913148"
"48.269267","48.269267000","47.875206000","6655","296","95.101.184.27","443","10.0.0.2","40940","244","917784","632"
"48.269303","48.269303000","47.875242000","6656","296","95.101.184.27","443","10.0.0.2","40940","244","918028","632"
"48.269354","48.269354000","47.875293000","6657","296","95.101.184.27","443","10.0.0.2","40940","244","918272","632"
"48.269366","48.269366000","47.875305000","6658","296","95.101.184.27","443","10.0.0.2","40940","244","918516","632"
"48.269400","48.269400000","47.875339000","6659","296","95.101.184.27","443","10.0.0.2","40940","244","918760","632"
"48.330713","48.330713000","47.936652000","6660","52","10.0.0.2","40940","95.101.184.27","443","0","632","913636"
"48.330749","48.330749000","47.936688000","6661","52","10.0.0.2","40940","95.101.184.27","443","0","632","914368"
"48.331333","48.331333000","47.937272000","6662","296","95.101.184.27","443","10.0.0.2","40940","244","919004","632"
"48.331369","48.331369000","47.937308000","6663","296","95.101.184.27","443","10.0.0.2","40940","244","919248","632"
"48.331418","48.331418000","47.937357000","6664","296","95.101.184.27","443","10.0.0.2","40940","244","919492","632"
"48.331430","48.331430000","47.937369000","6665","296","95.101.184.27","443","10.0.0.2","40940","244","919736","632"
"48.331464","48.331464000","47.937403000","6666","296","95.101.184.27","443","10.0.0.2","40940","244","919980","632"
"48.393309","48.393309000","47.999248000","6667","52","10.0.0.2","40940","95.101.184.27","443","0","632","914856"
"48.393338","48.393338000","47.999277000","6668","52","10.0.0.2","40940","95.101.184.27","443","0","632","915588"
"48.393953","48.393953000","47.999892000","6669","296","95.101.184.27","443","10.0.0.2","40940","244","920224","632"
"48.393990","48.393990000","47.999929000","6670","296","95.101.184.27","443","10.0.0.2","40940","244","920468","632"
"48.394040","48.394040000","47.999979000","6671","296","95.101.184.27","443","10.0.0.2","40940","244","920712","632"
"48.394052","48.394052000","47.999991000","6672","296","95.101.184.27","443","10.0.0.2","40940","244","920956","632"
"48.394086","48.394086000","48.000025000","6673","296","95.101.184.27","443","10.0.0.2","40940","244","921200","632"
"48.455870","48.455870000","48.061809000","6674","52","10.0.0.2","40940","95.101.184.27","443","0","632","916076"
"48.455898","48.455898000","48.061837000","6675","52","10.0.0.2","40940","95.101.184.27","443","0","632","916564"
"48.456528","48.456528000","48.062467000","6676","296","95.101.184.27","443","10.0.0.2","40940","244","921444","632"
"48.456574","48.456574000","48.062513000","6677","296","95.101.184.27","443","10.0.0.2","40940","244","921688","632"
"48.456636","48.456636000","48.062575000","6678","296","95.101.184.27","443","10.0.0.2","40940","244","921932","632"
"48.456655","48.456655000","48.062594000","6679","296","95.101.184.27","443","10.0.0.2","40940","244","922176","632"
"48.519029","48.519029000","48.124968000","6680","52","10.0.0.2","40940","95.101.184.27","443","0","632","916808"
"48.519063","48.519063000","48.125002000","6681","52","10.0.0.2","40940","95.101.184.27","443","0","632","917296"
"48.519080","48.519080000","48.125019000","6682","52","10.0.0.2","40940","95.101.184.27","443","0","632","917784"
"48.519658","48.519658000","48.125597000","6683","296","95.101.184.27","443","10.0.0.2","40940","244","922420","632"
"48.519694","48.519694000","48.125633000","6684","296","95.101.184.27","443","10.0.0.2","40940","244","922664","632"
"48.519745","48.519745000","48.125684000","6685","296","95.101.184.27","443","10.0.0.2","40940","244","922908","632"
"48.519757","48.519757000","48.125696000","6686","296","95.101.184.27","443","10.0.0.2","40940","244","923152","632"
"48.519792","48.519792000","48.125731000","6687","296","95.101.184.27","443","10.0.0.2","40940","244","923396","632"
"48.580944","48.580944000","48.186883000","6688","52","10.0.0.2","40940","95.101.184.27","443","0","632","918028"
"48.580997","48.580997000","48.186936000","6689","52","10.0.0.2","40940","95.101.184.27","443","0","632","918516"
"48.581016","48.581016000","48.186955000","6690","52","10.0.0.2","40940","95.101.184.27","443","0","632","919248"
"48.581501","48.581501000","48.187440000","6691","296","95.101.184.27","443","10.0.0.2","40940","244","923640","632"
"48.581536","48.581536000","48.187475000","6692","296","95.101.184.27","443","10.0.0.2","40940","244","923884","632"
"48.581588","48.581588000","48.187527000","6693","296","95.101.184.27","443","10.0.0.2","40940","244","924128","632"
"48.581600","48.581600000","48.187539000","6694","296","95.101.184.27","443","10.0.0.2","40940","244","924372","632"
"48.581646","48.581646000","48.187585000","6695","296","95.101.184.27","443","10.0.0.2","40940","244","924616","632"
"48.581658","48.581658000","48.187597000","6696","296","95.101.184.27","443","10.0.0.2","40940","244","924860","632"
"48.643297","48.643297000","48.249236000","6697","52","10.0.0.2","40940","95.101.184.27","443","0","632","919736"
"48.643326","48.643326000","48.249265000","6698","52","10.0.0.2","40940","95.101.184.27","443","0","632","920468"
"48.644052","48.644052000","48.249991000","6699","296","95.101.184.27","443","10.0.0.2","40940","244","925104","632"
"48.644092","48.644092000","48.250031000","6700","296","95.101.184.27","443","10.0.0.2","40940","244","925348","632"
"48.644143","48.644143000","48.250082000","6701","296","95.101.184.27","443","10.0.0.2","40940","244","925592","632"
"48.644160","48.644160000","48.250099000","6702","296","95.101.184.27","443","10.0.0.2","40940","244","925836","632"
"48.644194","48.644194000","48.250133000","6703","296","95.101.184.27","443","10.0.0.2","40940","244","926080","632"
"48.705329","48.705329000","48.311268000","6704","52","10.0.0.2","40940","95.101.184.27","443","0","632","920956"
"48.705362","48.705362000","48.311301000","6705","52","10.0.0.2","40940","95.101.184.27","443","0","632","921688"
"48.705908","48.705908000","48.311847000","6706","296","95.101.184.27","443","10.0.0.2","40940","244","926324","632"
"48.705978","48.705978000","48.311917000","6707","296","95.101.184.27","443","10.0.0.2","40940","244","926568","632"
"48.706032","48.706032000","48.311971000","6708","296","95.101.184.27","443","10.0.0.2","40940","244","926812","632"
"48.706044","48.706044000","48.311983000","6709","296","95.101.184.27","443","10.0.0.2","40940","244","927056","632"
"48.706078","48.706078000","48.312017000","6710","296","95.101.184.27","443","10.0.0.2","40940","244","927300","632"
"48.768223","48.768223000","48.374162000","6711","52","10.0.0.2","40940","95.101.184.27","443","0","632","922176"
"48.768255","48.768255000","48.374194000","6712","52","10.0.0.2","40940","95.101.184.27","443","0","632","922908"
"48.768851","48.768851000","48.374790000","6713","296","95.101.184.27","443","10.0.0.2","40940","244","927544","632"
"48.768886","48.768886000","48.374825000","6714","296","95.101.184.27","443","10.0.0.2","40940","244","927788","632"
"48.768965","48.768965000","48.374904000","6715","296","95.101.184.27","443","10.0.0.2","40940","244","928032","632"
"48.768978","48.768978000","48.374917000","6716","296","95.101.184.27","443","10.0.0.2","40940","244","928276","632"
"48.769012","48.769012000","48.374951000","6717","296","95.101.184.27","443","10.0.0.2","40940","244","928520","632"
"48.830639","48.830639000","48.436578000","6718","52","10.0.0.2","40940","95.101.184.27","443","0","632","923396"
"48.830667","48.830667000","48.436606000","6719","52","10.0.0.2","40940","95.101.184.27","443","0","632","924128"
"48.831264","48.831264000","48.437203000","6720","296","95.101.184.27","443","10.0.0.2","40940","244","928764","632"
"48.831298","48.831298000","48.437237000","6721","296","95.101.184.27","443","10.0.0.2","40940","244","929008","632"
"48.831348","48.831348000","48.437287000","6722","296","95.101.184.27","443","10.0.0.2","40940","244","929252","632"
"48.831360","48.831360000","48.437299000","6723","296","95.101.184.27","443","10.0.0.2","40940","244","929496","632"
"48.831394","48.831394000","48.437333000","6724","296","95.101.184.27","443","10.0.0.2","40940","244","929740","632"
"48.893623","48.893623000","48.499562000","6725","52","10.0.0.2","40940","95.101.184.27","443","0","632","924616"
"48.893655","48.893655000","48.499594000","6726","52","10.0.0.2","40940","95.101.184.27","443","0","632","925348"
"48.894241","48.894241000","48.500180000","6727","296","95.101.184.27","443","10.0.0.2","40940","244","929984","632"
"48.894277","48.894277000","48.500216000","6728","296","95.101.184.27","443","10.0.0.2","40940","244","930228","632"
"48.894327","48.894327000","48.500266000","6729","296","95.101.184.27","443","10.0.0.2","40940","244","930472","632"
"48.894339","48.894339000","48.500278000","6730","296","95.101.184.27","443","10.0.0.2","40940","244","930716","632"
"48.894372","48.894372000","48.500311000","6731","296","95.101.184.27","443","10.0.0.2","40940","244","930960","632"
"48.955636","48.955636000","48.561575000","6732","52","10.0.0.2","40940","95.101.184.27","443","0","632","925836"
"48.955665","48.955665000","48.561604000","6733","52","10.0.0.2","40940","95.101.184.27","443","0","632","926568"
"48.956263","48.956263000","48.562202000","6734","296","95.101.184.27","443","10.0.0.2","40940","244","931204","632"
"48.956299","48.956299000","48.562238000","6735","296","95.101.184.27","443","10.0.0.2","40940","244","931448","632"
"48.956349","48.956349000","48.562288000","6736","296","95.101.184.27","443","10.0.0.2","40940","244","931692","632"
"48.956362","48.956362000","48.562301000","6737","296","95.101.184.27","443","10.0.0.2","40940","244","931936","632"
"48.956395","48.956395000","48.562334000","6738","296","95.101.184.27","443","10.0.0.2","40940","244","932180","632"
"49.018876","49.018876000","48.624815000","6739","52","10.0.0.2","40940","95.101.184.27","443","0","632","927056"
"49.018906","49.018906000","48.624845000","6740","52","10.0.0.2","40940","95.101.184.27","443","0","632","927788"
"49.019481","49.019481000","48.625420000","6741","296","95.101.184.27","443","10.0.0.2","40940","244","932424","632"
"49.019516","49.019516000","48.625455000","6742","296","95.101.184.27","443","10.0.0.2","40940","244","932668","632"
"49.019568","49.019568000","48.625507000","6743","296","95.101.184.27","443","10.0.0.2","40940","244","932912","632"
"49.019580","49.019580000","48.625519000","6744","296","95.101.184.27","443","10.0.0.2","40940","244","933156","632"
"49.019614","49.019614000","48.625553000","6745","296","95.101.184.27","443","10.0.0.2","40940","244","933400","632"
"49.080799","49.080799000","48.686738000","6746","52","10.0.0.2","40940","95.101.184.27","443","0","632","928276"
"49.080833","49.080833000","48.686772000","6747","52","10.0.0.2","40940","95.101.184.27","443","0","632","929008"
"49.081454","49.081454000","48.687393000","6748","296","95.101.184.27","443","10.0.0.2","40940","244","933644","632"
"49.081490","49.081490000","48.687429000","6749","296","95.101.184.27","443","10.0.0.2","40940","244","933888","632"
"49.081539","49.081539000","48.687478000","6750","296","95.101.184.27","443","10.0.0.2","40940","244","934132","632"
"49.081551","49.081551000","48.687490000","6751","296","95.101.184.27","443","10.0.0.2","40940","244","934376","632"
"49.081584","49.081584000","48.687523000","6752","296","95.101.184.27","443","10.0.0.2","40940","244","934620","632"
"49.143910","49.143910000","48.749849000","6753","52","10.0.0.2","40940","95.101.184.27","443","0","632","929496"
"49.143989","49.143989000","48.749928000","6754","52","10.0.0.2","40940","95.101.184.27","443","0","632","929984"
"49.144516","49.144516000","48.750455000","6755","296","95.101.184.27","443","10.0.0.2","40940","244","934864","632"
"49.144552","49.144552000","48.750491000","6756","296","95.101.184.27","443","10.0.0.2","40940","244","935108","632"
"49.144602","49.144602000","48.750541000","6757","296","95.101.184.27","443","10.0.0.2","40940","244","935352","632"
"49.144615","49.144615000","48.750554000","6758","296","95.101.184.27","443","10.0.0.2","40940","244","935596","632"
"49.205417","49.205417000","48.811356000","6759","52","10.0.0.2","40940","95.101.184.27","443","0","632","930228"
"49.205446","49.205446000","48.811385000","6760","52","10.0.0.2","40940","95.101.184.27","443","0","632","930716"
"49.205464","49.205464000","48.811403000","6761","52","10.0.0.2","40940","95.101.184.27","443","0","632","931448"
"49.205972","49.205972000","48.811911000","6762","296","95.101.184.27","443","10.0.0.2","40940","244","935840","632"
"49.206007","49.206007000","48.811946000","6763","296","95.101.184.27","443","10.0.0.2","40940","244","936084","632"
"49.206059","49.206059000","48.811998000","6764","296","95.101.184.27","443","10.0.0.2","40940","244","936328","632"
"49.206079","49.206079000","48.812018000","6765","296","95.101.184.27","443","10.0.0.2","40940","244","936572","632"
"49.206131","49.206131000","48.812070000","6766","296","95.101.184.27","443","10.0.0.2","40940","244","936816","632"
"49.206144","49.206144000","48.812083000","6767","296","95.101.184.27","443","10.0.0.2","40940","244","937060","632"
"49.268164","49.268164000","48.874103000","6768","52","10.0.0.2","40940","95.101.184.27","443","0","632","931936"
"49.268193","49.268193000","48.874132000","6769","52","10.0.0.2","40940","95.101.184.27","443","0","632","932668"
"49.268706","49.268706000","48.874645000","6770","296","95.101.184.27","443","10.0.0.2","40940","244","937304","632"
"49.268743","49.268743000","48.874682000","6771","296","95.101.184.27","443","10.0.0.2","40940","244","937548","632"
"49.268793","49.268793000","48.874732000","6772","296","95.101.184.27","443","10.0.0.2","40940","244","937792","632"
"49.268806","49.268806000","48.874745000","6773","296","95.101.184.27","443","10.0.0.2","40940","244","938036","632"
"49.268840","49.268840000","48.874779000","6774","296","95.101.184.27","443","10.0.0.2","40940","244","938280","632"
"49.330130","49.330130000","48.936069000","6775","52","10.0.0.2","40940","95.101.184.27","443","0","632","933156"
"49.330162","49.330162000","48.936101000","6776","52","10.0.0.2","40940","95.101.184.27","443","0","632","933888"
"49.330732","49.330732000","48.936671000","6777","296","95.101.184.27","443","10.0.0.2","40940","244","938524","632"
"49.330768","49.330768000","48.936707000","6778","296","95.101.184.27","443","10.0.0.2","40940","244","938768","632"
"49.330822","49.330822000","48.936761000","6779","296","95.101.184.27","443","10.0.0.2","40940","244","939012","632"
"49.330834","49.330834000","48.936773000","6780","296","95.101.184.27","443","10.0.0.2","40940","244","939256","632"
"49.330869","49.330869000","48.936808000","6781","296","95.101.184.27","443","10.0.0.2","40940","244","939500","632"
"49.393617","49.393617000","48.999556000","6782","52","10.0.0.2","40940","95.101.184.27","443","0","632","934376"
"49.393647","49.393647000","48.999586000","6783","52","10.0.0.2","40940","95.101.184.27","443","0","632","935108"
"49.394231","49.394231000","49.000170000","6784","296","95.101.184.27","443","10.0.0.2","40940","244","939744","632"
"49.394267","49.394267000","49.000206000","6785","296","95.101.184.27","443","10.0.0.2","40940","244","939988","632"
"49.394317","49.394317000","49.000256000","6786","296","95.101.184.27","443","10.0.0.2","40940","244","940232","632"
"49.394329","49.394329000","49.000268000","6787","296","95.101.184.27","443","10.0.0.2","40940","244","940476","632"
"49.394363","49.394363000","49.000302000","6788","296","95.101.184.27","443","10.0.0.2","40940","244","940720","632"
"49.455413","49.455413000","49.061352000","6789","52","10.0.0.2","40940","95.101.184.27","443","0","632","935596"
"49.455442","49.455442000","49.061381000","6790","52","10.0.0.2","40940","95.101.184.27","443","0","632","936328"
"49.456033","49.456033000","49.061972000","6791","296","95.101.184.27","443","10.0.0.2","40940","244","940964","632"
"49.456069","49.456069000","49.062008000","6792","296","95.101.184.27","443","10.0.0.2","40940","244","941208","632"
"49.456120","49.456120000","49.062059000","6793","296","95.101.184.27","443","10.0.0.2","40940","244","941452","632"
"49.456132","49.456132000","49.062071000","6794","296","95.101.184.27","443","10.0.0.2","40940","244","941696","632"
"49.456165","49.456165000","49.062104000","6795","296","95.101.184.27","443","10.0.0.2","40940","244","941940","632"
"49.518473","49.518473000","49.124412000","6796","52","10.0.0.2","40940","95.101.184.27","443","0","632","936816"
"49.518507","49.518507000","49.124446000","6797","52","10.0.0.2","40940","95.101.184.27","443","0","632","937548"
"49.519015","49.519015000","49.124954000","6798","296","95.101.184.27","443","10.0.0.2","40940","244","942184","632"
"49.519050","49.519050000","49.124989000","6799","296","95.101.184.27","443","10.0.0.2","40940","244","942428","632"
"49.519099","49.519099000","49.125038000","6800","296","95.101.184.27","443","10.0.0.2","40940","244","942672","632"
"49.519111","49.519111000","49.125050000","6801","296","95.101.184.27","443","10.0.0.2","40940","244","942916","632"
"49.519144","49.519144000","49.125083000","6802","296","95.101.184.27","443","10.0.0.2","40940","244","943160","632"
"49.580826","49.580826000","49.186765000","6803","52","10.0.0.2","40940","95.101.184.27","443","0","632","938036"
"49.580853","49.580853000","49.186792000","6804","52","10.0.0.2","40940","95.101.184.27","443","0","632","938768"
"49.581428","49.581428000","49.187367000","6805","296","95.101.184.27","443","10.0.0.2","40940","244","943404","632"
"49.581462","49.581462000","49.187401000","6806","296","95.101.184.27","443","10.0.0.2","40940","244","943648","632"
"49.581512","49.581512000","49.187451000","6807","296","95.101.184.27","443","10.0.0.2","40940","244","943892","632"
"49.581524","49.581524000","49.187463000","6808","296","95.101.184.27","443","10.0.0.2","40940","244","944136","632"
"49.581557","49.581557000","49.187496000","6809","296","95.101.184.27","443","10.0.0.2","40940","244","944380","632"
"49.643732","49.643732000","49.249671000","6810","52","10.0.0.2","40940","95.101.184.27","443","0","632","939256"
"49.643763","49.643763000","49.249702000","6811","52","10.0.0.2","40940","95.101.184.27","443","0","632","939988"
"49.644369","49.644369000","49.250308000","6812","296","95.101.184.27","443","10.0.0.2","40940","244","944624","632"
"49.644405","49.644405000","49.250344000","6813","296","95.101.184.27","443","10.0.0.2","40940","244","944868","632"
"49.644455","49.644455000","49.250394000","6814","296","95.101.184.27","443","10.0.0.2","40940","244","945112","632"
"49.644467","49.644467000","49.250406000","6815","296","95.101.184.27","443","10.0.0.2","40940","244","945356","632"
"49.644500","49.644500000","49.250439000","6816","296","95.101.184.27","443","10.0.0.2","40940","244","945600","632"
"49.705782","49.705782000","49.311721000","6817","52","10.0.0.2","40940","95.101.184.27","443","0","632","940476"
"49.705813","49.705813000","49.311752000","6818","52","10.0.0.2","40940","95.101.184.27","443","0","632","940964"
"49.706408","49.706408000","49.312347000","6819","296","95.101.184.27","443","10.0.0.2","40940","244","945844","632"
"49.706444","49.706444000","49.312383000","6820","296","95.101.184.27","443","10.0.0.2","40940","244","946088","632"
"49.706494","49.706494000","49.312433000","6821","296","95.101.184.27","443","10.0.0.2","40940","244","946332","632"
"49.706506","49.706506000","49.312445000","6822","296","95.101.184.27","443","10.0.0.2","40940","244","946576","632"
"49.768406","49.768406000","49.374345000","6823","52","10.0.0.2","40940","95.101.184.27","443","0","632","941208"
"49.768436","49.768436000","49.374375000","6824","52","10.0.0.2","40940","95.101.184.27","443","0","632","941696"
"49.768453","49.768453000","49.374392000","6825","52","10.0.0.2","40940","95.101.184.27","443","0","632","942428"
"49.768978","49.768978000","49.374917000","6826","296","95.101.184.27","443","10.0.0.2","40940","244","946820","632"
"49.769014","49.769014000","49.374953000","6827","296","95.101.184.27","443","10.0.0.2","40940","244","947064","632"
"49.769065","49.769065000","49.375004000","6828","296","95.101.184.27","443","10.0.0.2","40940","244","947308","632"
"49.769077","49.769077000","49.375016000","6829","296","95.101.184.27","443","10.0.0.2","40940","244","947552","632"
"49.769123","49.769123000","49.375062000","6830","296","95.101.184.27","443","10.0.0.2","40940","244","947796","632"
"49.769134","49.769134000","49.375073000","6831","296","95.101.184.27","443","10.0.0.2","40940","244","948040","632"
"49.831059","49.831059000","49.436998000","6832","52","10.0.0.2","40940","95.101.184.27","443","0","632","942916"
"49.831088","49.831088000","49.437027000","6833","52","10.0.0.2","40940","95.101.184.27","443","0","632","943648"
"49.831698","49.831698000","49.437637000","6834","296","95.101.184.27","443","10.0.0.2","40940","244","948284","632"
"49.831741","49.831741000","49.437680000","6835","296","95.101.184.27","443","10.0.0.2","40940","244","948528","632"
"49.831801","49.831801000","49.437740000","6836","296","95.101.184.27","443","10.0.0.2","40940","244","948772","632"
"49.831819","49.831819000","49.437758000","6837","296","95.101.184.27","443","10.0.0.2","40940","244","949016","632"
"49.831863","49.831863000","49.437802000","6838","296","95.101.184.27","443","10.0.0.2","40940","244","949260","632"
"49.894060","49.894060000","49.499999000","6839","52","10.0.0.2","40940","95.101.184.27","443","0","632","944136"
"49.894089","49.894089000","49.500028000","6840","52","10.0.0.2","40940","95.101.184.27","443","0","632","944868"
"49.894690","49.894690000","49.500629000","6841","296","95.101.184.27","443","10.0.0.2","40940","244","949504","632"
"49.894733","49.894733000","49.500672000","6842","296","95.101.184.27","443","10.0.0.2","40940","244","949748","632"
"49.894793","49.894793000","49.500732000","6843","296","95.101.184.27","443","10.0.0.2","40940","244","949992","632"
"49.894812","49.894812000","49.500751000","6844","296","95.101.184.27","443","10.0.0.2","40940","244","950236","632"
"49.894857","49.894857000","49.500796000","6845","296","95.101.184.27","443","10.0.0.2","40940","244","950480","632"
"49.955731","49.955731000","49.561670000","6846","52","10.0.0.2","40940","95.101.184.27","443","0","632","945356"
"49.955765","49.955765000","49.561704000","6847","52","10.0.0.2","40940","95.101.184.27","443","0","632","945844"
"49.956379","49.956379000","49.562318000","6848","296","95.101.184.27","443","10.0.0.2","40940","244","950724","632"
"49.956417","49.956417000","49.562356000","6849","296","95.101.184.27","443","10.0.0.2","40940","244","950968","632"
"49.956466","49.956466000","49.562405000","6850","296","95.101.184.27","443","10.0.0.2","40940","244","951212","632"
"49.956478","49.956478000","49.562417000","6851","296","95.101.184.27","443","10.0.0.2","40940","244","951456","632"
"49.956512","49.956512000","49.562451000","6852","296","95.101.184.27","443","10.0.0.2","40940","244","951700","632"
"50.018761","50.018761000","49.624700000","6853","52","10.0.0.2","40940","95.101.184.27","443","0","632","946088"
"50.018792","50.018792000","49.624731000","6854","52","10.0.0.2","40940","95.101.184.27","443","0","632","946576"
"50.018813","50.018813000","49.624752000","6855","52","10.0.0.2","40940","95.101.184.27","443","0","632","947308"
"50.019371","50.019371000","49.625310000","6856","296","95.101.184.27","443","10.0.0.2","40940","244","951944","632"
"50.019406","50.019406000","49.625345000","6857","296","95.101.184.27","443","10.0.0.2","40940","244","952188","632"
"50.019458","50.019458000","49.625397000","6858","296","95.101.184.27","443","10.0.0.2","40940","244","952432","632"
"50.019470","50.019470000","49.625409000","6859","296","95.101.184.27","443","10.0.0.2","40940","244","952676","632"
"50.019516","50.019516000","49.625455000","6860","296","95.101.184.27","443","10.0.0.2","40940","244","952920","632"
"50.019528","50.019528000","49.625467000","6861","296","95.101.184.27","443","10.0.0.2","40940","244","953164","632"
"50.080509","50.080509000","49.686448000","6862","52","10.0.0.2","40940","95.101.184.27","443","0","632","947796"
"50.080538","50.080538000","49.686477000","6863","52","10.0.0.2","40940","95.101.184.27","443","0","632","948772"
"50.081109","50.081109000","49.687048000","6864","296","95.101.184.27","443","10.0.0.2","40940","244","953408","632"
"50.081135","50.081135000","49.687074000","6865","296","95.101.184.27","443","10.0.0.2","40940","244","953652","632"
"50.081183","50.081183000","49.687122000","6866","296","95.101.184.27","443","10.0.0.2","40940","244","953896","632"
"50.081196","50.081196000","49.687135000","6867","296","95.101.184.27","443","10.0.0.2","40940","244","954140","632"
"50.081244","50.081244000","49.687183000","6868","296","95.101.184.27","443","10.0.0.2","40940","244","954384","632"
"50.081256","50.081256000","49.687195000","6869","296","95.101.184.27","443","10.0.0.2","40940","244","954628","632"
"50.144080","50.144080000","49.750019000","6870","52","10.0.0.2","40940","95.101.184.27","443","0","632","949260"
"50.144128","50.144128000","49.750067000","6871","52","10.0.0.2","40940","95.101.184.27","443","0","632","949992"
"50.144444","50.144444000","49.750383000","6872","296","95.101.184.27","443","10.0.0.2","40940","244","954872","632"
"50.144456","50.144456000","49.750395000","6873","296","95.101.184.27","443","10.0.0.2","40940","244","955116","632"
"50.144474","50.144474000","49.750413000","6874","296","95.101.184.27","443","10.0.0.2","40940","244","955360","632"
"50.144480","50.144480000","49.750419000","6875","296","95.101.184.27","443","10.0.0.2","40940","244","955604","632"
"50.144490","50.144490000","49.750429000","6876","296","95.101.184.27","443","10.0.0.2","40940","244","955848","632"
"50.206014","50.206014000","49.811953000","6877","52","10.0.0.2","40940","95.101.184.27","443","0","632","950480"
"50.206044","50.206044000","49.811983000","6878","52","10.0.0.2","40940","95.101.184.27","443","0","632","951212"
"50.206606","50.206606000","49.812545000","6879","296","95.101.184.27","443","10.0.0.2","40940","244","956092","632"
"50.206632","50.206632000","49.812571000","6880","296","95.101.184.27","443","10.0.0.2","40940","244","956336","632"
"50.206681","50.206681000","49.812620000","6881","296","95.101.184.27","443","10.0.0.2","40940","244","956580","632"
"50.206693","50.206693000","49.812632000","6882","296","95.101.184.27","443","10.0.0.2","40940","244","956824","632"
"50.206726","50.206726000","49.812665000","6883","296","95.101.184.27","443","10.0.0.2","40940","244","957068","632"
"50.268836","50.268836000","49.874775000","6884","52","10.0.0.2","40940","95.101.184.27","443","0","632","951700"
"50.268865","50.268865000","49.874804000","6885","52","10.0.0.2","40940","95.101.184.27","443","0","632","952432"
"50.269450","50.269450000","49.875389000","6886","296","95.101.184.27","443","10.0.0.2","40940","244","957312","632"
"50.269477","50.269477000","49.875416000","6887","296","95.101.184.27","443","10.0.0.2","40940","244","957556","632"
"50.269526","50.269526000","49.875465000","6888","296","95.101.184.27","443","10.0.0.2","40940","244","957800","632"
"50.269538","50.269538000","49.875477000","6889","296","95.101.184.27","443","10.0.0.2","40940","244","958044","632"
"50.269570","50.269570000","49.875509000","6890","296","95.101.184.27","443","10.0.0.2","40940","244","958288","632"
"50.331038","50.331038000","49.936977000","6891","52","10.0.0.2","40940","95.101.184.27","443","0","632","952920"
"50.331073","50.331073000","49.937012000","6892","52","10.0.0.2","40940","95.101.184.27","443","0","632","953652"
"50.331599","50.331599000","49.937538000","6893","296","95.101.184.27","443","10.0.0.2","40940","244","958532","632"
"50.331626","50.331626000","49.937565000","6894","296","95.101.184.27","443","10.0.0.2","40940","244","958776","632"
"50.331676","50.331676000","49.937615000","6895","296","95.101.184.27","443","10.0.0.2","40940","244","959020","632"
"50.331688","50.331688000","49.937627000","6896","296","95.101.184.27","443","10.0.0.2","40940","244","959264","632"
"50.331721","50.331721000","49.937660000","6897","296","95.101.184.27","443","10.0.0.2","40940","244","959508","632"
"50.393282","50.393282000","49.999221000","6898","52","10.0.0.2","40940","95.101.184.27","443","0","632","954140"
"50.393310","50.393310000","49.999249000","6899","52","10.0.0.2","40940","95.101.184.27","443","0","632","954872"
"50.393995","50.393995000","49.999934000","6900","296","95.101.184.27","443","10.0.0.2","40940","244","959752","632"
"50.394029","50.394029000","49.999968000","6901","296","95.101.184.27","443","10.0.0.2","40940","244","959996","632"
"50.394090","50.394090000","50.000029000","6902","296","95.101.184.27","443","10.0.0.2","40940","244","960240","632"
"50.394103","50.394103000","50.000042000","6903","296","95.101.184.27","443","10.0.0.2","40940","244","960484","632"
"50.394142","50.394142000","50.000081000","6904","296","95.101.184.27","443","10.0.0.2","40940","244","960728","632"
"50.455129","50.455129000","50.061068000","6905","52","10.0.0.2","40940","95.101.184.27","443","0","632","955360"
"50.455159","50.455159000","50.061098000","6906","52","10.0.0.2","40940","95.101.184.27","443","0","632","956092"
"50.455715","50.455715000","50.061654000","6907","296","95.101.184.27","443","10.0.0.2","40940","244","960972","632"
"50.455741","50.455741000","50.061680000","6908","296","95.101.184.27","443","10.0.0.2","40940","244","961216","632"
"50.455790","50.455790000","50.061729000","6909","296","95.101.184.27","443","10.0.0.2","40940","244","961460","632"
"50.455802","50.455802000","50.061741000","6910","296","95.101.184.27","443","10.0.0.2","40940","244","961704","632"
"50.455835","50.455835000","50.061774000","6911","296","95.101.184.27","443","10.0.0.2","40940","244","961948","632"
"50.518246","50.518246000","50.124185000","6912","52","10.0.0.2","40940","95.101.184.27","443","0","632","956580"
"50.518280","50.518280000","50.124219000","6913","52","10.0.0.2","40940","95.101.184.27","443","0","632","957312"
"50.518778","50.518778000","50.124717000","6914","296","95.101.184.27","443","10.0.0.2","40940","244","962192","632"
"50.518800","50.518800000","50.124739000","6915","296","95.101.184.27","443","10.0.0.2","40940","244","962436","632"
"50.518847","50.518847000","50.124786000","6916","296","95.101.184.27","443","10.0.0.2","40940","244","962680","632"
"50.518859","50.518859000","50.124798000","6917","296","95.101.184.27","443","10.0.0.2","40940","244","962924","632"
"50.518905","50.518905000","50.124844000","6918","296","95.101.184.27","443","10.0.0.2","40940","244","963168","632"
"50.518946","50.518946000","50.124885000","6919","296","95.101.184.27","443","10.0.0.2","40940","244","963412","632"
"50.580618","50.580618000","50.186557000","6920","52","10.0.0.2","40940","95.101.184.27","443","0","632","957800"
"50.580648","50.580648000","50.186587000","6921","52","10.0.0.2","40940","95.101.184.27","443","0","632","958532"
"50.581216","50.581216000","50.187155000","6922","296","95.101.184.27","443","10.0.0.2","40940","244","963656","632"
"50.581242","50.581242000","50.187181000","6923","296","95.101.184.27","443","10.0.0.2","40940","244","963900","632"
"50.581295","50.581295000","50.187234000","6924","296","95.101.184.27","443","10.0.0.2","40940","244","964144","632"
"50.581306","50.581306000","50.187245000","6925","296","95.101.184.27","443","10.0.0.2","40940","244","964388","632"
"50.581340","50.581340000","50.187279000","6926","296","95.101.184.27","443","10.0.0.2","40940","244","964632","632"
"50.643432","50.643432000","50.249371000","6927","52","10.0.0.2","40940","95.101.184.27","443","0","632","959020"
"50.643462","50.643462000","50.249401000","6928","52","10.0.0.2","40940","95.101.184.27","443","0","632","959752"
"50.644040","50.644040000","50.249979000","6929","296","95.101.184.27","443","10.0.0.2","40940","244","964876","632"
"50.644065","50.644065000","50.250004000","6930","296","95.101.184.27","443","10.0.0.2","40940","244","965120","632"
"50.644115","50.644115000","50.250054000","6931","296","95.101.184.27","443","10.0.0.2","40940","244","965364","632"
"50.644126","50.644126000","50.250065000","6932","296","95.101.184.27","443","10.0.0.2","40940","244","965608","632"
"50.644160","50.644160000","50.250099000","6933","296","95.101.184.27","443","10.0.0.2","40940","244","965852","632"
"50.705667","50.705667000","50.311606000","6934","52","10.0.0.2","40940","95.101.184.27","443","0","632","960240"
"50.705698","50.705698000","50.311637000","6935","52","10.0.0.2","40940","95.101.184.27","443","0","632","960972"
"50.706256","50.706256000","50.312195000","6936","296","95.101.184.27","443","10.0.0.2","40940","244","966096","632"
"50.706282","50.706282000","50.312221000","6937","296","95.101.184.27","443","10.0.0.2","40940","244","966340","632"
"50.706334","50.706334000","50.312273000","6938","296","95.101.184.27","443","10.0.0.2","40940","244","966584","632"
"50.706347","50.706347000","50.312286000","6939","296","95.101.184.27","443","10.0.0.2","40940","244","966828","632"
"50.706381","50.706381000","50.312320000","6940","296","95.101.184.27","443","10.0.0.2","40940","244","967072","632"
"50.768826","50.768826000","50.374765000","6941","52","10.0.0.2","40940","95.101.184.27","443","0","632","961460"
"50.768856","50.768856000","50.374795000","6942","52","10.0.0.2","40940","95.101.184.27","443","0","632","962192"
"50.769461","50.769461000","50.375400000","6943","296","95.101.184.27","443","10.0.0.2","40940","244","967316","632"
"50.769487","50.769487000","50.375426000","6944","296","95.101.184.27","443","10.0.0.2","40940","244","967560","632"
"50.769536","50.769536000","50.375475000","6945","296","95.101.184.27","443","10.0.0.2","40940","244","967804","632"
"50.769548","50.769548000","50.375487000","6946","296","95.101.184.27","443","10.0.0.2","40940","244","968048","632"
"50.769581","50.769581000","50.375520000","6947","296","95.101.184.27","443","10.0.0.2","40940","244","968292","632"
"50.830788","50.830788000","50.436727000","6948","52","10.0.0.2","40940","95.101.184.27","443","0","632","962680"
"50.830819","50.830819000","50.436758000","6949","52","10.0.0.2","40940","95.101.184.27","443","0","632","963412"
"50.831414","50.831414000","50.437353000","6950","296","95.101.184.27","443","10.0.0.2","40940","244","968536","632"
"50.831441","50.831441000","50.437380000","6951","296","95.101.184.27","443","10.0.0.2","40940","244","968780","632"
"50.831489","50.831489000","50.437428000","6952","296","95.101.184.27","443","10.0.0.2","40940","244","969024","632"
"50.831501","50.831501000","50.437440000","6953","296","95.101.184.27","443","10.0.0.2","40940","244","969268","632"
"50.831534","50.831534000","50.437473000","6954","296","95.101.184.27","443","10.0.0.2","40940","244","969512","632"
"50.893891","50.893891000","50.499830000","6955","52","10.0.0.2","40940","95.101.184.27","443","0","632","963900"
"50.893959","50.893959000","50.499898000","6956","52","10.0.0.2","40940","95.101.184.27","443","0","632","964388"
"50.894495","50.894495000","50.500434000","6957","296","95.101.184.27","443","10.0.0.2","40940","244","969756","632"
"50.894521","50.894521000","50.500460000","6958","296","95.101.184.27","443","10.0.0.2","40940","244","970000","632"
"50.894572","50.894572000","50.500511000","6959","296","95.101.184.27","443","10.0.0.2","40940","244","970244","632"
"50.894585","50.894585000","50.500524000","6960","296","95.101.184.27","443","10.0.0.2","40940","244","970488","632"
"50.955426","50.955426000","50.561365000","6961","52","10.0.0.2","40940","95.101.184.27","443","0","632","964632"
"50.955454","50.955454000","50.561393000","6962","52","10.0.0.2","40940","95.101.184.27","443","0","632","965120"
"50.955470","50.955470000","50.561409000","6963","52","10.0.0.2","40940","95.101.184.27","443","0","632","965852"
"50.956034","50.956034000","50.561973000","6964","296","95.101.184.27","443","10.0.0.2","40940","244","970732","632"
"50.956056","50.956056000","50.561995000","6965","296","95.101.184.27","443","10.0.0.2","40940","244","970976","632"
"50.956104","50.956104000","50.562043000","6966","296","95.101.184.27","443","10.0.0.2","40940","244","971220","632"
"50.956115","50.956115000","50.562054000","6967","296","95.101.184.27","443","10.0.0.2","40940","244","971464","632"
"50.956160","50.956160000","50.562099000","6968","296","95.101.184.27","443","10.0.0.2","40940","244","971708","632"
"50.956172","50.956172000","50.562111000","6969","296","95.101.184.27","443","10.0.0.2","40940","244","971952","632"
"51.018146","51.018146000","50.624085000","6970","52","10.0.0.2","40940","95.101.184.27","443","0","632","966340"
"51.018176","51.018176000","50.624115000","6971","52","10.0.0.2","40940","95.101.184.27","443","0","632","967072"
"51.018738","51.018738000","50.624677000","6972","296","95.101.184.27","443","10.0.0.2","40940","244","972196","632"
"51.018765","51.018765000","50.624704000","6973","296","95.101.184.27","443","10.0.0.2","40940","244","972440","632"
"51.018813","51.018813000","50.624752000","6974","296","95.101.184.27","443","10.0.0.2","40940","244","972684","632"
"51.018825","51.018825000","50.624764000","6975","296","95.101.184.27","443","10.0.0.2","40940","244","972928","632"
"51.018857","51.018857000","50.624796000","6976","296","95.101.184.27","443","10.0.0.2","40940","244","973172","632"
"51.080143","51.080143000","50.686082000","6977","52","10.0.0.2","40940","95.101.184.27","443","0","632","967560"
"51.080172","51.080172000","50.686111000","6978","52","10.0.0.2","40940","95.101.184.27","443","0","632","968292"
"51.080732","51.080732000","50.686671000","6979","296","95.101.184.27","443","10.0.0.2","40940","244","973416","632"
"51.080759","51.080759000","50.686698000","6980","296","95.101.184.27","443","10.0.0.2","40940","244","973660","632"
"51.080812","51.080812000","50.686751000","6981","296","95.101.184.27","443","10.0.0.2","40940","244","973904","632"
"51.080824","51.080824000","50.686763000","6982","296","95.101.184.27","443","10.0.0.2","40940","244","974148","632"
"51.080857","51.080857000","50.686796000","6983","296","95.101.184.27","443","10.0.0.2","40940","244","974392","632"
"51.143610","51.143610000","50.749549000","6984","52","10.0.0.2","40940","95.101.184.27","443","0","632","968780"
"51.143639","51.143639000","50.749578000","6985","52","10.0.0.2","40940","95.101.184.27","443","0","632","969512"
"51.144153","51.144153000","50.750092000","6986","296","95.101.184.27","443","10.0.0.2","40940","244","974636","632"
"51.144175","51.144175000","50.750114000","6987","296","95.101.184.27","443","10.0.0.2","40940","244","974880","632"
"51.144222","51.144222000","50.750161000","6988","296","95.101.184.27","443","10.0.0.2","40940","244","975124","632"
"51.144234","51.144234000","50.750173000","6989","296","95.101.184.27","443","10.0.0.2","40940","244","975368","632"
"51.144280","51.144280000","50.750219000","6990","296","95.101.184.27","443","10.0.0.2","40940","244","975612","632"
"51.144291","51.144291000","50.750230000","6991","296","95.101.184.27","443","10.0.0.2","40940","244","975856","632"
"51.205360","51.205360000","50.811299000","6992","52","10.0.0.2","40940","95.101.184.27","443","0","632","970000"
"51.205390","51.205390000","50.811329000","6993","52","10.0.0.2","40940","95.101.184.27","443","0","632","970732"
"51.205935","51.205935000","50.811874000","6994","296","95.101.184.27","443","10.0.0.2","40940","244","976100","632"
"51.205968","51.205968000","50.811907000","6995","296","95.101.184.27","443","10.0.0.2","40940","244","976344","632"
"51.206017","51.206017000","50.811956000","6996","296","95.101.184.27","443","10.0.0.2","40940","244","976588","632"
"51.206029","51.206029000","50.811968000","6997","296","95.101.184.27","443","10.0.0.2","40940","244","976832","632"
"51.206062","51.206062000","50.812001000","6998","296","95.101.184.27","443","10.0.0.2","40940","244","977076","632"
"51.268437","51.268437000","50.874376000","6999","52","10.0.0.2","40940","95.101.184.27","443","0","632","971220"
"51.268468","51.268468000","50.874407000","7000","52","10.0.0.2","40940","95.101.184.27","443","0","632","971952"
"51.269020","51.269020000","50.874959000","7001","296","95.101.184.27","443","10.0.0.2","40940","244","977320","632"
"51.269047","51.269047000","50.874986000","7002","296","95.101.184.27","443","10.0.0.2","40940","244","977564","632"
"51.269097","51.269097000","50.875036000","7003","296","95.101.184.27","443","10.0.0.2","40940","244","977808","632"
"51.269108","51.269108000","50.875047000","7004","296","95.101.184.27","443","10.0.0.2","40940","244","978052","632"
"51.269141","51.269141000","50.875080000","7005","296","95.101.184.27","443","10.0.0.2","40940","244","978296","632"
"51.330774","51.330774000","50.936713000","7006","52","10.0.0.2","40940","95.101.184.27","443","0","632","972440"
"51.330798","51.330798000","50.936737000","7007","52","10.0.0.2","40940","95.101.184.27","443","0","632","973172"
"51.331415","51.331415000","50.937354000","7008","296","95.101.184.27","443","10.0.0.2","40940","244","978540","632"
"51.331437","51.331437000","50.937376000","7009","296","95.101.184.27","443","10.0.0.2","40940","244","978784","632"
"51.331486","51.331486000","50.937425000","7010","296","95.101.184.27","443","10.0.0.2","40940","244","979028","632"
"51.331498","51.331498000","50.937437000","7011","296","95.101.184.27","443","10.0.0.2","40940","244","979272","632"
"51.331532","51.331532000","50.937471000","7012","296","95.101.184.27","443","10.0.0.2","40940","244","979516","632"
"51.393672","51.393672000","50.999611000","7013","52","10.0.0.2","40940","95.101.184.27","443","0","632","973660"
"51.393705","51.393705000","50.999644000","7014","52","10.0.0.2","40940","95.101.184.27","443","0","632","974392"
"51.394280","51.394280000","51.000219000","7015","296","95.101.184.27","443","10.0.0.2","40940","244","979760","632"
"51.394308","51.394308000","51.000247000","7016","296","95.101.184.27","443","10.0.0.2","40940","244","980004","632"
"51.394356","51.394356000","51.000295000","7017","296","95.101.184.27","443","10.0.0.2","40940","244","980248","632"
"51.394368","51.394368000","51.000307000","7018","296","95.101.184.27","443","10.0.0.2","40940","244","980492","632"
"51.394407","51.394407000","51.000346000","7019","296","95.101.184.27","443","10.0.0.2","40940","244","980736","632"
"51.455734","51.455734000","51.061673000","7020","52","10.0.0.2","40940","95.101.184.27","443","0","632","974880"
"51.455764","51.455764000","51.061703000","7021","52","10.0.0.2","40940","95.101.184.27","443","0","632","975124"
"51.455784","51.455784000","51.061723000","7022","52","10.0.0.2","40940","95.101.184.27","443","0","632","975612"
"51.456305","51.456305000","51.062244000","7023","296","95.101.184.27","443","10.0.0.2","40940","244","980980","632"
"51.456326","51.456326000","51.062265000","7024","296","95.101.184.27","443","10.0.0.2","40940","244","981224","632"
"51.456372","51.456372000","51.062311000","7025","296","95.101.184.27","443","10.0.0.2","40940","244","981468","632"
"51.456384","51.456384000","51.062323000","7026","296","95.101.184.27","443","10.0.0.2","40940","244","981712","632"
"51.456428","51.456428000","51.062367000","7027","296","95.101.184.27","443","10.0.0.2","40940","244","981956","632"
"51.456439","51.456439000","51.062378000","7028","296","95.101.184.27","443","10.0.0.2","40940","244","982200","632"
"51.519049","51.519049000","51.124988000","7029","52","10.0.0.2","40940","95.101.184.27","443","0","632","976100"
"51.519078","51.519078000","51.125017000","7030","52","10.0.0.2","40940","95.101.184.27","443","0","632","976832"
"51.519651","51.519651000","51.125590000","7031","296","95.101.184.27","443","10.0.0.2","40940","244","982444","632"
"51.519673","51.519673000","51.125612000","7032","296","95.101.184.27","443","10.0.0.2","40940","244","982688","632"
"51.519722","51.519722000","51.125661000","7033","296","95.101.184.27","443","10.0.0.2","40940","244","982932","632"
"51.519734","51.519734000","51.125673000","7034","296","95.101.184.27","443","10.0.0.2","40940","244","983176","632"
"51.519768","51.519768000","51.125707000","7035","296","95.101.184.27","443","10.0.0.2","40940","244","983420","632"
"51.580139","51.580139000","51.186078000","7036","52","10.0.0.2","40940","95.101.184.27","443","0","632","977320"
"51.580169","51.580169000","51.186108000","7037","52","10.0.0.2","40940","95.101.184.27","443","0","632","978052"
"51.580856","51.580856000","51.186795000","7038","296","95.101.184.27","443","10.0.0.2","40940","244","983664","632"
"51.580892","51.580892000","51.186831000","7039","296","95.101.184.27","443","10.0.0.2","40940","244","983908","632"
"51.581000","51.581000000","51.186939000","7040","296","95.101.184.27","443","10.0.0.2","40940","244","984152","632"
"51.581023","51.581023000","51.186962000","7041","296","95.101.184.27","443","10.0.0.2","40940","244","984396","632"
"51.581066","51.581066000","51.187005000","7042","296","95.101.184.27","443","10.0.0.2","40940","244","984640","632"
"51.644061","51.644061000","51.250000000","7043","52","10.0.0.2","40940","95.101.184.27","443","0","632","978540"
"51.644091","51.644091000","51.250030000","7044","52","10.0.0.2","40940","95.101.184.27","443","0","632","979272"
"51.644777","51.644777000","51.250716000","7045","296","95.101.184.27","443","10.0.0.2","40940","244","984884","632"
"51.644812","51.644812000","51.250751000","7046","296","95.101.184.27","443","10.0.0.2","40940","244","985128","632"
"51.644873","51.644873000","51.250812000","7047","296","95.101.184.27","443","10.0.0.2","40940","244","985372","632"
"51.644890","51.644890000","51.250829000","7048","296","95.101.184.27","443","10.0.0.2","40940","244","985616","632"
"51.644982","51.644982000","51.250921000","7049","296","95.101.184.27","443","10.0.0.2","40940","244","985860","632"
"51.645000","51.645000000","51.250939000","7050","296","95.101.184.27","443","10.0.0.2","40940","244","986104","632"
"51.705321","51.705321000","51.311260000","7051","52","10.0.0.2","40940","95.101.184.27","443","0","632","979760"
"51.705352","51.705352000","51.311291000","7052","52","10.0.0.2","40940","95.101.184.27","443","0","632","980492"
"51.705900","51.705900000","51.311839000","7053","296","95.101.184.27","443","10.0.0.2","40940","244","986348","632"
"51.705958","51.705958000","51.311897000","7054","296","95.101.184.27","443","10.0.0.2","40940","244","986592","632"
"51.706010","51.706010000","51.311949000","7055","296","95.101.184.27","443","10.0.0.2","40940","244","986836","632"
"51.706022","51.706022000","51.311961000","7056","296","95.101.184.27","443","10.0.0.2","40940","244","987080","632"
"51.706056","51.706056000","51.311995000","7057","296","95.101.184.27","443","10.0.0.2","40940","244","987324","632"
"51.768682","51.768682000","51.374621000","7058","52","10.0.0.2","40940","95.101.184.27","443","0","632","980980"
"51.768709","51.768709000","51.374648000","7059","52","10.0.0.2","40940","95.101.184.27","443","0","632","981712"
"51.769268","51.769268000","51.375207000","7060","296","95.101.184.27","443","10.0.0.2","40940","244","987568","632"
"51.769293","51.769293000","51.375232000","7061","296","95.101.184.27","443","10.0.0.2","40940","244","987812","632"
"51.769343","51.769343000","51.375282000","7062","296","95.101.184.27","443","10.0.0.2","40940","244","988056","632"
"51.769354","51.769354000","51.375293000","7063","296","95.101.184.27","443","10.0.0.2","40940","244","988300","632"
"51.769405","51.769405000","51.375344000","7064","296","95.101.184.27","443","10.0.0.2","40940","244","988544","632"
"51.769418","51.769418000","51.375357000","7065","296","95.101.184.27","443","10.0.0.2","40940","244","988788","632"
"51.830697","51.830697000","51.436636000","7066","52","10.0.0.2","40940","95.101.184.27","443","0","632","982200"
"51.830728","51.830728000","51.436667000","7067","52","10.0.0.2","40940","95.101.184.27","443","0","632","982200"
"51.830747","51.830747000","51.436686000","7068","52","10.0.0.2","40940","95.101.184.27","443","0","632","982200"
"51.830763","51.830763000","51.436702000","7069","52","10.0.0.2","40940","95.101.184.27","443","0","632","982200"
"51.831232","51.831232000","51.437171000","7070","296","95.101.184.27","443","10.0.0.2","40940","244","989032","632"
"51.831268","51.831268000","51.437207000","7071","296","95.101.184.27","443","10.0.0.2","40940","244","989276","632"
"51.831322","51.831322000","51.437261000","7072","296","95.101.184.27","443","10.0.0.2","40940","244","989520","632"
"51.831334","51.831334000","51.437273000","7073","296","95.101.184.27","443","10.0.0.2","40940","244","989764","632"
"51.831367","51.831367000","51.437306000","7074","296","95.101.184.27","443","10.0.0.2","40940","244","982200","632"
"51.893728","51.893728000","51.499667000","7075","52","10.0.0.2","40940","95.101.184.27","443","0","632","982200"
"51.893761","51.893761000","51.499700000","7076","52","10.0.0.2","40940","95.101.184.27","443","0","632","982200"
"51.893782","51.893782000","51.499721000","7077","52","10.0.0.2","40940","95.101.184.27","443","0","632","982200"
"51.893798","51.893798000","51.499737000","7078","52","10.0.0.2","40940","95.101.184.27","443","0","632","982200"
"51.893816","51.893816000","51.499755000","7079","52","10.0.0.2","40940","95.101.184.27","443","0","632","982200"
"51.894328","51.894328000","51.500267000","7080","296","95.101.184.27","443","10.0.0.2","40940","244","990008","632"
"51.894363","51.894363000","51.500302000","7081","296","95.101.184.27","443","10.0.0.2","40940","244","990252","632"
"51.894413","51.894413000","51.500352000","7082","296","95.101.184.27","443","10.0.0.2","40940","244","990496","632"
"51.894425","51.894425000","51.500364000","7083","296","95.101.184.27","443","10.0.0.2","40940","244","990740","632"
"51.955455","51.955455000","51.561394000","7084","52","10.0.0.2","40940","95.101.184.27","443","0","632","982200"
"51.955483","51.955483000","51.561422000","7085","52","10.0.0.2","40940","95.101.184.27","443","0","632","982200"
"51.955501","51.955501000","51.561440000","7086","52","10.0.0.2","40940","95.101.184.27","443","0","632","982200"
"51.955515","51.955515000","51.561454000","7087","52","10.0.0.2","40940","95.101.184.27","443","0","632","982200"
"51.955529","51.955529000","51.561468000","7088","52","10.0.0.2","40940","95.101.184.27","443","0","632","982200"
"51.956010","51.956010000","51.561949000","7089","296","95.101.184.27","443","10.0.0.2","40940","244","990984","632"
"51.956083","51.956083000","51.562022000","7090","296","95.101.184.27","443","10.0.0.2","40940","244","991228","632"
"51.956097","51.956097000","51.562036000","7091","296","95.101.184.27","443","10.0.0.2","40940","244","991472","632"
"52.018440","52.018440000","51.624379000","7092","52","10.0.0.2","40940","95.101.184.27","443","0","632","982200"
"52.018474","52.018474000","51.624413000","7093","52","10.0.0.2","40940","95.101.184.27","443","0","632","982200"
"52.018492","52.018492000","51.624431000","7094","52","10.0.0.2","40940","95.101.184.27","443","0","632","982200"
"52.018507","52.018507000","51.624446000","7095","52","10.0.0.2","40940","95.101.184.27","443","0","632","982200"
"52.018523","52.018523000","51.624462000","7096","52","10.0.0.2","40940","95.101.184.27","443","0","632","982200"
"52.019029","52.019029000","51.624968000","7097","296","95.101.184.27","443","10.0.0.2","40940","244","991716","632"
"52.019064","52.019064000","51.625003000","7098","296","95.101.184.27","443","10.0.0.2","40940","244","991960","632"
"52.019116","52.019116000","51.625055000","7099","296","95.101.184.27","443","10.0.0.2","40940","244","992204","632"
"52.019128","52.019128000","51.625067000","7100","296","95.101.184.27","443","10.0.0.2","40940","244","992448","632"
"52.080279","52.080279000","51.686218000","7101","52","10.0.0.2","40940","95.101.184.27","443","0","632","982200"
"52.080311","52.080311000","51.686250000","7102","52","10.0.0.2","40940","95.101.184.27","443","0","632","982200"
"52.080328","52.080328000","51.686267000","7103","52","10.0.0.2","40940","95.101.184.27","443","0","632","982200"
"52.080344","52.080344000","51.686283000","7104","52","10.0.0.2","40940","95.101.184.27","443","0","632","982200"
"52.080360","52.080360000","51.686299000","7105","52","10.0.0.2","40940","95.101.184.27","443","0","632","982200"
"52.080972","52.080972000","51.686911000","7106","296","95.101.184.27","443","10.0.0.2","40940","244","992692","632"
"52.081008","52.081008000","51.686947000","7107","296","95.101.184.27","443","10.0.0.2","40940","244","992936","632"
"52.081046","52.081046000","51.686985000","7108","296","95.101.184.27","443","10.0.0.2","40940","244","993180","632"
"52.143744","52.143744000","51.749683000","7109","52","10.0.0.2","40940","95.101.184.27","443","0","632","982200"
"52.143770","52.143770000","51.749709000","7110","52","10.0.0.2","40940","95.101.184.27","443","0","632","982200"
"52.143788","52.143788000","51.749727000","7111","52","10.0.0.2","40940","95.101.184.27","443","0","632","982200"
"52.143802","52.143802000","51.749741000","7112","52","10.0.0.2","40940","95.101.184.27","443","0","632","982200"
"52.143814","52.143814000","51.749753000","7113","52","10.0.0.2","40940","95.101.184.27","443","0","632","982200"
"52.144346","52.144346000","51.750285000","7114","296","95.101.184.27","443","10.0.0.2","40940","244","993424","632"
"52.144381","52.144381000","51.750320000","7115","296","95.101.184.27","443","10.0.0.2","40940","244","993668","632"
"52.144421","52.144421000","51.750360000","7116","296","95.101.184.27","443","10.0.0.2","40940","244","993912","632"
"52.205804","52.205804000","51.811743000","7117","52","10.0.0.2","40940","95.101.184.27","443","0","632","982200"
"52.205835","52.205835000","51.811774000","7118","52","10.0.0.2","40940","95.101.184.27","443","0","632","986104"
"52.205852","52.205852000","51.811791000","7119","52","10.0.0.2","40940","95.101.184.27","443","0","632","986104"
"52.205869","52.205869000","51.811808000","7120","52","10.0.0.2","40940","95.101.184.27","443","0","632","986104"
"52.205886","52.205886000","51.811825000","7121","52","10.0.0.2","40940","95.101.184.27","443","0","632","986104"
"52.206364","52.206364000","51.812303000","7122","296","95.101.184.27","443","10.0.0.2","40940","244","994156","632"
"52.206400","52.206400000","51.812339000","7123","296","95.101.184.27","443","10.0.0.2","40940","244","986104","632"
"52.206452","52.206452000","51.812391000","7124","296","95.101.184.27","443","10.0.0.2","40940","244","994400","632"
"52.206464","52.206464000","51.812403000","7125","296","95.101.184.27","443","10.0.0.2","40940","244","994644","632"
"52.206510","52.206510000","51.812449000","7126","296","95.101.184.27","443","10.0.0.2","40940","244","994888","632"
"52.206522","52.206522000","51.812461000","7127","296","95.101.184.27","443","10.0.0.2","40940","244","995132","632"
"52.268787","52.268787000","51.874726000","7128","52","10.0.0.2","40940","95.101.184.27","443","0","632","986104"
"52.268813","52.268813000","51.874752000","7129","52","10.0.0.2","40940","95.101.184.27","443","0","632","986104"
"52.268833","52.268833000","51.874772000","7130","52","10.0.0.2","40940","95.101.184.27","443","0","632","986104"
"52.268850","52.268850000","51.874789000","7131","52","10.0.0.2","40940","95.101.184.27","443","0","632","986104"
"52.268864","52.268864000","51.874803000","7132","52","10.0.0.2","40940","95.101.184.27","443","0","632","986104"
"52.269467","52.269467000","51.875406000","7133","296","95.101.184.27","443","10.0.0.2","40940","244","995376","632"
"52.269502","52.269502000","51.875441000","7134","296","95.101.184.27","443","10.0.0.2","40940","244","995620","632"
"52.269555","52.269555000","51.875494000","7135","296","95.101.184.27","443","10.0.0.2","40940","244","995864","632"
"52.269567","52.269567000","51.875506000","7136","296","95.101.184.27","443","10.0.0.2","40940","244","996108","632"
"52.330158","52.330158000","51.936097000","7137","52","10.0.0.2","40940","95.101.184.27","443","0","632","986104"
"52.330188","52.330188000","51.936127000","7138","52","10.0.0.2","40940","95.101.184.27","443","0","632","986104"
"52.330206","52.330206000","51.936145000","7139","52","10.0.0.2","40940","95.101.184.27","443","0","632","986104"
"52.330221","52.330221000","51.936160000","7140","52","10.0.0.2","40940","95.101.184.27","443","0","632","986104"
"52.330234","52.330234000","51.936173000","7141","52","10.0.0.2","40940","95.101.184.27","443","0","632","986104"
"52.330748","52.330748000","51.936687000","7142","296","95.101.184.27","443","10.0.0.2","40940","244","996352","632"
"52.330782","52.330782000","51.936721000","7143","296","95.101.184.27","443","10.0.0.2","40940","244","996596","632"
"52.330833","52.330833000","51.936772000","7144","296","95.101.184.27","443","10.0.0.2","40940","244","996840","632"
"52.330845","52.330845000","51.936784000","7145","296","95.101.184.27","443","10.0.0.2","40940","244","997084","632"
"52.330882","52.330882000","51.936821000","7146","296","95.101.184.27","443","10.0.0.2","40940","244","997328","632"
"52.393209","52.393209000","51.999148000","7147","52","10.0.0.2","40940","95.101.184.27","443","0","632","986104"
"52.393238","52.393238000","51.999177000","7148","52","10.0.0.2","40940","95.101.184.27","443","0","632","986104"
"52.393258","52.393258000","51.999197000","7149","52","10.0.0.2","40940","95.101.184.27","443","0","632","986104"
"52.393275","52.393275000","51.999214000","7150","52","10.0.0.2","40940","95.101.184.27","443","0","632","986104"
"52.393291","52.393291000","51.999230000","7151","52","10.0.0.2","40940","95.101.184.27","443","0","632","986104"
"52.393804","52.393804000","51.999743000","7152","296","95.101.184.27","443","10.0.0.2","40940","244","997572","632"
"52.393841","52.393841000","51.999780000","7153","296","95.101.184.27","443","10.0.0.2","40940","244","997816","632"
"52.393892","52.393892000","51.999831000","7154","296","95.101.184.27","443","10.0.0.2","40940","244","998060","632"
"52.393903","52.393903000","51.999842000","7155","296","95.101.184.27","443","10.0.0.2","40940","244","998304","632"
"52.393970","52.393970000","51.999909000","7156","296","95.101.184.27","443","10.0.0.2","40940","244","998548","632"
"52.455268","52.455268000","52.061207000","7157","52","10.0.0.2","40940","95.101.184.27","443","0","632","988788"
"52.455305","52.455305000","52.061244000","7158","52","10.0.0.2","40940","95.101.184.27","443","0","632","988788"
"52.455323","52.455323000","52.061262000","7159","52","10.0.0.2","40940","95.101.184.27","443","0","632","988788"
"52.455338","52.455338000","52.061277000","7160","52","10.0.0.2","40940","95.101.184.27","443","0","632","988788"
"52.455355","52.455355000","52.061294000","7161","52","10.0.0.2","40940","95.101.184.27","443","0","632","988788"
"52.455890","52.455890000","52.061829000","7162","296","95.101.184.27","443","10.0.0.2","40940","244","988788","632"
"52.455954","52.455954000","52.061893000","7163","296","95.101.184.27","443","10.0.0.2","40940","244","998792","632"
"52.456012","52.456012000","52.061951000","7164","296","95.101.184.27","443","10.0.0.2","40940","244","999036","632"
"52.456025","52.456025000","52.061964000","7165","296","95.101.184.27","443","10.0.0.2","40940","244","999280","632"
"52.456070","52.456070000","52.062009000","7166","296","95.101.184.27","443","10.0.0.2","40940","244","999524","632"
"52.456082","52.456082000","52.062021000","7167","296","95.101.184.27","443","10.0.0.2","40940","244","999768","632"
"52.518533","52.518533000","52.124472000","7168","52","10.0.0.2","40940","95.101.184.27","443","0","632","988788"
"52.518563","52.518563000","52.124502000","7169","52","10.0.0.2","40940","95.101.184.27","443","0","632","988788"
"52.518581","52.518581000","52.124520000","7170","52","10.0.0.2","40940","95.101.184.27","443","0","632","988788"
"52.518597","52.518597000","52.124536000","7171","52","10.0.0.2","40940","95.101.184.27","443","0","632","988788"
"52.518611","52.518611000","52.124550000","7172","52","10.0.0.2","40940","95.101.184.27","443","0","632","988788"
"52.519063","52.519063000","52.125002000","7173","296","95.101.184.27","443","10.0.0.2","40940","244","1000012","632"
"52.519098","52.519098000","52.125037000","7174","296","95.101.184.27","443","10.0.0.2","40940","244","1000256","632"
"52.519149","52.519149000","52.125088000","7175","296","95.101.184.27","443","10.0.0.2","40940","244","1000500","632"
"52.519161","52.519161000","52.125100000","7176","296","95.101.184.27","443","10.0.0.2","40940","244","1000744","632"
"52.580780","52.580780000","52.186719000","7177","52","10.0.0.2","40940","95.101.184.27","443","0","632","988788"
"52.580807","52.580807000","52.186746000","7178","52","10.0.0.2","40940","95.101.184.27","443","0","632","988788"
"52.580825","52.580825000","52.186764000","7179","52","10.0.0.2","40940","95.101.184.27","443","0","632","988788"
"52.580840","52.580840000","52.186779000","7180","52","10.0.0.2","40940","95.101.184.27","443","0","632","988788"
"52.580851","52.580851000","52.186790000","7181","52","10.0.0.2","40940","95.101.184.27","443","0","632","988788"
"52.581365","52.581365000","52.187304000","7182","296","95.101.184.27","443","10.0.0.2","40940","244","1000988","632"
"52.581400","52.581400000","52.187339000","7183","296","95.101.184.27","443","10.0.0.2","40940","244","1001232","632"
"52.581451","52.581451000","52.187390000","7184","296","95.101.184.27","443","10.0.0.2","40940","244","1001476","632"
"52.581462","52.581462000","52.187401000","7185","296","95.101.184.27","443","10.0.0.2","40940","244","1001720","632"
"52.581497","52.581497000","52.187436000","7186","296","95.101.184.27","443","10.0.0.2","40940","244","1001964","632"
"52.643787","52.643787000","52.249726000","7187","52","10.0.0.2","40940","95.101.184.27","443","0","632","988788"
"52.643822","52.643822000","52.249761000","7188","52","10.0.0.2","40940","95.101.184.27","443","0","632","988788"
"52.643839","52.643839000","52.249778000","7189","52","10.0.0.2","40940","95.101.184.27","443","0","632","988788"
"52.643854","52.643854000","52.249793000","7190","52","10.0.0.2","40940","95.101.184.27","443","0","632","988788"
"52.643871","52.643871000","52.249810000","7191","52","10.0.0.2","40940","95.101.184.27","443","0","632","998792"
"52.644315","52.644315000","52.250254000","7192","296","95.101.184.27","443","10.0.0.2","40940","244","1002208","632"
"52.644393","52.644393000","52.250332000","7193","296","95.101.184.27","443","10.0.0.2","40940","244","1002452","632"
"52.644406","52.644406000","52.250345000","7194","296","95.101.184.27","443","10.0.0.2","40940","244","1002696","632"
"52.644439","52.644439000","52.250378000","7195","296","95.101.184.27","443","10.0.0.2","40940","244","1002940","632"
"52.644633","52.644633000","52.250572000","7196","296","95.101.184.27","443","10.0.0.2","40940","244","1003184","632"
"52.644667","52.644667000","52.250606000","7197","296","95.101.184.27","443","10.0.0.2","40940","244","1003428","632"
"52.644704","52.644704000","52.250643000","7198","296","95.101.184.27","443","10.0.0.2","40940","244","1003672","632"
"52.705791","52.705791000","52.311730000","7199","52","10.0.0.2","40940","95.101.184.27","443","0","632","999280"
"52.705821","52.705821000","52.311760000","7200","52","10.0.0.2","40940","95.101.184.27","443","0","632","1000012"
"52.706437","52.706437000","52.312376000","7201","296","95.101.184.27","443","10.0.0.2","40940","244","1003916","632"
"52.706473","52.706473000","52.312412000","7202","296","95.101.184.27","443","10.0.0.2","40940","244","1004160","632"
"52.706525","52.706525000","52.312464000","7203","296","95.101.184.27","443","10.0.0.2","40940","244","1004404","632"
"52.706538","52.706538000","52.312477000","7204","296","95.101.184.27","443","10.0.0.2","40940","244","1004648","632"
"52.706583","52.706583000","52.312522000","7205","296","95.101.184.27","443","10.0.0.2","40940","244","1004892","632"
"52.706594","52.706594000","52.312533000","7206","296","95.101.184.27","443","10.0.0.2","40940","244","1005136","632"
"52.769029","52.769029000","52.374968000","7207","52","10.0.0.2","40940","95.101.184.27","443","0","632","1000500"
"52.769061","52.769061000","52.375000000","7208","52","10.0.0.2","40940","95.101.184.27","443","0","632","1001232"
"52.769595","52.769595000","52.375534000","7209","296","95.101.184.27","443","10.0.0.2","40940","244","1005380","632"
"52.769632","52.769632000","52.375571000","7210","296","95.101.184.27","443","10.0.0.2","40940","244","1005624","632"
"52.769684","52.769684000","52.375623000","7211","296","95.101.184.27","443","10.0.0.2","40940","244","1005868","632"
"52.769697","52.769697000","52.375636000","7212","296","95.101.184.27","443","10.0.0.2","40940","244","1006112","632"
"52.769731","52.769731000","52.375670000","7213","296","95.101.184.27","443","10.0.0.2","40940","244","1006356","632"
"52.830414","52.830414000","52.436353000","7214","52","10.0.0.2","40940","95.101.184.27","443","0","632","1001720"
"52.830443","52.830443000","52.436382000","7215","52","10.0.0.2","40940","95.101.184.27","443","0","632","1002452"
"52.831086","52.831086000","52.437025000","7216","296","95.101.184.27","443","10.0.0.2","40940","244","1006600","632"
"52.831129","52.831129000","52.437068000","7217","296","95.101.184.27","443","10.0.0.2","40940","244","1006844","632"
"52.831186","52.831186000","52.437125000","7218","296","95.101.184.27","443","10.0.0.2","40940","244","1007088","632"
"52.831202","52.831202000","52.437141000","7219","296","95.101.184.27","443","10.0.0.2","40940","244","1007332","632"
"52.831249","52.831249000","52.437188000","7220","296","95.101.184.27","443","10.0.0.2","40940","244","1007576","632"
"52.831263","52.831263000","52.437202000","7221","296","95.101.184.27","443","10.0.0.2","40940","244","1007820","632"
"52.893221","52.893221000","52.499160000","7222","52","10.0.0.2","40940","95.101.184.27","443","0","632","1002940"
"52.893249","52.893249000","52.499188000","7223","52","10.0.0.2","40940","95.101.184.27","443","0","632","1003672"
"52.893746","52.893746000","52.499685000","7224","296","95.101.184.27","443","10.0.0.2","40940","244","1008064","632"
"52.893784","52.893784000","52.499723000","7225","296","95.101.184.27","443","10.0.0.2","40940","244","1008308","632"
"52.893834","52.893834000","52.499773000","7226","296","95.101.184.27","443","10.0.0.2","40940","244","1008552","632"
"52.893847","52.893847000","52.499786000","7227","296","95.101.184.27","443","10.0.0.2","40940","244","1008796","632"
"52.893881","52.893881000","52.499820000","7228","296","95.101.184.27","443","10.0.0.2","40940","244","1009040","632"
"52.955239","52.955239000","52.561178000","7229","52","10.0.0.2","40940","95.101.184.27","443","0","632","1004160"
"52.955271","52.955271000","52.561210000","7230","52","10.0.0.2","40940","95.101.184.27","443","0","632","1004892"
"52.955867","52.955867000","52.561806000","7231","296","95.101.184.27","443","10.0.0.2","40940","244","1009284","632"
"52.955902","52.955902000","52.561841000","7232","296","95.101.184.27","443","10.0.0.2","40940","244","1009528","632"
"52.955988","52.955988000","52.561927000","7233","296","95.101.184.27","443","10.0.0.2","40940","244","1009772","632"
"52.956002","52.956002000","52.561941000","7234","296","95.101.184.27","443","10.0.0.2","40940","244","1010016","632"
"52.956048","52.956048000","52.561987000","7235","296","95.101.184.27","443","10.0.0.2","40940","244","1010260","632"
"52.956071","52.956071000","52.562010000","7236","296","95.101.184.27","443","10.0.0.2","40940","244","1010504","632"
"53.018802","53.018802000","52.624741000","7237","52","10.0.0.2","40940","95.101.184.27","443","0","632","1005380"
"53.018831","53.018831000","52.624770000","7238","52","10.0.0.2","40940","95.101.184.27","443","0","632","1006112"
"53.019560","53.019560000","52.625499000","7239","296","95.101.184.27","443","10.0.0.2","40940","244","1010748","632"
"53.019605","53.019605000","52.625544000","7240","296","95.101.184.27","443","10.0.0.2","40940","244","1010992","632"
"53.019673","53.019673000","52.625612000","7241","296","95.101.184.27","443","10.0.0.2","40940","244","1011236","632"
"53.019691","53.019691000","52.625630000","7242","296","95.101.184.27","443","10.0.0.2","40940","244","1011480","632"
"53.019735","53.019735000","52.625674000","7243","296","95.101.184.27","443","10.0.0.2","40940","244","1011724","632"
"53.080490","53.080490000","52.686429000","7244","52","10.0.0.2","40940","95.101.184.27","443","0","632","1006600"
"53.080519","53.080519000","52.686458000","7245","52","10.0.0.2","40940","95.101.184.27","443","0","632","1007332"
"53.081178","53.081178000","52.687117000","7246","296","95.101.184.27","443","10.0.0.2","40940","244","1011968","632"
"53.081218","53.081218000","52.687157000","7247","296","95.101.184.27","443","10.0.0.2","40940","244","1012212","632"
"53.081271","53.081271000","52.687210000","7248","296","95.101.184.27","443","10.0.0.2","40940","244","1012456","632"
"53.081283","53.081283000","52.687222000","7249","296","95.101.184.27","443","10.0.0.2","40940","244","1012700","632"
"53.081329","53.081329000","52.687268000","7250","296","95.101.184.27","443","10.0.0.2","40940","244","1012944","632"
"53.081341","53.081341000","52.687280000","7251","296","95.101.184.27","443","10.0.0.2","40940","244","1013188","632"
"53.143617","53.143617000","52.749556000","7252","52","10.0.0.2","40940","95.101.184.27","443","0","632","1007820"
"53.143650","53.143650000","52.749589000","7253","52","10.0.0.2","40940","95.101.184.27","443","0","632","1008552"
"53.144225","53.144225000","52.750164000","7254","296","95.101.184.27","443","10.0.0.2","40940","244","1013432","632"
"53.144261","53.144261000","52.750200000","7255","296","95.101.184.27","443","10.0.0.2","40940","244","1013676","632"
"53.144311","53.144311000","52.750250000","7256","296","95.101.184.27","443","10.0.0.2","40940","244","1013920","632"
"53.144323","53.144323000","52.750262000","7257","296","95.101.184.27","443","10.0.0.2","40940","244","1014164","632"
"53.144357","53.144357000","52.750296000","7258","296","95.101.184.27","443","10.0.0.2","40940","244","1014408","632"
"53.205282","53.205282000","52.811221000","7259","52","10.0.0.2","40940","95.101.184.27","443","0","632","1009040"
"53.205311","53.205311000","52.811250000","7260","52","10.0.0.2","40940","95.101.184.27","443","0","632","1009772"
"53.205807","53.205807000","52.811746000","7261","296","95.101.184.27","443","10.0.0.2","40940","244","1014652","632"
"53.205845","53.205845000","52.811784000","7262","296","95.101.184.27","443","10.0.0.2","40940","244","1014896","632"
"53.205895","53.205895000","52.811834000","7263","296","95.101.184.27","443","10.0.0.2","40940","244","1015140","632"
"53.205907","53.205907000","52.811846000","7264","296","95.101.184.27","443","10.0.0.2","40940","244","1015384","632"
"53.205984","53.205984000","52.811923000","7265","296","95.101.184.27","443","10.0.0.2","40940","244","1015628","632"
"53.268861","53.268861000","52.874800000","7266","52","10.0.0.2","40940","95.101.184.27","443","0","632","1010260"
"53.268891","53.268891000","52.874830000","7267","52","10.0.0.2","40940","95.101.184.27","443","0","632","1010992"
"53.269642","53.269642000","52.875581000","7268","296","95.101.184.27","443","10.0.0.2","40940","244","1015872","632"
"53.269687","53.269687000","52.875626000","7269","296","95.101.184.27","443","10.0.0.2","40940","244","1016116","632"
"53.269750","53.269750000","52.875689000","7270","296","95.101.184.27","443","10.0.0.2","40940","244","1016360","632"
"53.269769","53.269769000","52.875708000","7271","296","95.101.184.27","443","10.0.0.2","40940","244","1016604","632"
"53.269827","53.269827000","52.875766000","7272","296","95.101.184.27","443","10.0.0.2","40940","244","1016848","632"
"53.269843","53.269843000","52.875782000","7273","296","95.101.184.27","443","10.0.0.2","40940","244","1017092","632"
"53.330261","53.330261000","52.936200000","7274","52","10.0.0.2","40940","95.101.184.27","443","0","632","1011480"
"53.330293","53.330293000","52.936232000","7275","52","10.0.0.2","40940","95.101.184.27","443","0","632","1011968"
"53.330312","53.330312000","52.936251000","7276","52","10.0.0.2","40940","95.101.184.27","443","0","632","1012212"
"53.330829","53.330829000","52.936768000","7277","296","95.101.184.27","443","10.0.0.2","40940","244","1017336","632"
"53.330864","53.330864000","52.936803000","7278","296","95.101.184.27","443","10.0.0.2","40940","244","1017580","632"
"53.330942","53.330942000","52.936881000","7279","296","95.101.184.27","443","10.0.0.2","40940","244","1017824","632"
"53.330959","53.330959000","52.936898000","7280","296","95.101.184.27","443","10.0.0.2","40940","244","1018068","632"
"53.330994","53.330994000","52.936933000","7281","296","95.101.184.27","443","10.0.0.2","40940","244","1018312","632"
"53.393541","53.393541000","52.999480000","7282","52","10.0.0.2","40940","95.101.184.27","443","0","632","1012700"
"53.393571","53.393571000","52.999510000","7283","52","10.0.0.2","40940","95.101.184.27","443","0","632","1013432"
"53.394148","53.394148000","53.000087000","7284","296","95.101.184.27","443","10.0.0.2","40940","244","1018556","632"
"53.394183","53.394183000","53.000122000","7285","296","95.101.184.27","443","10.0.0.2","40940","244","1018800","632"
"53.394234","53.394234000","53.000173000","7286","296","95.101.184.27","443","10.0.0.2","40940","244","1019044","632"
"53.394246","53.394246000","53.000185000","7287","296","95.101.184.27","443","10.0.0.2","40940","244","1019288","632"
"53.394291","53.394291000","53.000230000","7288","296","95.101.184.27","443","10.0.0.2","40940","244","1019532","632"
"53.394303","53.394303000","53.000242000","7289","296","95.101.184.27","443","10.0.0.2","40940","244","1019776","632"
"53.455427","53.455427000","53.061366000","7290","52","10.0.0.2","40940","95.101.184.27","443","0","632","1013920"
"53.455458","53.455458000","53.061397000","7291","52","10.0.0.2","40940","95.101.184.27","443","0","632","1014652"
"53.456026","53.456026000","53.061965000","7292","296","95.101.184.27","443","10.0.0.2","40940","244","1020020","632"
"53.456062","53.456062000","53.062001000","7293","296","95.101.184.27","443","10.0.0.2","40940","244","1020264","632"
"53.456116","53.456116000","53.062055000","7294","296","95.101.184.27","443","10.0.0.2","40940","244","1020508","632"
"53.456128","53.456128000","53.062067000","7295","296","95.101.184.27","443","10.0.0.2","40940","244","1020752","632"
"53.456161","53.456161000","53.062100000","7296","296","95.101.184.27","443","10.0.0.2","40940","244","1020996","632"
"53.518588","53.518588000","53.124527000","7297","52","10.0.0.2","40940","95.101.184.27","443","0","632","1015140"
"53.518619","53.518619000","53.124558000","7298","52","10.0.0.2","40940","95.101.184.27","443","0","632","1015872"
"53.519168","53.519168000","53.125107000","7299","296","95.101.184.27","443","10.0.0.2","40940","244","1021240","632"
"53.519203","53.519203000","53.125142000","7300","296","95.101.184.27","443","10.0.0.2","40940","244","1021484","632"
"53.519257","53.519257000","53.125196000","7301","296","95.101.184.27","443","10.0.0.2","40940","244","1021728","632"
"53.519269","53.519269000","53.125208000","7302","296","95.101.184.27","443","10.0.0.2","40940","244","1021972","632"
"53.519303","53.519303000","53.125242000","7303","296","95.101.184.27","443","10.0.0.2","40940","244","1022216","632"
"53.580862","53.580862000","53.186801000","7304","52","10.0.0.2","40940","95.101.184.27","443","0","632","1016360"
"53.580892","53.580892000","53.186831000","7305","52","10.0.0.2","40940","95.101.184.27","443","0","632","1016848"
"53.581443","53.581443000","53.187382000","7306","296","95.101.184.27","443","10.0.0.2","40940","244","1022460","632"
"53.581478","53.581478000","53.187417000","7307","296","95.101.184.27","443","10.0.0.2","40940","244","1022704","632"
"53.581529","53.581529000","53.187468000","7308","296","95.101.184.27","443","10.0.0.2","40940","244","1022948","632"
"53.581541","53.581541000","53.187480000","7309","296","95.101.184.27","443","10.0.0.2","40940","244","1023192","632"
"53.581574","53.581574000","53.187513000","7310","296","95.101.184.27","443","10.0.0.2","40940","244","1023436","632"
"53.644002","53.644002000","53.249941000","7311","52","10.0.0.2","40940","95.101.184.27","443","0","632","1017092"
"53.644035","53.644035000","53.249974000","7312","52","10.0.0.2","40940","95.101.184.27","443","0","632","1017580"
"53.644053","53.644053000","53.249992000","7313","52","10.0.0.2","40940","95.101.184.27","443","0","632","1018312"
"53.644549","53.644549000","53.250488000","7314","296","95.101.184.27","443","10.0.0.2","40940","244","1023680","632"
"53.644585","53.644585000","53.250524000","7315","296","95.101.184.27","443","10.0.0.2","40940","244","1023924","632"
"53.644636","53.644636000","53.250575000","7316","296","95.101.184.27","443","10.0.0.2","40940","244","1024168","632"
"53.644647","53.644647000","53.250586000","7317","296","95.101.184.27","443","10.0.0.2","40940","244","1024412","632"
"53.644693","53.644693000","53.250632000","7318","296","95.101.184.27","443","10.0.0.2","40940","244","1024656","632"
"53.644705","53.644705000","53.250644000","7319","296","95.101.184.27","443","10.0.0.2","40940","244","1024900","632"
"53.705901","53.705901000","53.311840000","7320","52","10.0.0.2","40940","95.101.184.27","443","0","632","1018800"
"53.705979","53.705979000","53.311918000","7321","52","10.0.0.2","40940","95.101.184.27","443","0","632","1019532"
"53.706522","53.706522000","53.312461000","7322","296","95.101.184.27","443","10.0.0.2","40940","244","1025144","632"
"53.706558","53.706558000","53.312497000","7323","296","95.101.184.27","443","10.0.0.2","40940","244","1025388","632"
"53.706613","53.706613000","53.312552000","7324","296","95.101.184.27","443","10.0.0.2","40940","244","1025632","632"
"53.706626","53.706626000","53.312565000","7325","296","95.101.184.27","443","10.0.0.2","40940","244","1025876","632"
"53.706659","53.706659000","53.312598000","7326","296","95.101.184.27","443","10.0.0.2","40940","244","1026120","632"
"53.768208","53.768208000","53.374147000","7327","52","10.0.0.2","40940","95.101.184.27","443","0","632","1020020"
"53.768237","53.768237000","53.374176000","7328","52","10.0.0.2","40940","95.101.184.27","443","0","632","1020752"
"53.769035","53.769035000","53.374974000","7329","296","95.101.184.27","443","10.0.0.2","40940","244","1026364","632"
"53.769072","53.769072000","53.375011000","7330","296","95.101.184.27","443","10.0.0.2","40940","244","1026608","632"
"53.769122","53.769122000","53.375061000","7331","296","95.101.184.27","443","10.0.0.2","40940","244","1026852","632"
"53.769138","53.769138000","53.375077000","7332","296","95.101.184.27","443","10.0.0.2","40940","244","1027096","632"
"53.769173","53.769173000","53.375112000","7333","296","95.101.184.27","443","10.0.0.2","40940","244","1027340","632"
"53.830302","53.830302000","53.436241000","7334","52","10.0.0.2","40940","95.101.184.27","443","0","632","1021240"
"53.830332","53.830332000","53.436271000","7335","52","10.0.0.2","40940","95.101.184.27","443","0","632","1021972"
"53.830901","53.830901000","53.436840000","7336","296","95.101.184.27","443","10.0.0.2","40940","244","1027584","632"
"53.830965","53.830965000","53.436904000","7337","296","95.101.184.27","443","10.0.0.2","40940","244","1027828","632"
"53.831017","53.831017000","53.436956000","7338","296","95.101.184.27","443","10.0.0.2","40940","244","1028072","632"
"53.831030","53.831030000","53.436969000","7339","296","95.101.184.27","443","10.0.0.2","40940","244","1028316","632"
"53.831064","53.831064000","53.437003000","7340","296","95.101.184.27","443","10.0.0.2","40940","244","1028560","632"
"53.893275","53.893275000","53.499214000","7341","52","10.0.0.2","40940","95.101.184.27","443","0","632","1022460"
"53.893305","53.893305000","53.499244000","7342","52","10.0.0.2","40940","95.101.184.27","443","0","632","1023192"
"53.893934","53.893934000","53.499873000","7343","296","95.101.184.27","443","10.0.0.2","40940","244","1028804","632"
"53.893985","53.893985000","53.499924000","7344","296","95.101.184.27","443","10.0.0.2","40940","244","1029048","632"
"53.894036","53.894036000","53.499975000","7345","296","95.101.184.27","443","10.0.0.2","40940","244","1029292","632"
"53.894048","53.894048000","53.499987000","7346","296","95.101.184.27","443","10.0.0.2","40940","244","1029536","632"
"53.894097","53.894097000","53.500036000","7347","296","95.101.184.27","443","10.0.0.2","40940","244","1029780","632"
"53.894110","53.894110000","53.500049000","7348","296","95.101.184.27","443","10.0.0.2","40940","244","1030024","632"
"53.955669","53.955669000","53.561608000","7349","52","10.0.0.2","40940","95.101.184.27","443","0","632","1023680"
"53.955698","53.955698000","53.561637000","7350","52","10.0.0.2","40940","95.101.184.27","443","0","632","1024412"
"53.956259","53.956259000","53.562198000","7351","296","95.101.184.27","443","10.0.0.2","40940","244","1030268","632"
"53.956294","53.956294000","53.562233000","7352","296","95.101.184.27","443","10.0.0.2","40940","244","1030512","632"
"53.956345","53.956345000","53.562284000","7353","296","95.101.184.27","443","10.0.0.2","40940","244","1030756","632"
"53.956357","53.956357000","53.562296000","7354","296","95.101.184.27","443","10.0.0.2","40940","244","1031000","632"
"53.956391","53.956391000","53.562330000","7355","296","95.101.184.27","443","10.0.0.2","40940","244","1031244","632"
"54.018722","54.018722000","53.624661000","7356","52","10.0.0.2","40940","95.101.184.27","443","0","632","1024900"
"54.018756","54.018756000","53.624695000","7357","52","10.0.0.2","40940","95.101.184.27","443","0","632","1024900"
"54.018773","54.018773000","53.624712000","7358","52","10.0.0.2","40940","95.101.184.27","443","0","632","1024900"
"54.018788","54.018788000","53.624727000","7359","52","10.0.0.2","40940","95.101.184.27","443","0","632","1024900"
"54.019274","54.019274000","53.625213000","7360","296","95.101.184.27","443","10.0.0.2","40940","244","1031488","632"
"54.019311","54.019311000","53.625250000","7361","296","95.101.184.27","443","10.0.0.2","40940","244","1031732","632"
"54.019360","54.019360000","53.625299000","7362","296","95.101.184.27","443","10.0.0.2","40940","244","1031976","632"
"54.019372","54.019372000","53.625311000","7363","296","95.101.184.27","443","10.0.0.2","40940","244","1032220","632"
"54.019406","54.019406000","53.625345000","7364","296","95.101.184.27","443","10.0.0.2","40940","244","1024900","632"
"54.080744","54.080744000","53.686683000","7365","52","10.0.0.2","40940","95.101.184.27","443","0","632","1024900"
"54.080774","54.080774000","53.686713000","7366","52","10.0.0.2","40940","95.101.184.27","443","0","632","1024900"
"54.080793","54.080793000","53.686732000","7367","52","10.0.0.2","40940","95.101.184.27","443","0","632","1024900"
"54.080809","54.080809000","53.686748000","7368","52","10.0.0.2","40940","95.101.184.27","443","0","632","1024900"
"54.080824","54.080824000","53.686763000","7369","52","10.0.0.2","40940","95.101.184.27","443","0","632","1024900"
"54.081193","54.081193000","53.687132000","7370","296","95.101.184.27","443","10.0.0.2","40940","244","1032464","632"
"54.081243","54.081243000","53.687182000","7371","296","95.101.184.27","443","10.0.0.2","40940","244","1032708","632"
"54.081369","54.081369000","53.687308000","7372","296","95.101.184.27","443","10.0.0.2","40940","244","1032952","632"
"54.081390","54.081390000","53.687329000","7373","296","95.101.184.27","443","10.0.0.2","40940","244","1033196","632"
"54.143512","54.143512000","53.749451000","7374","52","10.0.0.2","40940","95.101.184.27","443","0","632","1024900"
"54.143543","54.143543000","53.749482000","7375","52","10.0.0.2","40940","95.101.184.27","443","0","632","1024900"
"54.143560","54.143560000","53.749499000","7376","52","10.0.0.2","40940","95.101.184.27","443","0","632","1024900"
"54.143576","54.143576000","53.749515000","7377","52","10.0.0.2","40940","95.101.184.27","443","0","632","1024900"
"54.143591","54.143591000","53.749530000","7378","52","10.0.0.2","40940","95.101.184.27","443","0","632","1024900"
"54.144049","54.144049000","53.749988000","7379","296","95.101.184.27","443","10.0.0.2","40940","244","1033440","632"
"54.144125","54.144125000","53.750064000","7380","296","95.101.184.27","443","10.0.0.2","40940","244","1033684","632"
"54.144139","54.144139000","53.750078000","7381","296","95.101.184.27","443","10.0.0.2","40940","244","1033928","632"
"54.205494","54.205494000","53.811433000","7382","52","10.0.0.2","40940","95.101.184.27","443","0","632","1024900"
"54.205526","54.205526000","53.811465000","7383","52","10.0.0.2","40940","95.101.184.27","443","0","632","1024900"
"54.205545","54.205545000","53.811484000","7384","52","10.0.0.2","40940","95.101.184.27","443","0","632","1024900"
"54.205560","54.205560000","53.811499000","7385","52","10.0.0.2","40940","95.101.184.27","443","0","632","1024900"
"54.205577","54.205577000","53.811516000","7386","52","10.0.0.2","40940","95.101.184.27","443","0","632","1024900"
"54.206060","54.206060000","53.811999000","7387","296","95.101.184.27","443","10.0.0.2","40940","244","1034172","632"
"54.206096","54.206096000","53.812035000","7388","296","95.101.184.27","443","10.0.0.2","40940","244","1034416","632"
"54.206149","54.206149000","53.812088000","7389","296","95.101.184.27","443","10.0.0.2","40940","244","1034660","632"
"54.206161","54.206161000","53.812100000","7390","296","95.101.184.27","443","10.0.0.2","40940","244","1034904","632"
"54.268359","54.268359000","53.874298000","7391","52","10.0.0.2","40940","95.101.184.27","443","0","632","1024900"
"54.268389","54.268389000","53.874328000","7392","52","10.0.0.2","40940","95.101.184.27","443","0","632","1024900"
"54.268410","54.268410000","53.874349000","7393","52","10.0.0.2","40940","95.101.184.27","443","0","632","1024900"
"54.268427","54.268427000","53.874366000","7394","52","10.0.0.2","40940","95.101.184.27","443","0","632","1024900"
"54.268444","54.268444000","53.874383000","7395","52","10.0.0.2","40940","95.101.184.27","443","0","632","1024900"
"54.268965","54.268965000","53.874904000","7396","296","95.101.184.27","443","10.0.0.2","40940","244","1035148","632"
"54.269002","54.269002000","53.874941000","7397","296","95.101.184.27","443","10.0.0.2","40940","244","1035392","632"
"54.269041","54.269041000","53.874980000","7398","296","95.101.184.27","443","10.0.0.2","40940","244","1035636","632"
"54.330778","54.330778000","53.936717000","7399","52","10.0.0.2","40940","95.101.184.27","443","0","632","1024900"
"54.330808","54.330808000","53.936747000","7400","52","10.0.0.2","40940","95.101.184.27","443","0","632","1024900"
"54.330824","54.330824000","53.936763000","7401","52","10.0.0.2","40940","95.101.184.27","443","0","632","1024900"
"54.330839","54.330839000","53.936778000","7402","52","10.0.0.2","40940","95.101.184.27","443","0","632","1024900"
"54.330853","54.330853000","53.936792000","7403","52","10.0.0.2","40940","95.101.184.27","443","0","632","1024900"
"54.331304","54.331304000","53.937243000","7404","296","95.101.184.27","443","10.0.0.2","40940","244","1035880","632"
"54.331424","54.331424000","53.937363000","7405","296","95.101.184.27","443","10.0.0.2","40940","244","1036124","632"
"54.331440","54.331440000","53.937379000","7406","296","95.101.184.27","443","10.0.0.2","40940","244","1036368","632"
"54.393631","54.393631000","53.999570000","7407","52","10.0.0.2","40940","95.101.184.27","443","0","632","1024900"
"54.393660","54.393660000","53.999599000","7408","52","10.0.0.2","40940","95.101.184.27","443","0","632","1030024"
"54.393680","54.393680000","53.999619000","7409","52","10.0.0.2","40940","95.101.184.27","443","0","632","1030024"
"54.393696","54.393696000","53.999635000","7410","52","10.0.0.2","40940","95.101.184.27","443","0","632","1030024"
"54.393710","54.393710000","53.999649000","7411","52","10.0.0.2","40940","95.101.184.27","443","0","632","1030024"
"54.394143","54.394143000","54.000082000","7412","296","95.101.184.27","443","10.0.0.2","40940","244","1036612","632"
"54.394170","54.394170000","54.000109000","7413","296","95.101.184.27","443","10.0.0.2","40940","244","1030024","632"
"54.394220","54.394220000","54.000159000","7414","296","95.101.184.27","443","10.0.0.2","40940","244","1036856","632"
"54.394232","54.394232000","54.000171000","7415","296","95.101.184.27","443","10.0.0.2","40940","244","1037100","632"
"54.394309","54.394309000","54.000248000","7416","296","95.101.184.27","443","10.0.0.2","40940","244","1037344","632"
"54.394324","54.394324000","54.000263000","7417","296","95.101.184.27","443","10.0.0.2","40940","244","1037588","632"
"54.455731","54.455731000","54.061670000","7418","52","10.0.0.2","40940","95.101.184.27","443","0","632","1030024"
"54.455760","54.455760000","54.061699000","7419","52","10.0.0.2","40940","95.101.184.27","443","0","632","1030024"
"54.455777","54.455777000","54.061716000","7420","52","10.0.0.2","40940","95.101.184.27","443","0","632","1030024"
"54.455794","54.455794000","54.061733000","7421","52","10.0.0.2","40940","95.101.184.27","443","0","632","1030024"
"54.455810","54.455810000","54.061749000","7422","52","10.0.0.2","40940","95.101.184.27","443","0","632","1030024"
"54.456420","54.456420000","54.062359000","7423","296","95.101.184.27","443","10.0.0.2","40940","244","1037832","632"
"54.456454","54.456454000","54.062393000","7424","296","95.101.184.27","443","10.0.0.2","40940","244","1038076","632"
"54.456503","54.456503000","54.062442000","7425","296","95.101.184.27","443","10.0.0.2","40940","244","1038320","632"
"54.456516","54.456516000","54.062455000","7426","296","95.101.184.27","443","10.0.0.2","40940","244","1038564","632"
"54.519034","54.519034000","54.124973000","7427","52","10.0.0.2","40940","95.101.184.27","443","0","632","1030024"
"54.519063","54.519063000","54.125002000","7428","52","10.0.0.2","40940","95.101.184.27","443","0","632","1030024"
"54.519076","54.519076000","54.125015000","7429","52","10.0.0.2","40940","95.101.184.27","443","0","632","1030024"
"54.519088","54.519088000","54.125027000","7430","52","10.0.0.2","40940","95.101.184.27","443","0","632","1030024"
"54.519099","54.519099000","54.125038000","7431","52","10.0.0.2","40940","95.101.184.27","443","0","632","1030024"
"54.519576","54.519576000","54.125515000","7432","296","95.101.184.27","443","10.0.0.2","40940","244","1038808","632"
"54.519612","54.519612000","54.125551000","7433","296","95.101.184.27","443","10.0.0.2","40940","244","1039052","632"
"54.519663","54.519663000","54.125602000","7434","296","95.101.184.27","443","10.0.0.2","40940","244","1039296","632"
"54.519675","54.519675000","54.125614000","7435","296","95.101.184.27","443","10.0.0.2","40940","244","1039540","632"
"54.519709","54.519709000","54.125648000","7436","296","95.101.184.27","443","10.0.0.2","40940","244","1039784","632"
"54.581007","54.581007000","54.186946000","7437","52","10.0.0.2","40940","95.101.184.27","443","0","632","1030024"
"54.581037","54.581037000","54.186976000","7438","52","10.0.0.2","40940","95.101.184.27","443","0","632","1030024"
"54.581054","54.581054000","54.186993000","7439","52","10.0.0.2","40940","95.101.184.27","443","0","632","1030024"
"54.581071","54.581071000","54.187010000","7440","52","10.0.0.2","40940","95.101.184.27","443","0","632","1030024"
"54.581085","54.581085000","54.187024000","7441","52","10.0.0.2","40940","95.101.184.27","443","0","632","1030024"
"54.581506","54.581506000","54.187445000","7442","296","95.101.184.27","443","10.0.0.2","40940","244","1040028","632"
"54.581614","54.581614000","54.187553000","7443","296","95.101.184.27","443","10.0.0.2","40940","244","1040272","632"
"54.581629","54.581629000","54.187568000","7444","296","95.101.184.27","443","10.0.0.2","40940","244","1040516","632"
"54.581676","54.581676000","54.187615000","7445","296","95.101.184.27","443","10.0.0.2","40940","244","1040760","632"
"54.581690","54.581690000","54.187629000","7446","296","95.101.184.27","443","10.0.0.2","40940","244","1041004","632"
"54.643133","54.643133000","54.249072000","7447","52","10.0.0.2","40940","95.101.184.27","443","0","632","1036856"
"54.643163","54.643163000","54.249102000","7448","52","10.0.0.2","40940","95.101.184.27","443","0","632","1037832"
"54.643966","54.643966000","54.249905000","7449","296","95.101.184.27","443","10.0.0.2","40940","244","1041248","632"
"54.644010","54.644010000","54.249949000","7450","296","95.101.184.27","443","10.0.0.2","40940","244","1041492","632"
"54.644066","54.644066000","54.250005000","7451","296","95.101.184.27","443","10.0.0.2","40940","244","1041736","632"
"54.644077","54.644077000","54.250016000","7452","296","95.101.184.27","443","10.0.0.2","40940","244","1041980","632"
"54.644123","54.644123000","54.250062000","7453","296","95.101.184.27","443","10.0.0.2","40940","244","1042224","632"
"54.644135","54.644135000","54.250074000","7454","296","95.101.184.27","443","10.0.0.2","40940","244","1042468","632"
"54.705243","54.705243000","54.311182000","7455","52","10.0.0.2","40940","95.101.184.27","443","0","632","1038320"
"54.705274","54.705274000","54.311213000","7456","52","10.0.0.2","40940","95.101.184.27","443","0","632","1039052"
"54.705810","54.705810000","54.311749000","7457","296","95.101.184.27","443","10.0.0.2","40940","244","1042712","632"
"54.705847","54.705847000","54.311786000","7458","296","95.101.184.27","443","10.0.0.2","40940","244","1042956","632"
"54.705901","54.705901000","54.311840000","7459","296","95.101.184.27","443","10.0.0.2","40940","244","1043200","632"
"54.705947","54.705947000","54.311886000","7460","296","95.101.184.27","443","10.0.0.2","40940","244","1043444","632"
"54.705998","54.705998000","54.311937000","7461","296","95.101.184.27","443","10.0.0.2","40940","244","1043688","632"
"54.706009","54.706009000","54.311948000","7462","296","95.101.184.27","443","10.0.0.2","40940","244","1043932","632"
"54.768277","54.768277000","54.374216000","7463","52","10.0.0.2","40940","95.101.184.27","443","0","632","1039540"
"54.768309","54.768309000","54.374248000","7464","52","10.0.0.2","40940","95.101.184.27","443","0","632","1040516"
"54.768860","54.768860000","54.374799000","7465","296","95.101.184.27","443","10.0.0.2","40940","244","1044176","632"
"54.768895","54.768895000","54.374834000","7466","296","95.101.184.27","443","10.0.0.2","40940","244","1044420","632"
"54.768976","54.768976000","54.374915000","7467","296","95.101.184.27","443","10.0.0.2","40940","244","1044664","632"
"54.768990","54.768990000","54.374929000","7468","296","95.101.184.27","443","10.0.0.2","40940","244","1044908","632"
"54.769037","54.769037000","54.374976000","7469","296","95.101.184.27","443","10.0.0.2","40940","244","1045152","632"
"54.769049","54.769049000","54.374988000","7470","296","95.101.184.27","443","10.0.0.2","40940","244","1045396","632"
"54.830791","54.830791000","54.436730000","7471","52","10.0.0.2","40940","95.101.184.27","443","0","632","1041004"
"54.830819","54.830819000","54.436758000","7472","52","10.0.0.2","40940","95.101.184.27","443","0","632","1041736"
"54.831486","54.831486000","54.437425000","7473","296","95.101.184.27","443","10.0.0.2","40940","244","1045640","632"
"54.831522","54.831522000","54.437461000","7474","296","95.101.184.27","443","10.0.0.2","40940","244","1045884","632"
"54.831572","54.831572000","54.437511000","7475","296","95.101.184.27","443","10.0.0.2","40940","244","1046128","632"
"54.831584","54.831584000","54.437523000","7476","296","95.101.184.27","443","10.0.0.2","40940","244","1046372","632"
"54.831618","54.831618000","54.437557000","7477","296","95.101.184.27","443","10.0.0.2","40940","244","1046616","632"
"54.893705","54.893705000","54.499644000","7478","52","10.0.0.2","40940","95.101.184.27","443","0","632","1042224"
"54.893735","54.893735000","54.499674000","7479","52","10.0.0.2","40940","95.101.184.27","443","0","632","1042956"
"54.894300","54.894300000","54.500239000","7480","296","95.101.184.27","443","10.0.0.2","40940","244","1046860","632"
"54.894335","54.894335000","54.500274000","7481","296","95.101.184.27","443","10.0.0.2","40940","244","1047104","632"
"54.894385","54.894385000","54.500324000","7482","296","95.101.184.27","443","10.0.0.2","40940","244","1047348","632"
"54.894397","54.894397000","54.500336000","7483","296","95.101.184.27","443","10.0.0.2","40940","244","1047592","632"
"54.894431","54.894431000","54.500370000","7484","296","95.101.184.27","443","10.0.0.2","40940","244","1047836","632"
"54.955645","54.955645000","54.561584000","7485","52","10.0.0.2","40940","95.101.184.27","443","0","632","1043444"
"54.955677","54.955677000","54.561616000","7486","52","10.0.0.2","40940","95.101.184.27","443","0","632","1044176"
"54.956210","54.956210000","54.562149000","7487","296","95.101.184.27","443","10.0.0.2","40940","244","1048080","632"
"54.956246","54.956246000","54.562185000","7488","296","95.101.184.27","443","10.0.0.2","40940","244","1048324","632"
"54.956301","54.956301000","54.562240000","7489","296","95.101.184.27","443","10.0.0.2","40940","244","1048568","632"
"54.956313","54.956313000","54.562252000","7490","296","95.101.184.27","443","10.0.0.2","40940","244","1048812","632"
"54.956359","54.956359000","54.562298000","7491","296","95.101.184.27","443","10.0.0.2","40940","244","1049056","632"
"54.956372","54.956372000","54.562311000","7492","296","95.101.184.27","443","10.0.0.2","40940","244","1049300","632"
"55.018299","55.018299000","54.624238000","7493","52","10.0.0.2","40940","95.101.184.27","443","0","632","1044664"
"55.018328","55.018328000","54.624267000","7494","52","10.0.0.2","40940","95.101.184.27","443","0","632","1045396"
"55.018889","55.018889000","54.624828000","7495","296","95.101.184.27","443","10.0.0.2","40940","244","1049544","632"
"55.018963","55.018963000","54.624902000","7496","296","95.101.184.27","443","10.0.0.2","40940","244","1049788","632"
"55.019017","55.019017000","54.624956000","7497","296","95.101.184.27","443","10.0.0.2","40940","244","1050032","632"
"55.019029","55.019029000","54.624968000","7498","296","95.101.184.27","443","10.0.0.2","40940","244","1050276","632"
"55.019063","55.019063000","54.625002000","7499","296","95.101.184.27","443","10.0.0.2","40940","244","1050520","632"
"55.080967","55.080967000","54.686906000","7500","52","10.0.0.2","40940","95.101.184.27","443","0","632","1045884"
"55.081024","55.081024000","54.686963000","7501","52","10.0.0.2","40940","95.101.184.27","443","0","632","1046372"
"55.081645","55.081645000","54.687584000","7502","296","95.101.184.27","443","10.0.0.2","40940","244","1050764","632"
"55.081689","55.081689000","54.687628000","7503","296","95.101.184.27","443","10.0.0.2","40940","244","1051008","632"
"55.081749","55.081749000","54.687688000","7504","296","95.101.184.27","443","10.0.0.2","40940","244","1051252","632"
"55.081768","55.081768000","54.687707000","7505","296","95.101.184.27","443","10.0.0.2","40940","244","1051496","632"
"55.143888","55.143888000","54.749827000","7506","52","10.0.0.2","40940","95.101.184.27","443","0","632","1046616"
"55.143941","55.143941000","54.749880000","7507","52","10.0.0.2","40940","95.101.184.27","443","0","632","1047104"
"55.143969","55.143969000","54.749908000","7508","52","10.0.0.2","40940","95.101.184.27","443","0","632","1047592"
"55.144495","55.144495000","54.750434000","7509","296","95.101.184.27","443","10.0.0.2","40940","244","1051740","632"
"55.144532","55.144532000","54.750471000","7510","296","95.101.184.27","443","10.0.0.2","40940","244","1051984","632"
"55.144583","55.144583000","54.750522000","7511","296","95.101.184.27","443","10.0.0.2","40940","244","1052228","632"
"55.144595","55.144595000","54.750534000","7512","296","95.101.184.27","443","10.0.0.2","40940","244","1052472","632"
"55.144629","55.144629000","54.750568000","7513","296","95.101.184.27","443","10.0.0.2","40940","244","1052716","632"
"55.205942","55.205942000","54.811881000","7514","52","10.0.0.2","40940","95.101.184.27","443","0","632","1047836"
"55.205991","55.205991000","54.811930000","7515","52","10.0.0.2","40940","95.101.184.27","443","0","632","1048324"
"55.206009","55.206009000","54.811948000","7516","52","10.0.0.2","40940","95.101.184.27","443","0","632","1049056"
"55.206453","55.206453000","54.812392000","7517","296","95.101.184.27","443","10.0.0.2","40940","244","1052960","632"
"55.206489","55.206489000","54.812428000","7518","296","95.101.184.27","443","10.0.0.2","40940","244","1053204","632"
"55.206540","55.206540000","54.812479000","7519","296","95.101.184.27","443","10.0.0.2","40940","244","1053448","632"
"55.206552","55.206552000","54.812491000","7520","296","95.101.184.27","443","10.0.0.2","40940","244","1053692","632"
"55.206598","55.206598000","54.812537000","7521","296","95.101.184.27","443","10.0.0.2","40940","244","1053936","632"
"55.206609","55.206609000","54.812548000","7522","296","95.101.184.27","443","10.0.0.2","40940","244","1054180","632"
"55.206642","55.206642000","54.812581000","7523","296","95.101.184.27","443","10.0.0.2","40940","244","1054424","632"
"55.268506","55.268506000","54.874445000","7524","52","10.0.0.2","40940","95.101.184.27","443","0","632","1049544"
"55.268536","55.268536000","54.874475000","7525","52","10.0.0.2","40940","95.101.184.27","443","0","632","1050276"
"55.269167","55.269167000","54.875106000","7526","296","95.101.184.27","443","10.0.0.2","40940","244","1054668","632"
"55.269205","55.269205000","54.875144000","7527","296","95.101.184.27","443","10.0.0.2","40940","244","1054912","632"
"55.269261","55.269261000","54.875200000","7528","296","95.101.184.27","443","10.0.0.2","40940","244","1055156","632"
"55.269274","55.269274000","54.875213000","7529","296","95.101.184.27","443","10.0.0.2","40940","244","1055400","632"
"55.269308","55.269308000","54.875247000","7530","296","95.101.184.27","443","10.0.0.2","40940","244","1055644","632"
"55.330222","55.330222000","54.936161000","7531","52","10.0.0.2","40940","95.101.184.27","443","0","632","1050764"
"55.330253","55.330253000","54.936192000","7532","52","10.0.0.2","40940","95.101.184.27","443","0","632","1051496"
"55.330850","55.330850000","54.936789000","7533","296","95.101.184.27","443","10.0.0.2","40940","244","1055888","632"
"55.330886","55.330886000","54.936825000","7534","296","95.101.184.27","443","10.0.0.2","40940","244","1056132","632"
"55.330968","55.330968000","54.936907000","7535","296","95.101.184.27","443","10.0.0.2","40940","244","1056376","632"
"55.330982","55.330982000","54.936921000","7536","296","95.101.184.27","443","10.0.0.2","40940","244","1056620","632"
"55.331015","55.331015000","54.936954000","7537","296","95.101.184.27","443","10.0.0.2","40940","244","1056864","632"
"55.393268","55.393268000","54.999207000","7538","52","10.0.0.2","40940","95.101.184.27","443","0","632","1051984"
"55.393299","55.393299000","54.999238000","7539","52","10.0.0.2","40940","95.101.184.27","443","0","632","1052716"
"55.393876","55.393876000","54.999815000","7540","296","95.101.184.27","443","10.0.0.2","40940","244","1057108","632"
"55.393945","55.393945000","54.999884000","7541","296","95.101.184.27","443","10.0.0.2","40940","244","1057352","632"
"55.394008","55.394008000","54.999947000","7542","296","95.101.184.27","443","10.0.0.2","40940","244","1057596","632"
"55.394024","55.394024000","54.999963000","7543","296","95.101.184.27","443","10.0.0.2","40940","244","1057840","632"
"55.394061","55.394061000","55.000000000","7544","296","95.101.184.27","443","10.0.0.2","40940","244","1058084","632"
"55.455837","55.455837000","55.061776000","7545","52","10.0.0.2","40940","95.101.184.27","443","0","632","1053204"
"55.455868","55.455868000","55.061807000","7546","52","10.0.0.2","40940","95.101.184.27","443","0","632","1053936"
"55.456615","55.456615000","55.062554000","7547","296","95.101.184.27","443","10.0.0.2","40940","244","1058328","632"
"55.456659","55.456659000","55.062598000","7548","296","95.101.184.27","443","10.0.0.2","40940","244","1058572","632"
"55.456726","55.456726000","55.062665000","7549","296","95.101.184.27","443","10.0.0.2","40940","244","1058816","632"
"55.456745","55.456745000","55.062684000","7550","296","95.101.184.27","443","10.0.0.2","40940","244","1059060","632"
"55.456801","55.456801000","55.062740000","7551","296","95.101.184.27","443","10.0.0.2","40940","244","1059304","632"
"55.456816","55.456816000","55.062755000","7552","296","95.101.184.27","443","10.0.0.2","40940","244","1059548","632"
"55.518708","55.518708000","55.124647000","7553","52","10.0.0.2","40940","95.101.184.27","443","0","632","1054424"
"55.518736","55.518736000","55.124675000","7554","52","10.0.0.2","40940","95.101.184.27","443","0","632","1055156"
"55.519281","55.519281000","55.125220000","7555","296","95.101.184.27","443","10.0.0.2","40940","244","1059792","632"
"55.519317","55.519317000","55.125256000","7556","296","95.101.184.27","443","10.0.0.2","40940","244","1060036","632"
"55.519373","55.519373000","55.125312000","7557","296","95.101.184.27","443","10.0.0.2","40940","244","1060280","632"
"55.519385","55.519385000","55.125324000","7558","296","95.101.184.27","443","10.0.0.2","40940","244","1060524","632"
"55.519419","55.519419000","55.125358000","7559","296","95.101.184.27","443","10.0.0.2","40940","244","1060768","632"
"55.580651","55.580651000","55.186590000","7560","52","10.0.0.2","40940","95.101.184.27","443","0","632","1055644"
"55.580681","55.580681000","55.186620000","7561","52","10.0.0.2","40940","95.101.184.27","443","0","632","1056376"
"55.581276","55.581276000","55.187215000","7562","296","95.101.184.27","443","10.0.0.2","40940","244","1061012","632"
"55.581313","55.581313000","55.187252000","7563","296","95.101.184.27","443","10.0.0.2","40940","244","1061256","632"
"55.581368","55.581368000","55.187307000","7564","296","95.101.184.27","443","10.0.0.2","40940","244","1061500","632"
"55.581380","55.581380000","55.187319000","7565","296","95.101.184.27","443","10.0.0.2","40940","244","1061744","632"
"55.581414","55.581414000","55.187353000","7566","296","95.101.184.27","443","10.0.0.2","40940","244","1061988","632"
"55.643426","55.643426000","55.249365000","7567","52","10.0.0.2","40940","95.101.184.27","443","0","632","1056864"
"55.643456","55.643456000","55.249395000","7568","52","10.0.0.2","40940","95.101.184.27","443","0","632","1057596"
"55.644041","55.644041000","55.249980000","7569","296","95.101.184.27","443","10.0.0.2","40940","244","1062232","632"
"55.644078","55.644078000","55.250017000","7570","296","95.101.184.27","443","10.0.0.2","40940","244","1062476","632"
"55.644128","55.644128000","55.250067000","7571","296","95.101.184.27","443","10.0.0.2","40940","244","1062720","632"
"55.644139","55.644139000","55.250078000","7572","296","95.101.184.27","443","10.0.0.2","40940","244","1062964","632"
"55.644173","55.644173000","55.250112000","7573","296","95.101.184.27","443","10.0.0.2","40940","244","1063208","632"
"55.705733","55.705733000","55.311672000","7574","52","10.0.0.2","40940","95.101.184.27","443","0","632","1058084"
"55.705764","55.705764000","55.311703000","7575","52","10.0.0.2","40940","95.101.184.27","443","0","632","1058572"
"55.706356","55.706356000","55.312295000","7576","296","95.101.184.27","443","10.0.0.2","40940","244","1063452","632"
"55.706391","55.706391000","55.312330000","7577","296","95.101.184.27","443","10.0.0.2","40940","244","1063696","632"
"55.706442","55.706442000","55.312381000","7578","296","95.101.184.27","443","10.0.0.2","40940","244","1063940","632"
"55.706454","55.706454000","55.312393000","7579","296","95.101.184.27","443","10.0.0.2","40940","244","1064184","632"
"55.768891","55.768891000","55.374830000","7580","52","10.0.0.2","40940","95.101.184.27","443","0","632","1058816"
"55.768963","55.768963000","55.374902000","7581","52","10.0.0.2","40940","95.101.184.27","443","0","632","1059304"
"55.768979","55.768979000","55.374918000","7582","52","10.0.0.2","40940","95.101.184.27","443","0","632","1059792"
"55.769499","55.769499000","55.375438000","7583","296","95.101.184.27","443","10.0.0.2","40940","244","1064428","632"
"55.769534","55.769534000","55.375473000","7584","296","95.101.184.27","443","10.0.0.2","40940","244","1064672","632"
"55.769584","55.769584000","55.375523000","7585","296","95.101.184.27","443","10.0.0.2","40940","244","1064916","632"
"55.769596","55.769596000","55.375535000","7586","296","95.101.184.27","443","10.0.0.2","40940","244","1065160","632"
"55.769631","55.769631000","55.375570000","7587","296","95.101.184.27","443","10.0.0.2","40940","244","1065404","632"
"55.831042","55.831042000","55.436981000","7588","52","10.0.0.2","40940","95.101.184.27","443","0","632","1060036"
"55.831073","55.831073000","55.437012000","7589","52","10.0.0.2","40940","95.101.184.27","443","0","632","1060524"
"55.831093","55.831093000","55.437032000","7590","52","10.0.0.2","40940","95.101.184.27","443","0","632","1061256"
"55.831627","55.831627000","55.437566000","7591","296","95.101.184.27","443","10.0.0.2","40940","244","1065648","632"
"55.831662","55.831662000","55.437601000","7592","296","95.101.184.27","443","10.0.0.2","40940","244","1065892","632"
"55.831713","55.831713000","55.437652000","7593","296","95.101.184.27","443","10.0.0.2","40940","244","1066136","632"
"55.831725","55.831725000","55.437664000","7594","296","95.101.184.27","443","10.0.0.2","40940","244","1066380","632"
"55.831771","55.831771000","55.437710000","7595","296","95.101.184.27","443","10.0.0.2","40940","244","1066624","632"
"55.831783","55.831783000","55.437722000","7596","296","95.101.184.27","443","10.0.0.2","40940","244","1066868","632"
"55.894106","55.894106000","55.500045000","7597","52","10.0.0.2","40940","95.101.184.27","443","0","632","1061744"
"55.894137","55.894137000","55.500076000","7598","52","10.0.0.2","40940","95.101.184.27","443","0","632","1062476"
"55.894705","55.894705000","55.500644000","7599","296","95.101.184.27","443","10.0.0.2","40940","244","1067112","632"
"55.894740","55.894740000","55.500679000","7600","296","95.101.184.27","443","10.0.0.2","40940","244","1067356","632"
"55.894790","55.894790000","55.500729000","7601","296","95.101.184.27","443","10.0.0.2","40940","244","1067600","632"
"55.894802","55.894802000","55.500741000","7602","296","95.101.184.27","443","10.0.0.2","40940","244","1067844","632"
"55.894836","55.894836000","55.500775000","7603","296","95.101.184.27","443","10.0.0.2","40940","244","1068088","632"
"55.955253","55.955253000","55.561192000","7604","52","10.0.0.2","40940","95.101.184.27","443","0","632","1062964"
"55.955287","55.955287000","55.561226000","7605","52","10.0.0.2","40940","95.101.184.27","443","0","632","1063696"
"55.955848","55.955848000","55.561787000","7606","296","95.101.184.27","443","10.0.0.2","40940","244","1068332","632"
"55.955883","55.955883000","55.561822000","7607","296","95.101.184.27","443","10.0.0.2","40940","244","1068576","632"
"55.955968","55.955968000","55.561907000","7608","296","95.101.184.27","443","10.0.0.2","40940","244","1068820","632"
"55.955983","55.955983000","55.561922000","7609","296","95.101.184.27","443","10.0.0.2","40940","244","1069064","632"
"55.956021","55.956021000","55.561960000","7610","296","95.101.184.27","443","10.0.0.2","40940","244","1069308","632"
"56.018360","56.018360000","55.624299000","7611","52","10.0.0.2","40940","95.101.184.27","443","0","632","1064184"
"56.018391","56.018391000","55.624330000","7612","52","10.0.0.2","40940","95.101.184.27","443","0","632","1064916"
"56.018909","56.018909000","55.624848000","7613","296","95.101.184.27","443","10.0.0.2","40940","244","1069552","632"
"56.018972","56.018972000","55.624911000","7614","296","95.101.184.27","443","10.0.0.2","40940","244","1069796","632"
"56.019025","56.019025000","55.624964000","7615","296","95.101.184.27","443","10.0.0.2","40940","244","1070040","632"
"56.019037","56.019037000","55.624976000","7616","296","95.101.184.27","443","10.0.0.2","40940","244","1070284","632"
"56.019071","56.019071000","55.625010000","7617","296","95.101.184.27","443","10.0.0.2","40940","244","1070528","632"
"56.071011","56.071011000",,"7618","48",,,,,,,
"56.080392","56.080392000","55.686331000","7619","52","10.0.0.2","40940","95.101.184.27","443","0","632","1065404"
"56.080426","56.080426000","55.686365000","7620","52","10.0.0.2","40940","95.101.184.27","443","0","632","1066136"
"56.080989","56.080989000","55.686928000","7621","296","95.101.184.27","443","10.0.0.2","40940","244","1070772","632"
"56.081026","56.081026000","55.686965000","7622","296","95.101.184.27","443","10.0.0.2","40940","244","1071016","632"
"56.081077","56.081077000","55.687016000","7623","296","95.101.184.27","443","10.0.0.2","40940","244","1071260","632"
"56.081089","56.081089000","55.687028000","7624","296","95.101.184.27","443","10.0.0.2","40940","244","1071504","632"
"56.081123","56.081123000","55.687062000","7625","296","95.101.184.27","443","10.0.0.2","40940","244","1071748","632"
"56.143576","56.143576000","55.749515000","7626","52","10.0.0.2","40940","95.101.184.27","443","0","632","1066624"
"56.143609","56.143609000","55.749548000","7627","52","10.0.0.2","40940","95.101.184.27","443","0","632","1067356"
"56.144122","56.144122000","55.750061000","7628","296","95.101.184.27","443","10.0.0.2","40940","244","1071992","632"
"56.144158","56.144158000","55.750097000","7629","296","95.101.184.27","443","10.0.0.2","40940","244","1072236","632"
"56.144210","56.144210000","55.750149000","7630","296","95.101.184.27","443","10.0.0.2","40940","244","1072480","632"
"56.144223","56.144223000","55.750162000","7631","296","95.101.184.27","443","10.0.0.2","40940","244","1072724","632"
"56.144257","56.144257000","55.750196000","7632","296","95.101.184.27","443","10.0.0.2","40940","244","1072968","632"
"56.205633","56.205633000","55.811572000","7633","52","10.0.0.2","40940","95.101.184.27","443","0","632","1067844"
"56.205662","56.205662000","55.811601000","7634","52","10.0.0.2","40940","95.101.184.27","443","0","632","1068576"
"56.206195","56.206195000","55.812134000","7635","296","95.101.184.27","443","10.0.0.2","40940","244","1073212","632"
"56.206232","56.206232000","55.812171000","7636","296","95.101.184.27","443","10.0.0.2","40940","244","1073456","632"
"56.206284","56.206284000","55.812223000","7637","296","95.101.184.27","443","10.0.0.2","40940","244","1073700","632"
"56.206296","56.206296000","55.812235000","7638","296","95.101.184.27","443","10.0.0.2","40940","244","1073944","632"
"56.206331","56.206331000","55.812270000","7639","296","95.101.184.27","443","10.0.0.2","40940","244","1074188","632"
"56.268640","56.268640000","55.874579000","7640","52","10.0.0.2","40940","95.101.184.27","443","0","632","1069064"
"56.268674","56.268674000","55.874613000","7641","52","10.0.0.2","40940","95.101.184.27","443","0","632","1069796"
"56.269293","56.269293000","55.875232000","7642","296","95.101.184.27","443","10.0.0.2","40940","244","1074432","632"
"56.269329","56.269329000","55.875268000","7643","296","95.101.184.27","443","10.0.0.2","40940","244","1074676","632"
"56.269379","56.269379000","55.875318000","7644","296","95.101.184.27","443","10.0.0.2","40940","244","1074920","632"
"56.269393","56.269393000","55.875332000","7645","296","95.101.184.27","443","10.0.0.2","40940","244","1075164","632"
"56.269428","56.269428000","55.875367000","7646","296","95.101.184.27","443","10.0.0.2","40940","244","1075408","632"
"56.330813","56.330813000","55.936752000","7647","52","10.0.0.2","40940","95.101.184.27","443","0","632","1070284"
"56.330845","56.330845000","55.936784000","7648","52","10.0.0.2","40940","95.101.184.27","443","0","632","1071016"
"56.331406","56.331406000","55.937345000","7649","296","95.101.184.27","443","10.0.0.2","40940","244","1075652","632"
"56.331442","56.331442000","55.937381000","7650","296","95.101.184.27","443","10.0.0.2","40940","244","1075896","632"
"56.331493","56.331493000","55.937432000","7651","296","95.101.184.27","443","10.0.0.2","40940","244","1076140","632"
"56.331505","56.331505000","55.937444000","7652","296","95.101.184.27","443","10.0.0.2","40940","244","1076384","632"
"56.331540","56.331540000","55.937479000","7653","296","95.101.184.27","443","10.0.0.2","40940","244","1076628","632"
"56.393874","56.393874000","55.999813000","7654","52","10.0.0.2","40940","95.101.184.27","443","0","632","1071504"
"56.393907","56.393907000","55.999846000","7655","52","10.0.0.2","40940","95.101.184.27","443","0","632","1072236"
"56.394486","56.394486000","56.000425000","7656","296","95.101.184.27","443","10.0.0.2","40940","244","1076872","632"
"56.394522","56.394522000","56.000461000","7657","296","95.101.184.27","443","10.0.0.2","40940","244","1077116","632"
"56.394574","56.394574000","56.000513000","7658","296","95.101.184.27","443","10.0.0.2","40940","244","1077360","632"
"56.394586","56.394586000","56.000525000","7659","296","95.101.184.27","443","10.0.0.2","40940","244","1077604","632"
"56.394621","56.394621000","56.000560000","7660","296","95.101.184.27","443","10.0.0.2","40940","244","1077848","632"
"56.456022","56.456022000","56.061961000","7661","52","10.0.0.2","40940","95.101.184.27","443","0","632","1072724"
"56.456053","56.456053000","56.061992000","7662","52","10.0.0.2","40940","95.101.184.27","443","0","632","1073456"
"56.456613","56.456613000","56.062552000","7663","296","95.101.184.27","443","10.0.0.2","40940","244","1078092","632"
"56.456649","56.456649000","56.062588000","7664","296","95.101.184.27","443","10.0.0.2","40940","244","1078336","632"
"56.456700","56.456700000","56.062639000","7665","296","95.101.184.27","443","10.0.0.2","40940","244","1078580","632"
"56.456712","56.456712000","56.062651000","7666","296","95.101.184.27","443","10.0.0.2","40940","244","1078824","632"
"56.456746","56.456746000","56.062685000","7667","296","95.101.184.27","443","10.0.0.2","40940","244","1079068","632"
"56.518146","56.518146000","56.124085000","7668","52","10.0.0.2","40940","95.101.184.27","443","0","632","1073944"
"56.518176","56.518176000","56.124115000","7669","52","10.0.0.2","40940","95.101.184.27","443","0","632","1074676"
"56.518802","56.518802000","56.124741000","7670","296","95.101.184.27","443","10.0.0.2","40940","244","1079312","632"
"56.518845","56.518845000","56.124784000","7671","296","95.101.184.27","443","10.0.0.2","40940","244","1079556","632"
"56.518910","56.518910000","56.124849000","7672","296","95.101.184.27","443","10.0.0.2","40940","244","1079800","632"
"56.518965","56.518965000","56.124904000","7673","296","95.101.184.27","443","10.0.0.2","40940","244","1080044","632"
"56.519028","56.519028000","56.124967000","7674","296","95.101.184.27","443","10.0.0.2","40940","244","1080288","632"
"56.580249","56.580249000","56.186188000","7675","52","10.0.0.2","40940","95.101.184.27","443","0","632","1075164"
"56.580281","56.580281000","56.186220000","7676","52","10.0.0.2","40940","95.101.184.27","443","0","632","1075896"
"56.580860","56.580860000","56.186799000","7677","296","95.101.184.27","443","10.0.0.2","40940","244","1080532","632"
"56.580896","56.580896000","56.186835000","7678","296","95.101.184.27","443","10.0.0.2","40940","244","1080776","632"
"56.580975","56.580975000","56.186914000","7679","296","95.101.184.27","443","10.0.0.2","40940","244","1081020","632"
"56.580990","56.580990000","56.186929000","7680","296","95.101.184.27","443","10.0.0.2","40940","244","1081264","632"
"56.581025","56.581025000","56.186964000","7681","296","95.101.184.27","443","10.0.0.2","40940","244","1081508","632"
"56.643294","56.643294000","56.249233000","7682","52","10.0.0.2","40940","95.101.184.27","443","0","632","1076384"
"56.643328","56.643328000","56.249267000","7683","52","10.0.0.2","40940","95.101.184.27","443","0","632","1077116"
"56.643900","56.643900000","56.249839000","7684","296","95.101.184.27","443","10.0.0.2","40940","244","1081752","632"
"56.643966","56.643966000","56.249905000","7685","296","95.101.184.27","443","10.0.0.2","40940","244","1081996","632"
"56.644018","56.644018000","56.249957000","7686","296","95.101.184.27","443","10.0.0.2","40940","244","1082240","632"
"56.644030","56.644030000","56.249969000","7687","296","95.101.184.27","443","10.0.0.2","40940","244","1082484","632"
"56.644064","56.644064000","56.250003000","7688","296","95.101.184.27","443","10.0.0.2","40940","244","1082728","632"
"56.705602","56.705602000","56.311541000","7689","52","10.0.0.2","40940","95.101.184.27","443","0","632","1077604"
"56.705633","56.705633000","56.311572000","7690","52","10.0.0.2","40940","95.101.184.27","443","0","632","1078336"
"56.706155","56.706155000","56.312094000","7691","296","95.101.184.27","443","10.0.0.2","40940","244","1082972","632"
"56.706192","56.706192000","56.312131000","7692","296","95.101.184.27","443","10.0.0.2","40940","244","1083216","632"
"56.706244","56.706244000","56.312183000","7693","296","95.101.184.27","443","10.0.0.2","40940","244","1083460","632"
"56.706256","56.706256000","56.312195000","7694","296","95.101.184.27","443","10.0.0.2","40940","244","1083704","632"
"56.706291","56.706291000","56.312230000","7695","296","95.101.184.27","443","10.0.0.2","40940","244","1083948","632"
"56.768582","56.768582000","56.374521000","7696","52","10.0.0.2","40940","95.101.184.27","443","0","632","1078824"
"56.768616","56.768616000","56.374555000","7697","52","10.0.0.2","40940","95.101.184.27","443","0","632","1079556"
"56.769152","56.769152000","56.375091000","7698","296","95.101.184.27","443","10.0.0.2","40940","244","1084192","632"
"56.769187","56.769187000","56.375126000","7699","296","95.101.184.27","443","10.0.0.2","40940","244","1084436","632"
"56.769238","56.769238000","56.375177000","7700","296","95.101.184.27","443","10.0.0.2","40940","244","1084680","632"
"56.769250","56.769250000","56.375189000","7701","296","95.101.184.27","443","10.0.0.2","40940","244","1084924","632"
"56.769285","56.769285000","56.375224000","7702","296","95.101.184.27","443","10.0.0.2","40940","244","1085168","632"
"56.830619","56.830619000","56.436558000","7703","52","10.0.0.2","40940","95.101.184.27","443","0","632","1080044"
"56.830654","56.830654000","56.436593000","7704","52","10.0.0.2","40940","95.101.184.27","443","0","632","1080776"
"56.831227","56.831227000","56.437166000","7705","296","95.101.184.27","443","10.0.0.2","40940","244","1085412","632"
"56.831263","56.831263000","56.437202000","7706","296","95.101.184.27","443","10.0.0.2","40940","244","1085656","632"
"56.831314","56.831314000","56.437253000","7707","296","95.101.184.27","443","10.0.0.2","40940","244","1085900","632"
"56.831326","56.831326000","56.437265000","7708","296","95.101.184.27","443","10.0.0.2","40940","244","1086144","632"
"56.831360","56.831360000","56.437299000","7709","296","95.101.184.27","443","10.0.0.2","40940","244","1086388","632"
"56.893792","56.893792000","56.499731000","7710","52","10.0.0.2","40940","95.101.184.27","443","0","632","1081264"
"56.893825","56.893825000","56.499764000","7711","52","10.0.0.2","40940","95.101.184.27","443","0","632","1081996"
"56.894398","56.894398000","56.500337000","7712","296","95.101.184.27","443","10.0.0.2","40940","244","1086632","632"
"56.894434","56.894434000","56.500373000","7713","296","95.101.184.27","443","10.0.0.2","40940","244","1086876","632"
"56.894483","56.894483000","56.500422000","7714","296","95.101.184.27","443","10.0.0.2","40940","244","1087120","632"
"56.894495","56.894495000","56.500434000","7715","296","95.101.184.27","443","10.0.0.2","40940","244","1087364","632"
"56.894529","56.894529000","56.500468000","7716","296","95.101.184.27","443","10.0.0.2","40940","244","1087608","632"
"56.955861","56.955861000","56.561800000","7717","52","10.0.0.2","40940","95.101.184.27","443","0","632","1082484"
"56.955893","56.955893000","56.561832000","7718","52","10.0.0.2","40940","95.101.184.27","443","0","632","1083216"
"56.956510","56.956510000","56.562449000","7719","296","95.101.184.27","443","10.0.0.2","40940","244","1087852","632"
"56.956549","56.956549000","56.562488000","7720","296","95.101.184.27","443","10.0.0.2","40940","244","1088096","632"
"56.956601","56.956601000","56.562540000","7721","296","95.101.184.27","443","10.0.0.2","40940","244","1088340","632"
"56.956612","56.956612000","56.562551000","7722","296","95.101.184.27","443","10.0.0.2","40940","244","1088584","632"
"56.956646","56.956646000","56.562585000","7723","296","95.101.184.27","443","10.0.0.2","40940","244","1088828","632"
"57.018384","57.018384000","56.624323000","7724","52","10.0.0.2","40940","95.101.184.27","443","0","632","1083704"
"57.018413","57.018413000","56.624352000","7725","52","10.0.0.2","40940","95.101.184.27","443","0","632","1084192"
"57.018432","57.018432000","56.624371000","7726","52","10.0.0.2","40940","95.101.184.27","443","0","632","1084436"
"57.019012","57.019012000","56.624951000","7727","296","95.101.184.27","443","10.0.0.2","40940","244","1089072","632"
"57.019046","57.019046000","56.624985000","7728","296","95.101.184.27","443","10.0.0.2","40940","244","1089316","632"
"57.019099","57.019099000","56.625038000","7729","296","95.101.184.27","443","10.0.0.2","40940","244","1089560","632"
"57.019114","57.019114000","56.625053000","7730","296","95.101.184.27","443","10.0.0.2","40940","244","1089804","632"
"57.019149","57.019149000","56.625088000","7731","296","95.101.184.27","443","10.0.0.2","40940","244","1090048","632"
"57.081130","57.081130000","56.687069000","7732","52","10.0.0.2","40940","95.101.184.27","443","0","632","1084924"
"57.081161","57.081161000","56.687100000","7733","52","10.0.0.2","40940","95.101.184.27","443","0","632","1085656"
"57.081879","57.081879000","56.687818000","7734","296","95.101.184.27","443","10.0.0.2","40940","244","1090292","632"
"57.081959","57.081959000","56.687898000","7735","296","95.101.184.27","443","10.0.0.2","40940","244","1090536","632"
"57.082028","57.082028000","56.687967000","7736","296","95.101.184.27","443","10.0.0.2","40940","244","1090780","632"
"57.082048","57.082048000","56.687987000","7737","296","95.101.184.27","443","10.0.0.2","40940","244","1091024","632"
"57.082090","57.082090000","56.688029000","7738","296","95.101.184.27","443","10.0.0.2","40940","244","1091268","632"
"57.143251","57.143251000","56.749190000","7739","52","10.0.0.2","40940","95.101.184.27","443","0","632","1086144"
"57.143284","57.143284000","56.749223000","7740","52","10.0.0.2","40940","95.101.184.27","443","0","632","1086876"
"57.143871","57.143871000","56.749810000","7741","296","95.101.184.27","443","10.0.0.2","40940","244","1091512","632"
"57.143907","57.143907000","56.749846000","7742","296","95.101.184.27","443","10.0.0.2","40940","244","1091756","632"
"57.143994","57.143994000","56.749933000","7743","296","95.101.184.27","443","10.0.0.2","40940","244","1092000","632"
"57.144008","57.144008000","56.749947000","7744","296","95.101.184.27","443","10.0.0.2","40940","244","1092244","632"
"57.144042","57.144042000","56.749981000","7745","296","95.101.184.27","443","10.0.0.2","40940","244","1092488","632"
"57.205631","57.205631000","56.811570000","7746","52","10.0.0.2","40940","95.101.184.27","443","0","632","1087364"
"57.205659","57.205659000","56.811598000","7747","52","10.0.0.2","40940","95.101.184.27","443","0","632","1088096"
"57.206221","57.206221000","56.812160000","7748","296","95.101.184.27","443","10.0.0.2","40940","244","1092732","632"
"57.206258","57.206258000","56.812197000","7749","296","95.101.184.27","443","10.0.0.2","40940","244","1092976","632"
"57.206308","57.206308000","56.812247000","7750","296","95.101.184.27","443","10.0.0.2","40940","244","1093220","632"
"57.206320","57.206320000","56.812259000","7751","296","95.101.184.27","443","10.0.0.2","40940","244","1093464","632"
"57.206357","57.206357000","56.812296000","7752","296","95.101.184.27","443","10.0.0.2","40940","244","1093708","632"
"57.268627","57.268627000","56.874566000","7753","52","10.0.0.2","40940","95.101.184.27","443","0","632","1088584"
"57.268658","57.268658000","56.874597000","7754","52","10.0.0.2","40940","95.101.184.27","443","0","632","1089316"
"57.269210","57.269210000","56.875149000","7755","296","95.101.184.27","443","10.0.0.2","40940","244","1093952","632"
"57.269246","57.269246000","56.875185000","7756","296","95.101.184.27","443","10.0.0.2","40940","244","1094196","632"
"57.269295","57.269295000","56.875234000","7757","296","95.101.184.27","443","10.0.0.2","40940","244","1094440","632"
"57.269308","57.269308000","56.875247000","7758","296","95.101.184.27","443","10.0.0.2","40940","244","1094684","632"
"57.269342","57.269342000","56.875281000","7759","296","95.101.184.27","443","10.0.0.2","40940","244","1094928","632"
"57.330638","57.330638000","56.936577000","7760","52","10.0.0.2","40940","95.101.184.27","443","0","632","1089804"
"57.330674","57.330674000","56.936613000","7761","52","10.0.0.2","40940","95.101.184.27","443","0","632","1090536"
"57.331221","57.331221000","56.937160000","7762","296","95.101.184.27","443","10.0.0.2","40940","244","1095172","632"
"57.331258","57.331258000","56.937197000","7763","296","95.101.184.27","443","10.0.0.2","40940","244","1095416","632"
"57.331309","57.331309000","56.937248000","7764","296","95.101.184.27","443","10.0.0.2","40940","244","1095660","632"
"57.331322","57.331322000","56.937261000","7765","296","95.101.184.27","443","10.0.0.2","40940","244","1095904","632"
"57.331356","57.331356000","56.937295000","7766","296","95.101.184.27","443","10.0.0.2","40940","244","1096148","632"
"57.393874","57.393874000","56.999813000","7767","52","10.0.0.2","40940","95.101.184.27","443","0","632","1091024"
"57.393906","57.393906000","56.999845000","7768","52","10.0.0.2","40940","95.101.184.27","443","0","632","1091512"
"57.394420","57.394420000","57.000359000","7769","296","95.101.184.27","443","10.0.0.2","40940","244","1096392","632"
"57.394456","57.394456000","57.000395000","7770","296","95.101.184.27","443","10.0.0.2","40940","244","1096636","632"
"57.394507","57.394507000","57.000446000","7771","296","95.101.184.27","443","10.0.0.2","40940","244","1096880","632"
"57.394521","57.394521000","57.000460000","7772","296","95.101.184.27","443","10.0.0.2","40940","244","1097124","632"
"57.394559","57.394559000","57.000498000","7773","296","95.101.184.27","443","10.0.0.2","40940","244","1097368","632"
"57.455120","57.455120000","57.061059000","7774","52","10.0.0.2","40940","95.101.184.27","443","0","632","1091756"
"57.455150","57.455150000","57.061089000","7775","52","10.0.0.2","40940","95.101.184.27","443","0","632","1092244"
"57.455167","57.455167000","57.061106000","7776","52","10.0.0.2","40940","95.101.184.27","443","0","632","1092976"
"57.455647","57.455647000","57.061586000","7777","296","95.101.184.27","443","10.0.0.2","40940","244","1097612","632"
"57.455685","57.455685000","57.061624000","7778","296","95.101.184.27","443","10.0.0.2","40940","244","1097856","632"
"57.455738","57.455738000","57.061677000","7779","296","95.101.184.27","443","10.0.0.2","40940","244","1098100","632"
"57.455751","57.455751000","57.061690000","7780","296","95.101.184.27","443","10.0.0.2","40940","244","1098344","632"
"57.455799","57.455799000","57.061738000","7781","296","95.101.184.27","443","10.0.0.2","40940","244","1098588","632"
"57.455811","57.455811000","57.061750000","7782","296","95.101.184.27","443","10.0.0.2","40940","244","1098832","632"
"57.518962","57.518962000","57.124901000","7783","52","10.0.0.2","40940","95.101.184.27","443","0","632","1093464"
"57.519011","57.519011000","57.124950000","7784","52","10.0.0.2","40940","95.101.184.27","443","0","632","1093952"
"57.519671","57.519671000","57.125610000","7785","296","95.101.184.27","443","10.0.0.2","40940","244","1099076","632"
"57.519717","57.519717000","57.125656000","7786","296","95.101.184.27","443","10.0.0.2","40940","244","1099320","632"
"57.519782","57.519782000","57.125721000","7787","296","95.101.184.27","443","10.0.0.2","40940","244","1099564","632"
"57.519800","57.519800000","57.125739000","7788","296","95.101.184.27","443","10.0.0.2","40940","244","1099808","632"
"57.580309","57.580309000","57.186248000","7789","52","10.0.0.2","40940","95.101.184.27","443","0","632","1094196"
"57.580344","57.580344000","57.186283000","7790","52","10.0.0.2","40940","95.101.184.27","443","0","632","1094684"
"57.580364","57.580364000","57.186303000","7791","52","10.0.0.2","40940","95.101.184.27","443","0","632","1095416"
"57.580819","57.580819000","57.186758000","7792","296","95.101.184.27","443","10.0.0.2","40940","244","1100052","632"
"57.580965","57.580965000","57.186904000","7793","296","95.101.184.27","443","10.0.0.2","40940","244","1100296","632"
"57.580982","57.580982000","57.186921000","7794","296","95.101.184.27","443","10.0.0.2","40940","244","1100540","632"
"57.581034","57.581034000","57.186973000","7795","296","95.101.184.27","443","10.0.0.2","40940","244","1100784","632"
"57.581048","57.581048000","57.186987000","7796","296","95.101.184.27","443","10.0.0.2","40940","244","1101028","632"
"57.581082","57.581082000","57.187021000","7797","296","95.101.184.27","443","10.0.0.2","40940","244","1101272","632"
"57.643492","57.643492000","57.249431000","7798","52","10.0.0.2","40940","95.101.184.27","443","0","632","1095904"
"57.643520","57.643520000","57.249459000","7799","52","10.0.0.2","40940","95.101.184.27","443","0","632","1096636"
"57.644074","57.644074000","57.250013000","7800","296","95.101.184.27","443","10.0.0.2","40940","244","1101516","632"
"57.644109","57.644109000","57.250048000","7801","296","95.101.184.27","443","10.0.0.2","40940","244","1101760","632"
"57.644158","57.644158000","57.250097000","7802","296","95.101.184.27","443","10.0.0.2","40940","244","1102004","632"
"57.644170","57.644170000","57.250109000","7803","296","95.101.184.27","443","10.0.0.2","40940","244","1102248","632"
"57.644204","57.644204000","57.250143000","7804","296","95.101.184.27","443","10.0.0.2","40940","244","1102492","632"
"57.705425","57.705425000","57.311364000","7805","52","10.0.0.2","40940","95.101.184.27","443","0","632","1097124"
"57.705457","57.705457000","57.311396000","7806","52","10.0.0.2","40940","95.101.184.27","443","0","632","1097856"
"57.706038","57.706038000","57.311977000","7807","296","95.101.184.27","443","10.0.0.2","40940","244","1102736","632"
"57.706074","57.706074000","57.312013000","7808","296","95.101.184.27","443","10.0.0.2","40940","244","1102980","632"
"57.706123","57.706123000","57.312062000","7809","296","95.101.184.27","443","10.0.0.2","40940","244","1103224","632"
"57.706135","57.706135000","57.312074000","7810","296","95.101.184.27","443","10.0.0.2","40940","244","1103468","632"
"57.706168","57.706168000","57.312107000","7811","296","95.101.184.27","443","10.0.0.2","40940","244","1103712","632"
"57.768622","57.768622000","57.374561000","7812","52","10.0.0.2","40940","95.101.184.27","443","0","632","1098344"
"57.768657","57.768657000","57.374596000","7813","52","10.0.0.2","40940","95.101.184.27","443","0","632","1099076"
"57.769213","57.769213000","57.375152000","7814","296","95.101.184.27","443","10.0.0.2","40940","244","1103956","632"
"57.769248","57.769248000","57.375187000","7815","296","95.101.184.27","443","10.0.0.2","40940","244","1104200","632"
"57.769299","57.769299000","57.375238000","7816","296","95.101.184.27","443","10.0.0.2","40940","244","1104444","632"
"57.769312","57.769312000","57.375251000","7817","296","95.101.184.27","443","10.0.0.2","40940","244","1104688","632"
"57.769346","57.769346000","57.375285000","7818","296","95.101.184.27","443","10.0.0.2","40940","244","1104932","632"
"57.830729","57.830729000","57.436668000","7819","52","10.0.0.2","40940","95.101.184.27","443","0","632","1099564"
"57.830763","57.830763000","57.436702000","7820","52","10.0.0.2","40940","95.101.184.27","443","0","632","1100296"
"57.831390","57.831390000","57.437329000","7821","296","95.101.184.27","443","10.0.0.2","40940","244","1105176","632"
"57.831426","57.831426000","57.437365000","7822","296","95.101.184.27","443","10.0.0.2","40940","244","1105420","632"
"57.831478","57.831478000","57.437417000","7823","296","95.101.184.27","443","10.0.0.2","40940","244","1105664","632"
"57.831491","57.831491000","57.437430000","7824","296","95.101.184.27","443","10.0.0.2","40940","244","1105908","632"
"57.831524","57.831524000","57.437463000","7825","296","95.101.184.27","443","10.0.0.2","40940","244","1106152","632"
"57.893811","57.893811000","57.499750000","7826","52","10.0.0.2","40940","95.101.184.27","443","0","632","1100784"
"57.893844","57.893844000","57.499783000","7827","52","10.0.0.2","40940","95.101.184.27","443","0","632","1101516"
"57.894426","57.894426000","57.500365000","7828","296","95.101.184.27","443","10.0.0.2","40940","244","1106396","632"
"57.894462","57.894462000","57.500401000","7829","296","95.101.184.27","443","10.0.0.2","40940","244","1106640","632"
"57.894514","57.894514000","57.500453000","7830","296","95.101.184.27","443","10.0.0.2","40940","244","1106884","632"
"57.894526","57.894526000","57.500465000","7831","296","95.101.184.27","443","10.0.0.2","40940","244","1107128","632"
"57.894561","57.894561000","57.500500000","7832","296","95.101.184.27","443","10.0.0.2","40940","244","1107372","632"
"57.955809","57.955809000","57.561748000","7833","52","10.0.0.2","40940","95.101.184.27","443","0","632","1102004"
"57.955864","57.955864000","57.561803000","7834","52","10.0.0.2","40940","95.101.184.27","443","0","632","1102492"
"57.956405","57.956405000","57.562344000","7835","296","95.101.184.27","443","10.0.0.2","40940","244","1107616","632"
"57.956440","57.956440000","57.562379000","7836","296","95.101.184.27","443","10.0.0.2","40940","244","1107860","632"
"57.956493","57.956493000","57.562432000","7837","296","95.101.184.27","443","10.0.0.2","40940","244","1108104","632"
"57.956505","57.956505000","57.562444000","7838","296","95.101.184.27","443","10.0.0.2","40940","244","1108348","632"
"57.956540","57.956540000","57.562479000","7839","296","95.101.184.27","443","10.0.0.2","40940","244","1108592","632"
"58.018364","58.018364000","57.624303000","7840","52","10.0.0.2","40940","95.101.184.27","443","0","632","1102736"
"58.018395","58.018395000","57.624334000","7841","52","10.0.0.2","40940","95.101.184.27","443","0","632","1103224"
"58.018414","58.018414000","57.624353000","7842","52","10.0.0.2","40940","95.101.184.27","443","0","632","1103956"
"58.018942","58.018942000","57.624881000","7843","296","95.101.184.27","443","10.0.0.2","40940","244","1108836","632"
"58.018983","58.018983000","57.624922000","7844","296","95.101.184.27","443","10.0.0.2","40940","244","1109080","632"
"58.019038","58.019038000","57.624977000","7845","296","95.101.184.27","443","10.0.0.2","40940","244","1109324","632"
"58.019050","58.019050000","57.624989000","7846","296","95.101.184.27","443","10.0.0.2","40940","244","1109568","632"
"58.019097","58.019097000","57.625036000","7847","296","95.101.184.27","443","10.0.0.2","40940","244","1109812","632"
"58.019111","58.019111000","57.625050000","7848","296","95.101.184.27","443","10.0.0.2","40940","244","1110056","632"
"58.080252","58.080252000","57.686191000","7849","52","10.0.0.2","40940","95.101.184.27","443","0","632","1104444"
"58.080285","58.080285000","57.686224000","7850","52","10.0.0.2","40940","95.101.184.27","443","0","632","1105176"
"58.080866","58.080866000","57.686805000","7851","296","95.101.184.27","443","10.0.0.2","40940","244","1110300","632"
"58.080903","58.080903000","57.686842000","7852","296","95.101.184.27","443","10.0.0.2","40940","244","1110544","632"
"58.080987","58.080987000","57.686926000","7853","296","95.101.184.27","443","10.0.0.2","40940","244","1110788","632"
"58.081002","58.081002000","57.686941000","7854","296","95.101.184.27","443","10.0.0.2","40940","244","1111032","632"
"58.081036","58.081036000","57.686975000","7855","296","95.101.184.27","443","10.0.0.2","40940","244","1111276","632"
"58.143143","58.143143000","57.749082000","7856","52","10.0.0.2","40940","95.101.184.27","443","0","632","1105664"
"58.143176","58.143176000","57.749115000","7857","52","10.0.0.2","40940","95.101.184.27","443","0","632","1106396"
"58.143754","58.143754000","57.749693000","7858","296","95.101.184.27","443","10.0.0.2","40940","244","1111520","632"
"58.143791","58.143791000","57.749730000","7859","296","95.101.184.27","443","10.0.0.2","40940","244","1111764","632"
"58.143841","58.143841000","57.749780000","7860","296","95.101.184.27","443","10.0.0.2","40940","244","1112008","632"
"58.143853","58.143853000","57.749792000","7861","296","95.101.184.27","443","10.0.0.2","40940","244","1112252","632"
"58.143887","58.143887000","57.749826000","7862","296","95.101.184.27","443","10.0.0.2","40940","244","1112496","632"
"58.205617","58.205617000","57.811556000","7863","52","10.0.0.2","40940","95.101.184.27","443","0","632","1106884"
"58.205647","58.205647000","57.811586000","7864","52","10.0.0.2","40940","95.101.184.27","443","0","632","1107616"
"58.206179","58.206179000","57.812118000","7865","296","95.101.184.27","443","10.0.0.2","40940","244","1112740","632"
"58.206216","58.206216000","57.812155000","7866","296","95.101.184.27","443","10.0.0.2","40940","244","1112984","632"
"58.206266","58.206266000","57.812205000","7867","296","95.101.184.27","443","10.0.0.2","40940","244","1113228","632"
"58.206279","58.206279000","57.812218000","7868","296","95.101.184.27","443","10.0.0.2","40940","244","1113472","632"
"58.206313","58.206313000","57.812252000","7869","296","95.101.184.27","443","10.0.0.2","40940","244","1113716","632"
"58.268608","58.268608000","57.874547000","7870","52","10.0.0.2","40940","95.101.184.27","443","0","632","1108104"
"58.268642","58.268642000","57.874581000","7871","52","10.0.0.2","40940","95.101.184.27","443","0","632","1108836"
"58.269190","58.269190000","57.875129000","7872","296","95.101.184.27","443","10.0.0.2","40940","244","1113960","632"
"58.269227","58.269227000","57.875166000","7873","296","95.101.184.27","443","10.0.0.2","40940","244","1114204","632"
"58.269276","58.269276000","57.875215000","7874","296","95.101.184.27","443","10.0.0.2","40940","244","1114448","632"
"58.269288","58.269288000","57.875227000","7875","296","95.101.184.27","443","10.0.0.2","40940","244","1114692","632"
"58.269326","58.269326000","57.875265000","7876","163","95.101.184.27","443","10.0.0.2","40940","111","1114936","632"
"58.330521","58.330521000","57.936460000","7877","52","10.0.0.2","40940","95.101.184.27","443","0","632","1109324"
"58.330553","58.330553000","57.936492000","7878","52","10.0.0.2","40940","95.101.184.27","443","0","632","1110056"
"58.393862","58.393862000","57.999801000","7879","52","10.0.0.2","40940","95.101.184.27","443","0","632","1110544"
"58.393894","58.393894000","57.999833000","7880","52","10.0.0.2","40940","95.101.184.27","443","0","632","1111276"
"58.455893","58.455893000","58.061832000","7881","52","10.0.0.2","40940","95.101.184.27","443","0","632","1111764"
"58.455953","58.455953000","58.061892000","7882","52","10.0.0.2","40940","95.101.184.27","443","0","632","1112496"
"58.518049","58.518049000","58.123988000","7883","52","10.0.0.2","40940","95.101.184.27","443","0","632","1112984"
"58.518063","58.518063000","58.124002000","7884","52","10.0.0.2","40940","95.101.184.27","443","0","632","1113716"
"58.580236","58.580236000","58.186175000","7885","52","10.0.0.2","40940","95.101.184.27","443","0","632","1114204"
"58.580262","58.580262000","58.186201000","7886","52","10.0.0.2","40940","95.101.184.27","443","0","632","1115047"
"58.580277","58.580277000","58.186216000","7887","52","10.0.0.2","40940","95.101.184.27","443","0","632","1115047"
"58.580839","58.580839000","58.186778000","7888","52","95.101.184.27","443","10.0.0.2","40940","0","1115047","633"
"58.768271","58.768271000","58.374210000","7889","52","10.0.0.2","40940","95.101.184.27","443","0","633","1115048"
"61.191163","61.191163000",,"7890","48",,,,,,,
