_ws.col.cls_time,frame.time_relative,tcp.time_relative,frame.number,frame.len,ip.src,tcp.srcport,ip.dst,tcp.dstport,tcp.len,tcp.seq,tcp.ack
"0.000000","0.000000000",,"1","76",,,,,,,
"0.042936","0.042936000",,"2","75","10.0.0.2",,"10.0.0.1",,,,
"0.042985","0.042985000",,"3","75","10.0.0.2",,"10.0.0.1",,,,
"0.067916","0.067916000",,"4","444","10.0.0.1",,"10.0.0.2",,,,
"0.087089","0.087089000",,"5","484","10.0.0.1",,"10.0.0.2",,,,
"0.200066","0.200066000",,"6","76",,,,,,,
"0.354498","0.354498000","0.000000000","7","60","10.0.0.2","57552","23.52.120.63","443","0","0","0"
"0.355192","0.355192000","0.000694000","8","60","23.52.120.63","443","10.0.0.2","57552","0","0","1"
"0.608527","0.608527000",,"9","76",,,,,,,
"0.608551","0.608551000",,"10","48",,,,,,,
"0.611613","0.611613000",,"11","76",,,,,,,
"0.668082","0.668082000","0.313584000","12","52","10.0.0.2","57552","23.52.120.63","443","0","1","1"
"0.668112","0.668112000","0.313614000","13","100","10.0.0.2","57552","23.52.120.63","443","48","1","1"
"0.668129","0.668129000","0.313631000","14","100","10.0.0.2","57552","23.52.120.63","443","48","49","1"
"0.668142","0.668142000","0.313644000","15","100","10.0.0.2","57552","23.52.120.63","443","48","97","1"
"0.668156","0.668156000","0.313658000","16","100","10.0.0.2","57552","23.52.120.63","443","48","145","1"
"0.668171","0.668171000","0.313673000","17","100","10.0.0.2","57552","23.52.120.63","443","48","193","1"
"0.668185","0.668185000","0.313687000","18","100","10.0.0.2","57552","23.52.120.63","443","48","241","1"
"0.668200","0.668200000","0.313702000","19","100","10.0.0.2","57552","23.52.120.63","443","48","289","1"
"0.668214","0.668214000","0.313716000","20","100","10.0.0.2","57552","23.52.120.63","443","48","337","1"
"0.668231","0.668231000","0.313733000","21","80","10.0.0.2","57552","23.52.120.63","443","28","385","1"
"0.668879","0.668879000","0.314381000","22","52","23.52.120.63","443","10.0.0.2","57552","0","1","49"
"0.668942","0.668942000","0.314444000","23","52","23.52.120.63","443","10.0.0.2","57552","0","1","97"
"0.668999","0.668999000","0.314501000","24","52","23.52.120.63","443","10.0.0.2","57552","0","1","145"
"0.669011","0.669011000","0.314513000","25","52","23.52.120.63","443","10.0.0.2","57552","0","1","193"
"0.669056","0.669056000","0.314558000","26","52","23.52.120.63","443","10.0.0.2","57552","0","1","241"
"0.669068","0.669068000","0.314570000","27","52","23.52.120.63","443","10.0.0.2","57552","0","1","289"
"0.669112","0.669112000","0.314614000","28","52","23.52.120.63","443","10.0.0.2","57552","0","1","337"
"0.669123","0.669123000","0.314625000","29","52","23.52.120.63","443","10.0.0.2","57552","0","1","385"
"0.669155","0.669155000","0.314657000","30","52","23.52.120.63","443","10.0.0.2","57552","0","1","413"
"0.755783","0.755783000","0.401285000","31","296","23.52.120.63","443","10.0.0.2","57552","244","1","413"
"0.755828","0.755828000","0.401330000","32","296","23.52.120.63","443","10.0.0.2","57552","244","245","413"
"0.755888","0.755888000","0.401390000","33","296","23.52.120.63","443","10.0.0.2","57552","244","489","413"
"0.755930","0.755930000","0.401432000","34","296","23.52.120.63","443","10.0.0.2","57552","244","733","413"
"0.755998","0.755998000","0.401500000","35","296","23.52.120.63","443","10.0.0.2","57552","244","977","413"
"0.756012","0.756012000","0.401514000","36","296","23.52.120.63","443","10.0.0.2","57552","244","1221","413"
"0.756056","0.756056000","0.401558000","37","296","23.52.120.63","443","10.0.0.2","57552","244","1465","413"
"0.756068","0.756068000","0.401570000","38","296","23.52.120.63","443","10.0.0.2","57552","244","1709","413"
"0.756117","0.756117000","0.401619000","39","296","23.52.120.63","443","10.0.0.2","57552","244","1953","413"
"0.756132","0.756132000","0.401634000","40","296","23.52.120.63","443","10.0.0.2","57552","244","2197","413"
"0.848161","0.848161000",,"41","76",,,,,,,
"0.928146","0.928146000",,"42","76",,,,,,,
"1.042889","1.042889000","0.688391000","43","52","10.0.0.2","57552","23.52.120.63","443","0","413","245"
"1.042905","1.042905000","0.688407000","44","52","10.0.0.2","57552","23.52.120.63","443","0","413","489"
"1.042932","1.042932000","0.688434000","45","52","10.0.0.2","57552","23.52.120.63","443","0","413","733"
"1.042942","1.042942000","0.688444000","46","52","10.0.0.2","57552","23.52.120.63","443","0","413","977"
"1.043605","1.043605000","0.689107000","47","296","23.52.120.63","443","10.0.0.2","57552","244","2441","413"
"1.043650","1.043650000","0.689152000","48","296","23.52.120.63","443","10.0.0.2","57552","244","2685","413"
"1.043713","1.043713000","0.689215000","49","296","23.52.120.63","443","10.0.0.2","57552","244","2929","413"
"1.043726","1.043726000","0.689228000","50","296","23.52.120.63","443","10.0.0.2","57552","244","3173","413"
"1.043773","1.043773000","0.689275000","51","296","23.52.120.63","443","10.0.0.2","57552","244","3417","413"
"1.043784","1.043784000","0.689286000","52","296","23.52.120.63","443","10.0.0.2","57552","244","3661","413"
"1.043829","1.043829000","0.689331000","53","296","23.52.120.63","443","10.0.0.2","57552","244","3905","413"
"1.043841","1.043841000","0.689343000","54","296","23.52.120.63","443","10.0.0.2","57552","244","4149","413"
"1.104384","1.104384000","0.749886000","55","52","10.0.0.2","57552","23.52.120.63","443","0","413","1221"
"1.104415","1.104415000","0.749917000","56","52","10.0.0.2","57552","23.52.120.63","443","0","413","1465"
"1.104427","1.104427000","0.749929000","57","52","10.0.0.2","57552","23.52.120.63","443","0","413","1709"
"1.104439","1.104439000","0.749941000","58","52","10.0.0.2","57552","23.52.120.63","443","0","413","1953"
"1.104450","1.104450000","0.749952000","59","52","10.0.0.2","57552","23.52.120.63","443","0","413","2197"
"1.105091","1.105091000","0.750593000","60","296","23.52.120.63","443","10.0.0.2","57552","244","4393","413"
"1.105127","1.105127000","0.750629000","61","296","23.52.120.63","443","10.0.0.2","57552","244","4637","413"
"1.105178","1.105178000","0.750680000","62","296","23.52.120.63","443","10.0.0.2","57552","244","4881","413"
"1.105191","1.105191000","0.750693000","63","246","23.52.120.63","443","10.0.0.2","57552","194","5125","413"
"1.167649","1.167649000","0.813151000","64","52","10.0.0.2","57552","23.52.120.63","443","0","413","2441"
"1.354904","1.354904000","1.000406000","65","52","10.0.0.2","57552","23.52.120.63","443","0","413","2685"
"1.354976","1.354976000","1.000478000","66","52","10.0.0.2","57552","23.52.120.63","443","0","413","2929"
"1.354996","1.354996000","1.000498000","67","52","10.0.0.2","57552","23.52.120.63","443","0","413","3173"
"1.355010","1.355010000","1.000512000","68","52","10.0.0.2","57552","23.52.120.63","443","0","413","3661"
"1.417136","1.417136000","1.062638000","69","52","10.0.0.2","57552","23.52.120.63","443","0","413","3905"
"1.417165","1.417165000","1.062667000","70","52","10.0.0.2","57552","23.52.120.63","443","0","413","4149"
"1.417182","1.417182000","1.062684000","71","52","10.0.0.2","57552","23.52.120.63","443","0","413","4881"
"1.479532","1.479532000","1.125034000","72","52","10.0.0.2","57552","23.52.120.63","443","0","413","5319"
"1.479563","1.479563000","1.125065000","73","100","10.0.0.2","57552","23.52.120.63","443","48","413","5319"
"1.479581","1.479581000","1.125083000","74","84","10.0.0.2","57552","23.52.120.63","443","32","461","5319"
"1.479594","1.479594000","1.125096000","75","100","10.0.0.2","57552","23.52.120.63","443","48","493","5319"
"1.479608","1.479608000","1.125110000","76","100","10.0.0.2","57552","23.52.120.63","443","48","541","5319"
"1.479622","1.479622000","1.125124000","77","100","10.0.0.2","57552","23.52.120.63","443","48","589","5319"
"1.479636","1.479636000","1.125138000","78","100","10.0.0.2","57552","23.52.120.63","443","48","637","5319"
"1.479649","1.479649000","1.125151000","79","100","10.0.0.2","57552","23.52.120.63","443","48","685","5319"
"1.479663","1.479663000","1.125165000","80","100","10.0.0.2","57552","23.52.120.63","443","48","733","5319"
"1.480169","1.480169000","1.125671000","81","52","23.52.120.63","443","10.0.0.2","57552","0","5319","461"
"1.480209","1.480209000","1.125711000","82","52","23.52.120.63","443","10.0.0.2","57552","0","5319","541"
"1.480247","1.480247000","1.125749000","83","52","23.52.120.63","443","10.0.0.2","57552","0","5319","637"
"1.480341","1.480341000","1.125843000","84","52","23.52.120.63","443","10.0.0.2","57552","0","5319","685"
"1.480381","1.480381000","1.125883000","85","52","23.52.120.63","443","10.0.0.2","57552","0","5319","733"
"1.480492","1.480492000","1.125994000","86","52","23.52.120.63","443","10.0.0.2","57552","0","5319","781"
"1.497475","1.497475000","1.142977000","87","296","23.52.120.63","443","10.0.0.2","57552","244","5319","781"
"1.497520","1.497520000","1.143022000","88","95","23.52.120.63","443","10.0.0.2","57552","43","5563","781"
"1.497583","1.497583000","1.143085000","89","296","23.52.120.63","443","10.0.0.2","57552","244","5606","781"
"1.497603","1.497603000","1.143105000","90","95","23.52.120.63","443","10.0.0.2","57552","43","5850","781"
"1.792504","1.792504000","1.438006000","91","97","10.0.0.2","57552","23.52.120.63","443","45","781","5319"
"1.792534","1.792534000","1.438036000","92","52","10.0.0.2","57552","23.52.120.63","443","0","826","5893"
"1.838606","1.838606000","1.484108000","93","52","23.52.120.63","443","10.0.0.2","57552","0","5893","826"
"2.061157","2.061157000","1.706659000","94","296","23.52.120.63","443","10.0.0.2","57552","244","5893","826"
"2.061201","2.061201000","1.706703000","95","296","23.52.120.63","443","10.0.0.2","57552","244","6137","826"
"2.061252","2.061252000","1.706754000","96","296","23.52.120.63","443","10.0.0.2","57552","244","6381","826"
"2.061604","2.061604000","1.707106000","97","296","23.52.120.63","443","10.0.0.2","57552","244","6625","826"
"2.061639","2.061639000","1.707141000","98","296","23.52.120.63","443","10.0.0.2","57552","244","6869","826"
"2.061690","2.061690000","1.707192000","99","280","23.52.120.63","443","10.0.0.2","57552","228","7113","826"
"2.061702","2.061702000","1.707204000","100","296","23.52.120.63","443","10.0.0.2","57552","244","7341","826"
"2.061748","2.061748000","1.707250000","101","296","23.52.120.63","443","10.0.0.2","57552","244","7585","826"
"2.061760","2.061760000","1.707262000","102","296","23.52.120.63","443","10.0.0.2","57552","244","7829","826"
"2.061808","2.061808000","1.707310000","103","296","23.52.120.63","443","10.0.0.2","57552","244","8073","826"
"2.061824","2.061824000","1.707326000","104","296","23.52.120.63","443","10.0.0.2","57552","244","8317","826"
"2.061869","2.061869000","1.707371000","105","296","23.52.120.63","443","10.0.0.2","57552","244","8561","826"
"2.061882","2.061882000","1.707384000","106","296","23.52.120.63","443","10.0.0.2","57552","244","8805","826"
"2.061964","2.061964000","1.707466000","107","296","23.52.120.63","443","10.0.0.2","57552","244","9049","826"
"2.061978","2.061978000","1.707480000","108","296","23.52.120.63","443","10.0.0.2","57552","244","9293","826"
"2.062024","2.062024000","1.707526000","109","296","23.52.120.63","443","10.0.0.2","57552","244","9537","826"
"2.062039","2.062039000","1.707541000","110","296","23.52.120.63","443","10.0.0.2","57552","244","9781","826"
"2.062084","2.062084000","1.707586000","111","296","23.52.120.63","443","10.0.0.2","57552","244","10025","826"
"2.062095","2.062095000","1.707597000","112","296","23.52.120.63","443","10.0.0.2","57552","244","10269","826"
"2.062140","2.062140000","1.707642000","113","296","23.52.120.63","443","10.0.0.2","57552","244","10513","826"
"2.062153","2.062153000","1.707655000","114","296","23.52.120.63","443","10.0.0.2","57552","244","10757","826"
"2.062200","2.062200000","1.707702000","115","296","23.52.120.63","443","10.0.0.2","57552","244","11001","826"
"2.062214","2.062214000","1.707716000","116","296","23.52.120.63","443","10.0.0.2","57552","244","11245","826"
"2.062259","2.062259000","1.707761000","117","296","23.52.120.63","443","10.0.0.2","57552","244","11489","826"
"2.062270","2.062270000","1.707772000","118","296","23.52.120.63","443","10.0.0.2","57552","244","11733","826"
"2.062317","2.062317000","1.707819000","119","296","23.52.120.63","443","10.0.0.2","57552","244","11977","826"
"2.062330","2.062330000","1.707832000","120","296","23.52.120.63","443","10.0.0.2","57552","244","12221","826"
"2.062377","2.062377000","1.707879000","121","296","23.52.120.63","443","10.0.0.2","57552","244","12465","826"
"2.062388","2.062388000","1.707890000","122","296","23.52.120.63","443","10.0.0.2","57552","244","12709","826"
"2.062434","2.062434000","1.707936000","123","296","23.52.120.63","443","10.0.0.2","57552","244","12953","826"
"2.062446","2.062446000","1.707948000","124","296","23.52.120.63","443","10.0.0.2","57552","244","13197","826"
"2.062479","2.062479000","1.707981000","125","296","23.52.120.63","443","10.0.0.2","57552","244","13441","826"
"2.354933","2.354933000","2.000435000","126","52","10.0.0.2","57552","23.52.120.63","443","0","826","6625"
"2.354990","2.354990000","2.000492000","127","52","10.0.0.2","57552","23.52.120.63","443","0","826","7113"
"2.355579","2.355579000","2.001081000","128","296","23.52.120.63","443","10.0.0.2","57552","244","13685","826"
"2.355616","2.355616000","2.001118000","129","296","23.52.120.63","443","10.0.0.2","57552","244","13929","826"
"2.355670","2.355670000","2.001172000","130","296","23.52.120.63","443","10.0.0.2","57552","244","14173","826"
"2.355682","2.355682000","2.001184000","131","296","23.52.120.63","443","10.0.0.2","57552","244","14417","826"
"2.355728","2.355728000","2.001230000","132","296","23.52.120.63","443","10.0.0.2","57552","244","14661","826"
"2.355739","2.355739000","2.001241000","133","296","23.52.120.63","443","10.0.0.2","57552","244","14905","826"
"2.355783","2.355783000","2.001285000","134","296","23.52.120.63","443","10.0.0.2","57552","244","15149","826"
"2.355795","2.355795000","2.001297000","135","296","23.52.120.63","443","10.0.0.2","57552","244","15393","826"
"2.355840","2.355840000","2.001342000","136","296","23.52.120.63","443","10.0.0.2","57552","244","15637","826"
"2.355862","2.355862000","2.001364000","137","296","23.52.120.63","443","10.0.0.2","57552","244","15881","826"
"2.417989","2.417989000","2.063491000","138","52","10.0.0.2","57552","23.52.120.63","443","0","826","8317"
"2.418723","2.418723000","2.064225000","139","296","23.52.120.63","443","10.0.0.2","57552","244","16125","826"
"2.418767","2.418767000","2.064269000","140","296","23.52.120.63","443","10.0.0.2","57552","244","16369","826"
"2.418834","2.418834000","2.064336000","141","296","23.52.120.63","443","10.0.0.2","57552","244","16613","826"
"2.418854","2.418854000","2.064356000","142","296","23.52.120.63","443","10.0.0.2","57552","244","16857","826"
"2.418951","2.418951000","2.064453000","143","296","23.52.120.63","443","10.0.0.2","57552","244","17101","826"
"2.418971","2.418971000","2.064473000","144","296","23.52.120.63","443","10.0.0.2","57552","244","17345","826"
"2.419018","2.419018000","2.064520000","145","296","23.52.120.63","443","10.0.0.2","57552","244","17589","826"
"2.419033","2.419033000","2.064535000","146","296","23.52.120.63","443","10.0.0.2","57552","244","17833","826"
"2.419079","2.419079000","2.064581000","147","296","23.52.120.63","443","10.0.0.2","57552","244","18077","826"
"2.419091","2.419091000","2.064593000","148","296","23.52.120.63","443","10.0.0.2","57552","244","18321","826"
"2.479271","2.479271000","2.124773000","149","52","10.0.0.2","57552","23.52.120.63","443","0","826","9537"
"2.479929","2.479929000","2.125431000","150","296","23.52.120.63","443","10.0.0.2","57552","244","18565","826"
"2.479978","2.479978000","2.125480000","151","296","23.52.120.63","443","10.0.0.2","57552","244","18809","826"
"2.480029","2.480029000","2.125531000","152","296","23.52.120.63","443","10.0.0.2","57552","244","19053","826"
"2.480042","2.480042000","2.125544000","153","296","23.52.120.63","443","10.0.0.2","57552","244","19297","826"
"2.480088","2.480088000","2.125590000","154","296","23.52.120.63","443","10.0.0.2","57552","244","19541","826"
"2.480100","2.480100000","2.125602000","155","296","23.52.120.63","443","10.0.0.2","57552","244","19785","826"
"2.480145","2.480145000","2.125647000","156","296","23.52.120.63","443","10.0.0.2","57552","244","20029","826"
"2.480156","2.480156000","2.125658000","157","296","23.52.120.63","443","10.0.0.2","57552","244","20273","826"
"2.480201","2.480201000","2.125703000","158","296","23.52.120.63","443","10.0.0.2","57552","244","20517","826"
"2.480214","2.480214000","2.125716000","159","296","23.52.120.63","443","10.0.0.2","57552","244","20761","826"
"2.542493","2.542493000","2.187995000","160","52","10.0.0.2","57552","23.52.120.63","443","0","826","10757"
"2.543091","2.543091000","2.188593000","161","296","23.52.120.63","443","10.0.0.2","57552","244","21005","826"
"2.543127","2.543127000","2.188629000","162","296","23.52.120.63","443","10.0.0.2","57552","244","21249","826"
"2.543177","2.543177000","2.188679000","163","296","23.52.120.63","443","10.0.0.2","57552","244","21493","826"
"2.543189","2.543189000","2.188691000","164","296","23.52.120.63","443","10.0.0.2","57552","244","21737","826"
"2.543234","2.543234000","2.188736000","165","296","23.52.120.63","443","10.0.0.2","57552","244","21981","826"
"2.543246","2.543246000","2.188748000","166","296","23.52.120.63","443","10.0.0.2","57552","244","22225","826"
"2.543292","2.543292000","2.188794000","167","296","23.52.120.63","443","10.0.0.2","57552","244","22469","826"
"2.543303","2.543303000","2.188805000","168","296","23.52.120.63","443","10.0.0.2","57552","244","22713","826"
"2.543348","2.543348000","2.188850000","169","296","23.52.120.63","443","10.0.0.2","57552","244","22957","826"
"2.543368","2.543368000","2.188870000","170","296","23.52.120.63","443","10.0.0.2","57552","244","23201","826"
"2.604628","2.604628000","2.250130000","171","52","10.0.0.2","57552","23.52.120.63","443","0","826","11977"
"2.605269","2.605269000","2.250771000","172","296","23.52.120.63","443","10.0.0.2","57552","244","23445","826"
"2.605305","2.605305000","2.250807000","173","296","23.52.120.63","443","10.0.0.2","57552","244","23689","826"
"2.605355","2.605355000","2.250857000","174","296","23.52.120.63","443","10.0.0.2","57552","244","23933","826"
"2.605368","2.605368000","2.250870000","175","296","23.52.120.63","443","10.0.0.2","57552","244","24177","826"
"2.605417","2.605417000","2.250919000","176","296","23.52.120.63","443","10.0.0.2","57552","244","24421","826"
"2.605429","2.605429000","2.250931000","177","296","23.52.120.63","443","10.0.0.2","57552","244","24665","826"
"2.605476","2.605476000","2.250978000","178","296","23.52.120.63","443","10.0.0.2","57552","244","24909","826"
"2.605488","2.605488000","2.250990000","179","296","23.52.120.63","443","10.0.0.2","57552","244","25153","826"
"2.605533","2.605533000","2.251035000","180","296","23.52.120.63","443","10.0.0.2","57552","244","25397","826"
"2.605544","2.605544000","2.251046000","181","296","23.52.120.63","443","10.0.0.2","57552","244","25641","826"
"2.667790","2.667790000","2.313292000","182","52","10.0.0.2","57552","23.52.120.63","443","0","826","13197"
"2.668444","2.668444000","2.313946000","183","296","23.52.120.63","443","10.0.0.2","57552","244","25885","826"
"2.668480","2.668480000","2.313982000","184","296","23.52.120.63","443","10.0.0.2","57552","244","26129","826"
"2.668532","2.668532000","2.314034000","185","296","23.52.120.63","443","10.0.0.2","57552","244","26373","826"
"2.668544","2.668544000","2.314046000","186","296","23.52.120.63","443","10.0.0.2","57552","244","26617","826"
"2.668589","2.668589000","2.314091000","187","296","23.52.120.63","443","10.0.0.2","57552","244","26861","826"
"2.668601","2.668601000","2.314103000","188","296","23.52.120.63","443","10.0.0.2","57552","244","27105","826"
"2.668645","2.668645000","2.314147000","189","296","23.52.120.63","443","10.0.0.2","57552","244","27349","826"
"2.668657","2.668657000","2.314159000","190","296","23.52.120.63","443","10.0.0.2","57552","244","27593","826"
"2.668706","2.668706000","2.314208000","191","296","23.52.120.63","443","10.0.0.2","57552","244","27837","826"
"2.668720","2.668720000","2.314222000","192","296","23.52.120.63","443","10.0.0.2","57552","244","28081","826"
"2.729942","2.729942000","2.375444000","193","52","10.0.0.2","57552","23.52.120.63","443","0","826","14417"
"2.730498","2.730498000","2.376000000","194","296","23.52.120.63","443","10.0.0.2","57552","244","28325","826"
"2.730533","2.730533000","2.376035000","195","296","23.52.120.63","443","10.0.0.2","57552","244","28569","826"
"2.730585","2.730585000","2.376087000","196","296","23.52.120.63","443","10.0.0.2","57552","244","28813","826"
"2.730598","2.730598000","2.376100000","197","296","23.52.120.63","443","10.0.0.2","57552","244","29057","826"
"2.730643","2.730643000","2.376145000","198","296","23.52.120.63","443","10.0.0.2","57552","244","29301","826"
"2.730654","2.730654000","2.376156000","199","296","23.52.120.63","443","10.0.0.2","57552","244","29545","826"
"2.730699","2.730699000","2.376201000","200","296","23.52.120.63","443","10.0.0.2","57552","244","29789","826"
"2.730711","2.730711000","2.376213000","201","296","23.52.120.63","443","10.0.0.2","57552","244","30033","826"
"2.730759","2.730759000","2.376261000","202","296","23.52.120.63","443","10.0.0.2","57552","244","30277","826"
"2.730772","2.730772000","2.376274000","203","296","23.52.120.63","443","10.0.0.2","57552","244","30521","826"
"2.792148","2.792148000","2.437650000","204","52","10.0.0.2","57552","23.52.120.63","443","0","826","15637"
"2.792810","2.792810000","2.438312000","205","296","23.52.120.63","443","10.0.0.2","57552","244","30765","826"
"2.792852","2.792852000","2.438354000","206","296","23.52.120.63","443","10.0.0.2","57552","244","31009","826"
"2.792947","2.792947000","2.438449000","207","296","23.52.120.63","443","10.0.0.2","57552","244","31253","826"
"2.792971","2.792971000","2.438473000","208","296","23.52.120.63","443","10.0.0.2","57552","244","31497","826"
"2.793036","2.793036000","2.438538000","209","296","23.52.120.63","443","10.0.0.2","57552","244","31741","826"
"2.793049","2.793049000","2.438551000","210","296","23.52.120.63","443","10.0.0.2","57552","244","31985","826"
"2.793094","2.793094000","2.438596000","211","296","23.52.120.63","443","10.0.0.2","57552","244","32229","826"
"2.793105","2.793105000","2.438607000","212","296","23.52.120.63","443","10.0.0.2","57552","244","32473","826"
"2.793149","2.793149000","2.438651000","213","296","23.52.120.63","443","10.0.0.2","57552","244","32717","826"
"2.793160","2.793160000","2.438662000","214","296","23.52.120.63","443","10.0.0.2","57552","244","32961","826"
"2.854310","2.854310000","2.499812000","215","52","10.0.0.2","57552","23.52.120.63","443","0","826","16857"
"2.855002","2.855002000","2.500504000","216","296","23.52.120.63","443","10.0.0.2","57552","244","33205","826"
"2.855038","2.855038000","2.500540000","217","296","23.52.120.63","443","10.0.0.2","57552","244","33449","826"
"2.855091","2.855091000","2.500593000","218","296","23.52.120.63","443","10.0.0.2","57552","244","33693","826"
"2.855103","2.855103000","2.500605000","219","296","23.52.120.63","443","10.0.0.2","57552","244","33937","826"
"2.855150","2.855150000","2.500652000","220","296","23.52.120.63","443","10.0.0.2","57552","244","34181","826"
"2.855161","2.855161000","2.500663000","221","296","23.52.120.63","443","10.0.0.2","57552","244","34425","826"
"2.855206","2.855206000","2.500708000","222","296","23.52.120.63","443","10.0.0.2","57552","244","34669","826"
"2.855218","2.855218000","2.500720000","223","296","23.52.120.63","443","10.0.0.2","57552","244","34913","826"
"2.855262","2.855262000","2.500764000","224","296","23.52.120.63","443","10.0.0.2","57552","244","35157","826"
"2.855276","2.855276000","2.500778000","225","296","23.52.120.63","443","10.0.0.2","57552","244","35401","826"
"2.917347","2.917347000","2.562849000","226","52","10.0.0.2","57552","23.52.120.63","443","0","826","18077"
"2.918030","2.918030000","2.563532000","227","296","23.52.120.63","443","10.0.0.2","57552","244","35645","826"
"2.918066","2.918066000","2.563568000","228","296","23.52.120.63","443","10.0.0.2","57552","244","35889","826"
"2.918118","2.918118000","2.563620000","229","296","23.52.120.63","443","10.0.0.2","57552","244","36133","826"
"2.918131","2.918131000","2.563633000","230","296","23.52.120.63","443","10.0.0.2","57552","244","36377","826"
"2.918176","2.918176000","2.563678000","231","296","23.52.120.63","443","10.0.0.2","57552","244","36621","826"
"2.918188","2.918188000","2.563690000","232","296","23.52.120.63","443","10.0.0.2","57552","244","36865","826"
"2.918234","2.918234000","2.563736000","233","296","23.52.120.63","443","10.0.0.2","57552","244","37109","826"
"2.918245","2.918245000","2.563747000","234","296","23.52.120.63","443","10.0.0.2","57552","244","37353","826"
"2.918294","2.918294000","2.563796000","235","296","23.52.120.63","443","10.0.0.2","57552","244","37597","826"
"2.918307","2.918307000","2.563809000","236","296","23.52.120.63","443","10.0.0.2","57552","244","37841","826"
"2.979632","2.979632000","2.625134000","237","52","10.0.0.2","57552","23.52.120.63","443","0","826","19297"
"2.979989","2.979989000","2.625491000","238","296","23.52.120.63","443","10.0.0.2","57552","244","38085","826"
"2.980003","2.980003000","2.625505000","239","296","23.52.120.63","443","10.0.0.2","57552","244","38329","826"
"2.980026","2.980026000","2.625528000","240","296","23.52.120.63","443","10.0.0.2","57552","244","38573","826"
"2.980032","2.980032000","2.625534000","241","296","23.52.120.63","443","10.0.0.2","57552","244","38817","826"
"2.980053","2.980053000","2.625555000","242","296","23.52.120.63","443","10.0.0.2","57552","244","39061","826"
"2.980058","2.980058000","2.625560000","243","296","23.52.120.63","443","10.0.0.2","57552","244","39305","826"
"2.980079","2.980079000","2.625581000","244","296","23.52.120.63","443","10.0.0.2","57552","244","39549","826"
"2.980085","2.980085000","2.625587000","245","296","23.52.120.63","443","10.0.0.2","57552","244","39793","826"
"2.980106","2.980106000","2.625608000","246","296","23.52.120.63","443","10.0.0.2","57552","244","40037","826"
"2.980112","2.980112000","2.625614000","247","296","23.52.120.63","443","10.0.0.2","57552","244","40281","826"
"3.042625","3.042625000","2.688127000","248","52","10.0.0.2","57552","23.52.120.63","443","0","826","20517"
"3.043217","3.043217000","2.688719000","249","296","23.52.120.63","443","10.0.0.2","57552","244","40525","826"
"3.043252","3.043252000","2.688754000","250","296","23.52.120.63","443","10.0.0.2","57552","244","40769","826"
"3.043303","3.043303000","2.688805000","251","296","23.52.120.63","443","10.0.0.2","57552","244","41013","826"
"3.043315","3.043315000","2.688817000","252","296","23.52.120.63","443","10.0.0.2","57552","244","41257","826"
"3.043360","3.043360000","2.688862000","253","296","23.52.120.63","443","10.0.0.2","57552","244","41501","826"
"3.043372","3.043372000","2.688874000","254","296","23.52.120.63","443","10.0.0.2","57552","244","41745","826"
"3.043420","3.043420000","2.688922000","255","296","23.52.120.63","443","10.0.0.2","57552","244","41989","826"
"3.043432","3.043432000","2.688934000","256","296","23.52.120.63","443","10.0.0.2","57552","244","42233","826"
"3.043476","3.043476000","2.688978000","257","296","23.52.120.63","443","10.0.0.2","57552","244","42477","826"
"3.043491","3.043491000","2.688993000","258","296","23.52.120.63","443","10.0.0.2","57552","244","42721","826"
"3.104678","3.104678000","2.750180000","259","52","10.0.0.2","57552","23.52.120.63","443","0","826","21737"
"3.105261","3.105261000","2.750763000","260","296","23.52.120.63","443","10.0.0.2","57552","244","42965","826"
"3.105297","3.105297000","2.750799000","261","296","23.52.120.63","443","10.0.0.2","57552","244","43209","826"
"3.105346","3.105346000","2.750848000","262","296","23.52.120.63","443","10.0.0.2","57552","244","43453","826"
"3.105359","3.105359000","2.750861000","263","296","23.52.120.63","443","10.0.0.2","57552","244","43697","826"
"3.105404","3.105404000","2.750906000","264","296","23.52.120.63","443","10.0.0.2","57552","244","43941","826"
"3.105415","3.105415000","2.750917000","265","296","23.52.120.63","443","10.0.0.2","57552","244","44185","826"
"3.105461","3.105461000","2.750963000","266","296","23.52.120.63","443","10.0.0.2","57552","244","44429","826"
"3.105472","3.105472000","2.750974000","267","296","23.52.120.63","443","10.0.0.2","57552","244","44673","826"
"3.105517","3.105517000","2.751019000","268","296","23.52.120.63","443","10.0.0.2","57552","244","44917","826"
"3.105531","3.105531000","2.751033000","269","296","23.52.120.63","443","10.0.0.2","57552","244","45161","826"
"3.167655","3.167655000","2.813157000","270","52","10.0.0.2","57552","23.52.120.63","443","0","826","22957"
"3.168280","3.168280000","2.813782000","271","296","23.52.120.63","443","10.0.0.2","57552","244","45405","826"
"3.168316","3.168316000","2.813818000","272","296","23.52.120.63","443","10.0.0.2","57552","244","45649","826"
"3.168366","3.168366000","2.813868000","273","296","23.52.120.63","443","10.0.0.2","57552","244","45893","826"
"3.168379","3.168379000","2.813881000","274","296","23.52.120.63","443","10.0.0.2","57552","244","46137","826"
"3.168425","3.168425000","2.813927000","275","296","23.52.120.63","443","10.0.0.2","57552","244","46381","826"
"3.168436","3.168436000","2.813938000","276","296","23.52.120.63","443","10.0.0.2","57552","244","46625","826"
"3.168480","3.168480000","2.813982000","277","296","23.52.120.63","443","10.0.0.2","57552","244","46869","826"
"3.168492","3.168492000","2.813994000","278","296","23.52.120.63","443","10.0.0.2","57552","244","47113","826"
"3.168541","3.168541000","2.814043000","279","296","23.52.120.63","443","10.0.0.2","57552","244","47357","826"
"3.168554","3.168554000","2.814056000","280","296","23.52.120.63","443","10.0.0.2","57552","244","47601","826"
"3.230019","3.230019000","2.875521000","281","52","10.0.0.2","57552","23.52.120.63","443","0","826","23445"
"3.230049","3.230049000","2.875551000","282","52","10.0.0.2","57552","23.52.120.63","443","0","826","24177"
"3.230591","3.230591000","2.876093000","283","296","23.52.120.63","443","10.0.0.2","57552","244","47845","826"
"3.230626","3.230626000","2.876128000","284","296","23.52.120.63","443","10.0.0.2","57552","244","48089","826"
"3.230682","3.230682000","2.876184000","285","296","23.52.120.63","443","10.0.0.2","57552","244","48333","826"
"3.230694","3.230694000","2.876196000","286","296","23.52.120.63","443","10.0.0.2","57552","244","48577","826"
"3.230740","3.230740000","2.876242000","287","296","23.52.120.63","443","10.0.0.2","57552","244","48821","826"
"3.230751","3.230751000","2.876253000","288","296","23.52.120.63","443","10.0.0.2","57552","244","49065","826"
"3.230785","3.230785000","2.876287000","289","296","23.52.120.63","443","10.0.0.2","57552","244","49309","826"
"3.292287","3.292287000","2.937789000","290","52","10.0.0.2","57552","23.52.120.63","443","0","826","25153"
"3.292938","3.292938000","2.938440000","291","296","23.52.120.63","443","10.0.0.2","57552","244","49553","826"
"3.292999","3.292999000","2.938501000","292","296","23.52.120.63","443","10.0.0.2","57552","244","49797","826"
"3.293065","3.293065000","2.938567000","293","296","23.52.120.63","443","10.0.0.2","57552","244","50041","826"
"3.293081","3.293081000","2.938583000","294","296","23.52.120.63","443","10.0.0.2","57552","244","50285","826"
"3.354453","3.354453000","2.999955000","295","52","10.0.0.2","57552","23.52.120.63","443","0","826","25153"
"3.354485","3.354485000","2.999987000","296","52","10.0.0.2","57552","23.52.120.63","443","0","826","25153"
"3.354505","3.354505000","3.000007000","297","52","10.0.0.2","57552","23.52.120.63","443","0","826","25153"
"3.354522","3.354522000","3.000024000","298","52","10.0.0.2","57552","23.52.120.63","443","0","826","25153"
"3.354539","3.354539000","3.000041000","299","52","10.0.0.2","57552","23.52.120.63","443","0","826","25153"
"3.355045","3.355045000","3.000547000","300","296","23.52.120.63","443","10.0.0.2","57552","244","50529","826"
"3.355081","3.355081000","3.000583000","301","296","23.52.120.63","443","10.0.0.2","57552","244","50773","826"
"3.355130","3.355130000","3.000632000","302","296","23.52.120.63","443","10.0.0.2","57552","244","25153","826"
"3.355141","3.355141000","3.000643000","303","296","23.52.120.63","443","10.0.0.2","57552","244","51017","826"
"3.417428","3.417428000","3.062930000","304","52","10.0.0.2","57552","23.52.120.63","443","0","826","25153"
"3.417457","3.417457000","3.062959000","305","52","10.0.0.2","57552","23.52.120.63","443","0","826","25153"
"3.417477","3.417477000","3.062979000","306","52","10.0.0.2","57552","23.52.120.63","443","0","826","25153"
"3.417493","3.417493000","3.062995000","307","52","10.0.0.2","57552","23.52.120.63","443","0","826","25153"
"3.417509","3.417509000","3.063011000","308","52","10.0.0.2","57552","23.52.120.63","443","0","826","25153"
"3.418000","3.418000000","3.063502000","309","296","23.52.120.63","443","10.0.0.2","57552","244","51261","826"
"3.418035","3.418035000","3.063537000","310","296","23.52.120.63","443","10.0.0.2","57552","244","51505","826"
"3.418074","3.418074000","3.063576000","311","296","23.52.120.63","443","10.0.0.2","57552","244","51749","826"
"3.479682","3.479682000","3.125184000","312","52","10.0.0.2","57552","23.52.120.63","443","0","826","25153"
"3.479705","3.479705000","3.125207000","313","52","10.0.0.2","57552","23.52.120.63","443","0","826","25153"
"3.479718","3.479718000","3.125220000","314","52","10.0.0.2","57552","23.52.120.63","443","0","826","25153"
"3.479730","3.479730000","3.125232000","315","52","10.0.0.2","57552","23.52.120.63","443","0","826","25153"
"3.479741","3.479741000","3.125243000","316","52","10.0.0.2","57552","23.52.120.63","443","0","826","25153"
"3.480215","3.480215000","3.125717000","317","296","23.52.120.63","443","10.0.0.2","57552","244","51993","826"
"3.542698","3.542698000","3.188200000","318","52","10.0.0.2","57552","23.52.120.63","443","0","826","25153"
"3.542729","3.542729000","3.188231000","319","52","10.0.0.2","57552","23.52.120.63","443","0","826","25153"
"3.542750","3.542750000","3.188252000","320","52","10.0.0.2","57552","23.52.120.63","443","0","826","25153"
"3.542766","3.542766000","3.188268000","321","52","10.0.0.2","57552","23.52.120.63","443","0","826","25153"
"3.542782","3.542782000","3.188284000","322","52","10.0.0.2","57552","23.52.120.63","443","0","826","25153"
"3.604777","3.604777000","3.250279000","323","52","10.0.0.2","57552","23.52.120.63","443","0","826","25153"
"3.604809","3.604809000","3.250311000","324","52","10.0.0.2","57552","23.52.120.63","443","0","826","25153"
"3.604827","3.604827000","3.250329000","325","52","10.0.0.2","57552","23.52.120.63","443","0","826","25153"
"3.604844","3.604844000","3.250346000","326","52","10.0.0.2","57552","23.52.120.63","443","0","826","25153"
"3.604860","3.604860000","3.250362000","327","52","10.0.0.2","57552","23.52.120.63","443","0","826","25153"
"3.667723","3.667723000","3.313225000","328","52","10.0.0.2","57552","23.52.120.63","443","0","826","25153"
"3.667754","3.667754000","3.313256000","329","52","10.0.0.2","57552","23.52.120.63","443","0","826","25153"
"3.667771","3.667771000","3.313273000","330","52","10.0.0.2","57552","23.52.120.63","443","0","826","25153"
"3.667786","3.667786000","3.313288000","331","52","10.0.0.2","57552","23.52.120.63","443","0","826","25153"
"3.667800","3.667800000","3.313302000","332","52","10.0.0.2","57552","23.52.120.63","443","0","826","25153"
"3.729310","3.729310000","3.374812000","333","52","10.0.0.2","57552","23.52.120.63","443","0","826","25153"
"3.729339","3.729339000","3.374841000","334","52","10.0.0.2","57552","23.52.120.63","443","0","826","25153"
"3.729358","3.729358000","3.374860000","335","52","10.0.0.2","57552","23.52.120.63","443","0","826","25153"
"3.729372","3.729372000","3.374874000","336","52","10.0.0.2","57552","23.52.120.63","443","0","826","25153"
"3.729386","3.729386000","3.374888000","337","52","10.0.0.2","57552","23.52.120.63","443","0","826","25153"
"3.792680","3.792680000","3.438182000","338","52","10.0.0.2","57552","23.52.120.63","443","0","826","25153"
"3.792711","3.792711000","3.438213000","339","52","10.0.0.2","57552","23.52.120.63","443","0","826","25153"
"3.792730","3.792730000","3.438232000","340","52","10.0.0.2","57552","23.52.120.63","443","0","826","25153"
"3.792744","3.792744000","3.438246000","341","52","10.0.0.2","57552","23.52.120.63","443","0","826","25153"
"3.792758","3.792758000","3.438260000","342","52","10.0.0.2","57552","23.52.120.63","443","0","826","25153"
"3.855020","3.855020000","3.500522000","343","52","10.0.0.2","57552","23.52.120.63","443","0","826","25153"
"3.855048","3.855048000","3.500550000","344","52","10.0.0.2","57552","23.52.120.63","443","0","826","25153"
"3.855066","3.855066000","3.500568000","345","52","10.0.0.2","57552","23.52.120.63","443","0","826","25153"
"3.855080","3.855080000","3.500582000","346","52","10.0.0.2","57552","23.52.120.63","443","0","826","25153"
"3.855094","3.855094000","3.500596000","347","52","10.0.0.2","57552","23.52.120.63","443","0","826","25153"
"3.917265","3.917265000","3.562767000","348","52","10.0.0.2","57552","23.52.120.63","443","0","826","25153"
"3.917294","3.917294000","3.562796000","349","52","10.0.0.2","57552","23.52.120.63","443","0","826","25153"
"3.917313","3.917313000","3.562815000","350","52","10.0.0.2","57552","23.52.120.63","443","0","826","25153"
"3.917327","3.917327000","3.562829000","351","52","10.0.0.2","57552","23.52.120.63","443","0","826","25153"
"3.917341","3.917341000","3.562843000","352","52","10.0.0.2","57552","23.52.120.63","443","0","826","25153"
"3.979513","3.979513000","3.625015000","353","52","10.0.0.2","57552","23.52.120.63","443","0","826","25153"
"3.979541","3.979541000","3.625043000","354","52","10.0.0.2","57552","23.52.120.63","443","0","826","25153"
"3.979559","3.979559000","3.625061000","355","52","10.0.0.2","57552","23.52.120.63","443","0","826","25153"
"3.979574","3.979574000","3.625076000","356","52","10.0.0.2","57552","23.52.120.63","443","0","826","25153"
"3.979589","3.979589000","3.625091000","357","52","10.0.0.2","57552","23.52.120.63","443","0","826","25153"
"4.042540","4.042540000","3.688042000","358","52","10.0.0.2","57552","23.52.120.63","443","0","826","25397"
"4.042548","4.042548000","3.688050000","359","52","10.0.0.2","57552","23.52.120.63","443","0","826","25397"
"4.042552","4.042552000","3.688054000","360","52","10.0.0.2","57552","23.52.120.63","443","0","826","25397"
"4.042555","4.042555000","3.688057000","361","52","10.0.0.2","57552","23.52.120.63","443","0","826","25397"
"4.042558","4.042558000","3.688060000","362","52","10.0.0.2","57552","23.52.120.63","443","0","826","25397"
"4.042862","4.042862000","3.688364000","363","296","23.52.120.63","443","10.0.0.2","57552","244","25397","826"
"4.063979","4.063979000",,"364","48",,,,,,,
"4.104800","4.104800000","3.750302000","365","52","10.0.0.2","57552","23.52.120.63","443","0","826","25397"
"4.354221","4.354221000","3.999723000","366","52","10.0.0.2","57552","23.52.120.63","443","0","826","25641"
"4.354709","4.354709000","4.000211000","367","296","23.52.120.63","443","10.0.0.2","57552","244","25641","826"
"4.512141","4.512141000",,"368","48",,,,,,,
"4.667298","4.667298000","4.312800000","369","52","10.0.0.2","57552","23.52.120.63","443","0","826","27105"
"4.667871","4.667871000","4.313373000","370","296","23.52.120.63","443","10.0.0.2","57552","244","27105","826"
"4.979423","4.979423000","4.624925000","371","52","10.0.0.2","57552","23.52.120.63","443","0","826","27349"
"4.980014","4.980014000","4.625516000","372","296","23.52.120.63","443","10.0.0.2","57552","244","27349","826"
"5.292616","5.292616000","4.938118000","373","52","10.0.0.2","57552","23.52.120.63","443","0","826","27593"
"5.293270","5.293270000","4.938772000","374","296","23.52.120.63","443","10.0.0.2","57552","244","27593","826"
"5.604454","5.604454000","5.249956000","375","52","10.0.0.2","57552","23.52.120.63","443","0","826","27837"
"5.605017","5.605017000","5.250519000","376","296","23.52.120.63","443","10.0.0.2","57552","244","27837","826"
"5.917658","5.917658000","5.563160000","377","52","10.0.0.2","57552","23.52.120.63","443","0","826","28081"
"5.918323","5.918323000","5.563825000","378","296","23.52.120.63","443","10.0.0.2","57552","244","28081","826"
"6.229864","6.229864000","5.875366000","379","52","10.0.0.2","57552","23.52.120.63","443","0","826","29545"
"6.230542","6.230542000","5.876044000","380","296","23.52.120.63","443","10.0.0.2","57552","244","29545","826"
"6.542234","6.542234000","6.187736000","381","52","10.0.0.2","57552","23.52.120.63","443","0","826","29789"
"6.543052","6.543052000","6.188554000","382","296","23.52.120.63","443","10.0.0.2","57552","244","29789","826"
"6.543098","6.543098000","6.188600000","383","296","23.52.120.63","443","10.0.0.2","57552","244","52237","826"
"6.543162","6.543162000","6.188664000","384","296","23.52.120.63","443","10.0.0.2","57552","244","52481","826"
"6.543176","6.543176000","6.188678000","385","296","23.52.120.63","443","10.0.0.2","57552","244","52725","826"
"6.543221","6.543221000","6.188723000","386","296","23.52.120.63","443","10.0.0.2","57552","244","52969","826"
"6.543233","6.543233000","6.188735000","387","296","23.52.120.63","443","10.0.0.2","57552","244","53213","826"
"6.543282","6.543282000","6.188784000","388","296","23.52.120.63","443","10.0.0.2","57552","244","53457","826"
"6.543294","6.543294000","6.188796000","389","296","23.52.120.63","443","10.0.0.2","57552","244","53701","826"
"6.543338","6.543338000","6.188840000","390","296","23.52.120.63","443","10.0.0.2","57552","244","53945","826"
"6.543352","6.543352000","6.188854000","391","296","23.52.120.63","443","10.0.0.2","57552","244","54189","826"
"6.543397","6.543397000","6.188899000","392","296","23.52.120.63","443","10.0.0.2","57552","244","54433","826"
"6.543413","6.543413000","6.188915000","393","296","23.52.120.63","443","10.0.0.2","57552","244","54677","826"
"6.543459","6.543459000","6.188961000","394","296","23.52.120.63","443","10.0.0.2","57552","244","54921","826"
"6.543473","6.543473000","6.188975000","395","296","23.52.120.63","443","10.0.0.2","57552","244","55165","826"
"6.543518","6.543518000","6.189020000","396","296","23.52.120.63","443","10.0.0.2","57552","244","55409","826"
"6.543529","6.543529000","6.189031000","397","296","23.52.120.63","443","10.0.0.2","57552","244","55653","826"
"6.543574","6.543574000","6.189076000","398","296","23.52.120.63","443","10.0.0.2","57552","244","55897","826"
"6.543587","6.543587000","6.189089000","399","296","23.52.120.63","443","10.0.0.2","57552","244","56141","826"
"6.543632","6.543632000","6.189134000","400","296","23.52.120.63","443","10.0.0.2","57552","244","56385","826"
"6.543643","6.543643000","6.189145000","401","296","23.52.120.63","443","10.0.0.2","57552","244","56629","826"
"6.543688","6.543688000","6.189190000","402","296","23.52.120.63","443","10.0.0.2","57552","244","56873","826"
"6.543700","6.543700000","6.189202000","403","296","23.52.120.63","443","10.0.0.2","57552","244","57117","826"
"6.543744","6.543744000","6.189246000","404","296","23.52.120.63","443","10.0.0.2","57552","244","57361","826"
"6.543756","6.543756000","6.189258000","405","296","23.52.120.63","443","10.0.0.2","57552","244","57605","826"
"6.543801","6.543801000","6.189303000","406","296","23.52.120.63","443","10.0.0.2","57552","244","57849","826"
"6.543813","6.543813000","6.189315000","407","296","23.52.120.63","443","10.0.0.2","57552","244","58093","826"
"6.543858","6.543858000","6.189360000","408","296","23.52.120.63","443","10.0.0.2","57552","244","58337","826"
"6.543869","6.543869000","6.189371000","409","296","23.52.120.63","443","10.0.0.2","57552","244","58581","826"
"6.543939","6.543939000","6.189441000","410","296","23.52.120.63","443","10.0.0.2","57552","244","58825","826"
"6.543954","6.543954000","6.189456000","411","296","23.52.120.63","443","10.0.0.2","57552","244","59069","826"
"6.854215","6.854215000","6.499717000","412","52","10.0.0.2","57552","23.52.120.63","443","0","826","30033"
"6.854245","6.854245000","6.499747000","413","52","10.0.0.2","57552","23.52.120.63","443","0","826","30033"
"6.854262","6.854262000","6.499764000","414","52","10.0.0.2","57552","23.52.120.63","443","0","826","30033"
"6.854277","6.854277000","6.499779000","415","52","10.0.0.2","57552","23.52.120.63","443","0","826","30033"
"6.854292","6.854292000","6.499794000","416","52","10.0.0.2","57552","23.52.120.63","443","0","826","30033"
"6.854759","6.854759000","6.500261000","417","296","23.52.120.63","443","10.0.0.2","57552","244","30033","826"
"6.854796","6.854796000","6.500298000","418","296","23.52.120.63","443","10.0.0.2","57552","244","59313","826"
"6.854847","6.854847000","6.500349000","419","296","23.52.120.63","443","10.0.0.2","57552","244","59557","826"
"6.854861","6.854861000","6.500363000","420","296","23.52.120.63","443","10.0.0.2","57552","244","59801","826"
"6.854939","6.854939000","6.500441000","421","296","23.52.120.63","443","10.0.0.2","57552","244","60045","826"
"6.854954","6.854954000","6.500456000","422","296","23.52.120.63","443","10.0.0.2","57552","244","60289","826"
"6.917564","6.917564000","6.563066000","423","52","10.0.0.2","57552","23.52.120.63","443","0","826","30033"
"6.917587","6.917587000","6.563089000","424","52","10.0.0.2","57552","23.52.120.63","443","0","826","30033"
"6.917599","6.917599000","6.563101000","425","52","10.0.0.2","57552","23.52.120.63","443","0","826","30033"
"6.917610","6.917610000","6.563112000","426","52","10.0.0.2","57552","23.52.120.63","443","0","826","30033"
"6.917622","6.917622000","6.563124000","427","52","10.0.0.2","57552","23.52.120.63","443","0","826","30033"
"6.918098","6.918098000","6.563600000","428","296","23.52.120.63","443","10.0.0.2","57552","244","60533","826"
"6.918133","6.918133000","6.563635000","429","296","23.52.120.63","443","10.0.0.2","57552","244","60777","826"
"6.918184","6.918184000","6.563686000","430","296","23.52.120.63","443","10.0.0.2","57552","244","61021","826"
"6.918195","6.918195000","6.563697000","431","296","23.52.120.63","443","10.0.0.2","57552","244","61265","826"
"6.918228","6.918228000","6.563730000","432","296","23.52.120.63","443","10.0.0.2","57552","244","61509","826"
"6.980065","6.980065000","6.625567000","433","52","10.0.0.2","57552","23.52.120.63","443","0","826","30033"
"6.980097","6.980097000","6.625599000","434","52","10.0.0.2","57552","23.52.120.63","443","0","826","30033"
"6.980115","6.980115000","6.625617000","435","52","10.0.0.2","57552","23.52.120.63","443","0","826","30033"
"6.980130","6.980130000","6.625632000","436","52","10.0.0.2","57552","23.52.120.63","443","0","826","30033"
"6.980145","6.980145000","6.625647000","437","52","10.0.0.2","57552","23.52.120.63","443","0","826","30033"
"6.980637","6.980637000","6.626139000","438","296","23.52.120.63","443","10.0.0.2","57552","244","61753","826"
"6.980674","6.980674000","6.626176000","439","296","23.52.120.63","443","10.0.0.2","57552","244","61997","826"
"6.980725","6.980725000","6.626227000","440","296","23.52.120.63","443","10.0.0.2","57552","244","62241","826"
"6.980737","6.980737000","6.626239000","441","296","23.52.120.63","443","10.0.0.2","57552","244","62485","826"
"6.980770","6.980770000","6.626272000","442","296","23.52.120.63","443","10.0.0.2","57552","244","62729","826"
"7.042778","7.042778000","6.688280000","443","52","10.0.0.2","57552","23.52.120.63","443","0","826","30033"
"7.042807","7.042807000","6.688309000","444","52","10.0.0.2","57552","23.52.120.63","443","0","826","30033"
"7.042824","7.042824000","6.688326000","445","52","10.0.0.2","57552","23.52.120.63","443","0","826","30033"
"7.042840","7.042840000","6.688342000","446","52","10.0.0.2","57552","23.52.120.63","443","0","826","30033"
"7.042854","7.042854000","6.688356000","447","52","10.0.0.2","57552","23.52.120.63","443","0","826","30033"
"7.043332","7.043332000","6.688834000","448","296","23.52.120.63","443","10.0.0.2","57552","244","62973","826"
"7.043409","7.043409000","6.688911000","449","296","23.52.120.63","443","10.0.0.2","57552","244","63217","826"
"7.043423","7.043423000","6.688925000","450","296","23.52.120.63","443","10.0.0.2","57552","244","63461","826"
"7.043457","7.043457000","6.688959000","451","296","23.52.120.63","443","10.0.0.2","57552","244","63705","826"
"7.104819","7.104819000","6.750321000","452","52","10.0.0.2","57552","23.52.120.63","443","0","826","30033"
"7.104847","7.104847000","6.750349000","453","52","10.0.0.2","57552","23.52.120.63","443","0","826","30033"
"7.104869","7.104869000","6.750371000","454","52","10.0.0.2","57552","23.52.120.63","443","0","826","30033"
"7.104888","7.104888000","6.750390000","455","52","10.0.0.2","57552","23.52.120.63","443","0","826","30033"
"7.104905","7.104905000","6.750407000","456","52","10.0.0.2","57552","23.52.120.63","443","0","826","30033"
"7.167353","7.167353000","6.812855000","457","52","10.0.0.2","57552","23.52.120.63","443","0","826","30033"
"7.167382","7.167382000","6.812884000","458","52","10.0.0.2","57552","23.52.120.63","443","0","826","30033"
"7.167399","7.167399000","6.812901000","459","52","10.0.0.2","57552","23.52.120.63","443","0","826","30033"
"7.167413","7.167413000","6.812915000","460","52","10.0.0.2","57552","23.52.120.63","443","0","826","30033"
"7.167428","7.167428000","6.812930000","461","52","10.0.0.2","57552","23.52.120.63","443","0","826","30033"
"7.229091","7.229091000","6.874593000","462","52","10.0.0.2","57552","23.52.120.63","443","0","826","30277"
"7.229124","7.229124000","6.874626000","463","52","10.0.0.2","57552","23.52.120.63","443","0","826","30277"
"7.229145","7.229145000","6.874647000","464","52","10.0.0.2","57552","23.52.120.63","443","0","826","30277"
"7.229165","7.229165000","6.874667000","465","52","10.0.0.2","57552","23.52.120.63","443","0","826","30277"
"7.229180","7.229180000","6.874682000","466","52","10.0.0.2","57552","23.52.120.63","443","0","826","30277"
"7.229548","7.229548000","6.875050000","467","296","23.52.120.63","443","10.0.0.2","57552","244","30277","826"
"7.292380","7.292380000","6.937882000","468","52","10.0.0.2","57552","23.52.120.63","443","0","826","30277"
"7.292409","7.292409000","6.937911000","469","52","10.0.0.2","57552","23.52.120.63","443","0","826","30277"
"7.292426","7.292426000","6.937928000","470","52","10.0.0.2","57552","23.52.120.63","443","0","826","30277"
"7.292441","7.292441000","6.937943000","471","52","10.0.0.2","57552","23.52.120.63","443","0","826","30277"
"7.292457","7.292457000","6.937959000","472","52","10.0.0.2","57552","23.52.120.63","443","0","826","30277"
"7.354753","7.354753000","7.000255000","473","52","10.0.0.2","57552","23.52.120.63","443","0","826","30277"
"7.354782","7.354782000","7.000284000","474","52","10.0.0.2","57552","23.52.120.63","443","0","826","30277"
"7.354799","7.354799000","7.000301000","475","52","10.0.0.2","57552","23.52.120.63","443","0","826","30277"
"7.354813","7.354813000","7.000315000","476","52","10.0.0.2","57552","23.52.120.63","443","0","826","30277"
"7.354828","7.354828000","7.000330000","477","52","10.0.0.2","57552","23.52.120.63","443","0","826","30277"
"7.418090","7.418090000","7.063592000","478","52","10.0.0.2","57552","23.52.120.63","443","0","826","30277"
"7.418118","7.418118000","7.063620000","479","52","10.0.0.2","57552","23.52.120.63","443","0","826","30277"
"7.418135","7.418135000","7.063637000","480","52","10.0.0.2","57552","23.52.120.63","443","0","826","30277"
"7.418150","7.418150000","7.063652000","481","52","10.0.0.2","57552","23.52.120.63","443","0","826","30277"
"7.418165","7.418165000","7.063667000","482","52","10.0.0.2","57552","23.52.120.63","443","0","826","30277"
"7.543075","7.543075000","7.188577000","483","52","10.0.0.2","57552","23.52.120.63","443","0","826","30521"
"7.543728","7.543728000","7.189230000","484","296","23.52.120.63","443","10.0.0.2","57552","244","30521","826"
"7.854387","7.854387000","7.499889000","485","52","10.0.0.2","57552","23.52.120.63","443","0","826","31985"
"7.855050","7.855050000","7.500552000","486","296","23.52.120.63","443","10.0.0.2","57552","244","31985","826"
"8.167669","8.167669000","7.813171000","487","52","10.0.0.2","57552","23.52.120.63","443","0","826","32229"
"8.168328","8.168328000","7.813830000","488","296","23.52.120.63","443","10.0.0.2","57552","244","32229","826"
"8.479929","8.479929000","8.125431000","489","52","10.0.0.2","57552","23.52.120.63","443","0","826","32473"
"8.480516","8.480516000","8.126018000","490","296","23.52.120.63","443","10.0.0.2","57552","244","32473","826"
"8.792108","8.792108000","8.437610000","491","52","10.0.0.2","57552","23.52.120.63","443","0","826","32717"
"8.792750","8.792750000","8.438252000","492","296","23.52.120.63","443","10.0.0.2","57552","244","32717","826"
"9.104376","9.104376000","8.749878000","493","52","10.0.0.2","57552","23.52.120.63","443","0","826","32961"
"9.105029","9.105029000","8.750531000","494","296","23.52.120.63","443","10.0.0.2","57552","244","32961","826"
"9.417587","9.417587000","9.063089000","495","52","10.0.0.2","57552","23.52.120.63","443","0","826","34425"
"9.417976","9.417976000","9.063478000","496","296","23.52.120.63","443","10.0.0.2","57552","244","34425","826"
"9.729420","9.729420000","9.374922000","497","52","10.0.0.2","57552","23.52.120.63","443","0","826","34669"
"9.729938","9.729938000","9.375440000","498","296","23.52.120.63","443","10.0.0.2","57552","244","34669","826"
"10.042539","10.042539000","9.688041000","499","52","10.0.0.2","57552","23.52.120.63","443","0","826","34913"
"10.043168","10.043168000","9.688670000","500","296","23.52.120.63","443","10.0.0.2","57552","244","34913","826"
"10.354809","10.354809000","10.000311000","501","52","10.0.0.2","57552","23.52.120.63","443","0","826","35157"
"10.355479","10.355479000","10.000981000","502","296","23.52.120.63","443","10.0.0.2","57552","244","35157","826"
"10.668106","10.668106000","10.313608000","503","52","10.0.0.2","57552","23.52.120.63","443","0","826","35401"
"10.668718","10.668718000","10.314220000","504","296","23.52.120.63","443","10.0.0.2","57552","244","35401","826"
"10.979326","10.979326000","10.624828000","505","52","10.0.0.2","57552","23.52.120.63","443","0","826","36865"
"10.979830","10.979830000","10.625332000","506","296","23.52.120.63","443","10.0.0.2","57552","244","36865","826"
"11.292391","11.292391000","10.937893000","507","52","10.0.0.2","57552","23.52.120.63","443","0","826","37109"
"11.292993","11.292993000","10.938495000","508","296","23.52.120.63","443","10.0.0.2","57552","244","37109","826"
"11.604621","11.604621000","11.250123000","509","52","10.0.0.2","57552","23.52.120.63","443","0","826","37353"
"11.605289","11.605289000","11.250791000","510","296","23.52.120.63","443","10.0.0.2","57552","244","37353","826"
"11.917875","11.917875000","11.563377000","511","52","10.0.0.2","57552","23.52.120.63","443","0","826","37597"
"11.918380","11.918380000","11.563882000","512","296","23.52.120.63","443","10.0.0.2","57552","244","37597","826"
"12.229996","12.229996000","11.875498000","513","52","10.0.0.2","57552","23.52.120.63","443","0","826","37841"
"12.230451","12.230451000","11.875953000","514","296","23.52.120.63","443","10.0.0.2","57552","244","37841","826"
"12.256135","12.256135000",,"515","48",,,,,,,
"12.542276","12.542276000","12.187778000","516","52","10.0.0.2","57552","23.52.120.63","443","0","826","39305"
"12.542859","12.542859000","12.188361000","517","296","23.52.120.63","443","10.0.0.2","57552","244","39305","826"
"12.768024","12.768024000",,"518","48",,,,,,,
"12.854423","12.854423000","12.499925000","519","52","10.0.0.2","57552","23.52.120.63","443","0","826","39549"
"12.855020","12.855020000","12.500522000","520","296","23.52.120.63","443","10.0.0.2","57552","244","39549","826"
"13.167660","13.167660000","12.813162000","521","52","10.0.0.2","57552","23.52.120.63","443","0","826","39793"
"13.168231","13.168231000","12.813733000","522","296","23.52.120.63","443","10.0.0.2","57552","244","39793","826"
"13.479764","13.479764000","13.125266000","523","52","10.0.0.2","57552","23.52.120.63","443","0","826","40037"
"13.480287","13.480287000","13.125789000","524","296","23.52.120.63","443","10.0.0.2","57552","244","40037","826"
"13.792887","13.792887000","13.438389000","525","52","10.0.0.2","57552","23.52.120.63","443","0","826","40281"
"13.793539","13.793539000","13.439041000","526","296","23.52.120.63","443","10.0.0.2","57552","244","40281","826"
"14.104227","14.104227000","13.749729000","527","52","10.0.0.2","57552","23.52.120.63","443","0","826","41745"
"14.105057","14.105057000","13.750559000","528","296","23.52.120.63","443","10.0.0.2","57552","244","41745","826"
"14.105094","14.105094000","13.750596000","529","296","23.52.120.63","443","10.0.0.2","57552","244","63949","826"
"14.105146","14.105146000","13.750648000","530","296","23.52.120.63","443","10.0.0.2","57552","244","64193","826"
"14.105158","14.105158000","13.750660000","531","296","23.52.120.63","443","10.0.0.2","57552","244","64437","826"
"14.105207","14.105207000","13.750709000","532","296","23.52.120.63","443","10.0.0.2","57552","244","64681","826"
"14.105219","14.105219000","13.750721000","533","296","23.52.120.63","443","10.0.0.2","57552","244","64925","826"
"14.105264","14.105264000","13.750766000","534","296","23.52.120.63","443","10.0.0.2","57552","244","65169","826"
"14.105276","14.105276000","13.750778000","535","296","23.52.120.63","443","10.0.0.2","57552","244","65413","826"
"14.105320","14.105320000","13.750822000","536","296","23.52.120.63","443","10.0.0.2","57552","244","65657","826"
"14.105334","14.105334000","13.750836000","537","296","23.52.120.63","443","10.0.0.2","57552","244","65901","826"
"14.105379","14.105379000","13.750881000","538","296","23.52.120.63","443","10.0.0.2","57552","244","66145","826"
"14.105392","14.105392000","13.750894000","539","296","23.52.120.63","443","10.0.0.2","57552","244","66389","826"
"14.105437","14.105437000","13.750939000","540","296","23.52.120.63","443","10.0.0.2","57552","244","66633","826"
"14.105451","14.105451000","13.750953000","541","296","23.52.120.63","443","10.0.0.2","57552","244","66877","826"
"14.105495","14.105495000","13.750997000","542","296","23.52.120.63","443","10.0.0.2","57552","244","67121","826"
"14.105507","14.105507000","13.751009000","543","296","23.52.120.63","443","10.0.0.2","57552","244","67365","826"
"14.105551","14.105551000","13.751053000","544","296","23.52.120.63","443","10.0.0.2","57552","244","67609","826"
"14.105564","14.105564000","13.751066000","545","296","23.52.120.63","443","10.0.0.2","57552","244","67853","826"
"14.105608","14.105608000","13.751110000","546","296","23.52.120.63","443","10.0.0.2","57552","244","68097","826"
"14.105620","14.105620000","13.751122000","547","296","23.52.120.63","443","10.0.0.2","57552","244","68341","826"
"14.105664","14.105664000","13.751166000","548","296","23.52.120.63","443","10.0.0.2","57552","244","68585","826"
"14.105676","14.105676000","13.751178000","549","296","23.52.120.63","443","10.0.0.2","57552","244","68829","826"
"14.105721","14.105721000","13.751223000","550","296","23.52.120.63","443","10.0.0.2","57552","244","69073","826"
"14.105734","14.105734000","13.751236000","551","296","23.52.120.63","443","10.0.0.2","57552","244","69317","826"
"14.105779","14.105779000","13.751281000","552","296","23.52.120.63","443","10.0.0.2","57552","244","69561","826"
"14.105790","14.105790000","13.751292000","553","296","23.52.120.63","443","10.0.0.2","57552","244","69805","826"
"14.105834","14.105834000","13.751336000","554","296","23.52.120.63","443","10.0.0.2","57552","244","70049","826"
"14.105845","14.105845000","13.751347000","555","296","23.52.120.63","443","10.0.0.2","57552","244","70293","826"
"14.105890","14.105890000","13.751392000","556","296","23.52.120.63","443","10.0.0.2","57552","244","70537","826"
"14.105903","14.105903000","13.751405000","557","296","23.52.120.63","443","10.0.0.2","57552","244","70781","826"
"14.105981","14.105981000","13.751483000","558","296","23.52.120.63","443","10.0.0.2","57552","244","71025","826"
"14.105996","14.105996000","13.751498000","559","296","23.52.120.63","443","10.0.0.2","57552","244","71269","826"
"14.106040","14.106040000","13.751542000","560","296","23.52.120.63","443","10.0.0.2","57552","244","71513","826"
"14.106052","14.106052000","13.751554000","561","296","23.52.120.63","443","10.0.0.2","57552","244","71757","826"
"14.106097","14.106097000","13.751599000","562","296","23.52.120.63","443","10.0.0.2","57552","244","72001","826"
"14.106108","14.106108000","13.751610000","563","296","23.52.120.63","443","10.0.0.2","57552","244","72245","826"
"14.106154","14.106154000","13.751656000","564","296","23.52.120.63","443","10.0.0.2","57552","244","72489","826"
"14.106167","14.106167000","13.751669000","565","296","23.52.120.63","443","10.0.0.2","57552","244","72733","826"
"14.106211","14.106211000","13.751713000","566","296","23.52.120.63","443","10.0.0.2","57552","244","72977","826"
"14.106222","14.106222000","13.751724000","567","296","23.52.120.63","443","10.0.0.2","57552","244","73221","826"
"14.106266","14.106266000","13.751768000","568","296","23.52.120.63","443","10.0.0.2","57552","244","73465","826"
"14.106277","14.106277000","13.751779000","569","296","23.52.120.63","443","10.0.0.2","57552","244","73709","826"
"14.106322","14.106322000","13.751824000","570","296","23.52.120.63","443","10.0.0.2","57552","244","73953","826"
"14.106334","14.106334000","13.751836000","571","296","23.52.120.63","443","10.0.0.2","57552","244","74197","826"
"14.106380","14.106380000","13.751882000","572","296","23.52.120.63","443","10.0.0.2","57552","244","74441","826"
"14.106393","14.106393000","13.751895000","573","296","23.52.120.63","443","10.0.0.2","57552","244","74685","826"
"14.106438","14.106438000","13.751940000","574","296","23.52.120.63","443","10.0.0.2","57552","244","74929","826"
"14.106451","14.106451000","13.751953000","575","296","23.52.120.63","443","10.0.0.2","57552","244","75173","826"
"14.106496","14.106496000","13.751998000","576","296","23.52.120.63","443","10.0.0.2","57552","244","75417","826"
"14.106509","14.106509000","13.752011000","577","296","23.52.120.63","443","10.0.0.2","57552","244","75661","826"
"14.417839","14.417839000","14.063341000","578","52","10.0.0.2","57552","23.52.120.63","443","0","826","41989"
"14.417868","14.417868000","14.063370000","579","52","10.0.0.2","57552","23.52.120.63","443","0","826","41989"
"14.417886","14.417886000","14.063388000","580","52","10.0.0.2","57552","23.52.120.63","443","0","826","41989"
"14.417901","14.417901000","14.063403000","581","52","10.0.0.2","57552","23.52.120.63","443","0","826","41989"
"14.417956","14.417956000","14.063458000","582","52","10.0.0.2","57552","23.52.120.63","443","0","826","41989"
"14.418414","14.418414000","14.063916000","583","296","23.52.120.63","443","10.0.0.2","57552","244","41989","826"
"14.479236","14.479236000","14.124738000","584","52","10.0.0.2","57552","23.52.120.63","443","0","826","41989"
"14.479264","14.479264000","14.124766000","585","52","10.0.0.2","57552","23.52.120.63","443","0","826","41989"
"14.479282","14.479282000","14.124784000","586","52","10.0.0.2","57552","23.52.120.63","443","0","826","41989"
"14.479296","14.479296000","14.124798000","587","52","10.0.0.2","57552","23.52.120.63","443","0","826","41989"
"14.479310","14.479310000","14.124812000","588","52","10.0.0.2","57552","23.52.120.63","443","0","826","41989"
"14.542495","14.542495000","14.187997000","589","52","10.0.0.2","57552","23.52.120.63","443","0","826","41989"
"14.542525","14.542525000","14.188027000","590","52","10.0.0.2","57552","23.52.120.63","443","0","826","41989"
"14.542542","14.542542000","14.188044000","591","52","10.0.0.2","57552","23.52.120.63","443","0","826","41989"
"14.542556","14.542556000","14.188058000","592","52","10.0.0.2","57552","23.52.120.63","443","0","826","41989"
"14.542571","14.542571000","14.188073000","593","52","10.0.0.2","57552","23.52.120.63","443","0","826","41989"
"14.605019","14.605019000","14.250521000","594","52","10.0.0.2","57552","23.52.120.63","443","0","826","41989"
"14.605048","14.605048000","14.250550000","595","52","10.0.0.2","57552","23.52.120.63","443","0","826","41989"
"14.605065","14.605065000","14.250567000","596","52","10.0.0.2","57552","23.52.120.63","443","0","826","41989"
"14.605079","14.605079000","14.250581000","597","52","10.0.0.2","57552","23.52.120.63","443","0","826","41989"
"14.605093","14.605093000","14.250595000","598","52","10.0.0.2","57552","23.52.120.63","443","0","826","41989"
"14.667319","14.667319000","14.312821000","599","52","10.0.0.2","57552","23.52.120.63","443","0","826","41989"
"14.667350","14.667350000","14.312852000","600","52","10.0.0.2","57552","23.52.120.63","443","0","826","41989"
"14.667369","14.667369000","14.312871000","601","52","10.0.0.2","57552","23.52.120.63","443","0","826","41989"
"14.667385","14.667385000","14.312887000","602","52","10.0.0.2","57552","23.52.120.63","443","0","826","41989"
"14.667402","14.667402000","14.312904000","603","52","10.0.0.2","57552","23.52.120.63","443","0","826","41989"
"14.729592","14.729592000","14.375094000","604","52","10.0.0.2","57552","23.52.120.63","443","0","826","41989"
"14.729622","14.729622000","14.375124000","605","52","10.0.0.2","57552","23.52.120.63","443","0","826","41989"
"14.729641","14.729641000","14.375143000","606","52","10.0.0.2","57552","23.52.120.63","443","0","826","41989"
"14.729656","14.729656000","14.375158000","607","52","10.0.0.2","57552","23.52.120.63","443","0","826","41989"
"14.729670","14.729670000","14.375172000","608","52","10.0.0.2","57552","23.52.120.63","443","0","826","41989"
"14.792226","14.792226000","14.437728000","609","52","10.0.0.2","57552","23.52.120.63","443","0","826","41989"
"14.792253","14.792253000","14.437755000","610","52","10.0.0.2","57552","23.52.120.63","443","0","826","41989"
"14.792271","14.792271000","14.437773000","611","52","10.0.0.2","57552","23.52.120.63","443","0","826","41989"
"14.792286","14.792286000","14.437788000","612","52","10.0.0.2","57552","23.52.120.63","443","0","826","42233"
"14.792882","14.792882000","14.438384000","613","296","23.52.120.63","443","10.0.0.2","57552","244","42233","826"
"15.104375","15.104375000","14.749877000","614","52","10.0.0.2","57552","23.52.120.63","443","0","826","42477"
"15.104973","15.104973000","14.750475000","615","296","23.52.120.63","443","10.0.0.2","57552","244","42477","826"
"15.417537","15.417537000","15.063039000","616","52","10.0.0.2","57552","23.52.120.63","443","0","826","42721"
"15.418197","15.418197000","15.063699000","617","296","23.52.120.63","443","10.0.0.2","57552","244","42721","826"
"15.729822","15.729822000","15.375324000","618","52","10.0.0.2","57552","23.52.120.63","443","0","826","44185"
"15.730515","15.730515000","15.376017000","619","296","23.52.120.63","443","10.0.0.2","57552","244","44185","826"
"16.042192","16.042192000","15.687694000","620","52","10.0.0.2","57552","23.52.120.63","443","0","826","44429"
"16.042828","16.042828000","15.688330000","621","296","23.52.120.63","443","10.0.0.2","57552","244","44429","826"
"16.354475","16.354475000","15.999977000","622","52","10.0.0.2","57552","23.52.120.63","443","0","826","44673"
"16.355110","16.355110000","16.000612000","623","296","23.52.120.63","443","10.0.0.2","57552","244","44673","826"
"16.667733","16.667733000","16.313235000","624","52","10.0.0.2","57552","23.52.120.63","443","0","826","44917"
"16.668288","16.668288000","16.313790000","625","296","23.52.120.63","443","10.0.0.2","57552","244","44917","826"
"16.979893","16.979893000","16.625395000","626","52","10.0.0.2","57552","23.52.120.63","443","0","826","45161"
"16.980383","16.980383000","16.625885000","627","296","23.52.120.63","443","10.0.0.2","57552","244","45161","826"
"17.293022","17.293022000","16.938524000","628","52","10.0.0.2","57552","23.52.120.63","443","0","826","46625"
"17.293664","17.293664000","16.939166000","629","296","23.52.120.63","443","10.0.0.2","57552","244","46625","826"
"17.604295","17.604295000","17.249797000","630","52","10.0.0.2","57552","23.52.120.63","443","0","826","46869"
"17.604787","17.604787000","17.250289000","631","296","23.52.120.63","443","10.0.0.2","57552","244","46869","826"
"17.917385","17.917385000","17.562887000","632","52","10.0.0.2","57552","23.52.120.63","443","0","826","47113"
"17.918052","17.918052000","17.563554000","633","296","23.52.120.63","443","10.0.0.2","57552","244","47113","826"
"18.229677","18.229677000","17.875179000","634","52","10.0.0.2","57552","23.52.120.63","443","0","826","47357"
"18.230323","18.230323000","17.875825000","635","296","23.52.120.63","443","10.0.0.2","57552","244","47357","826"
"18.542966","18.542966000","18.188468000","636","52","10.0.0.2","57552","23.52.120.63","443","0","826","47601"
"18.543480","18.543480000","18.188982000","637","296","23.52.120.63","443","10.0.0.2","57552","244","47601","826"
"18.855098","18.855098000","18.500600000","638","52","10.0.0.2","57552","23.52.120.63","443","0","826","49065"
"18.855747","18.855747000","18.501249000","639","296","23.52.120.63","443","10.0.0.2","57552","244","49065","826"
"19.167347","19.167347000","18.812849000","640","52","10.0.0.2","57552","23.52.120.63","443","0","826","49309"
"19.168030","19.168030000","18.813532000","641","296","23.52.120.63","443","10.0.0.2","57552","244","49309","826"
"19.479670","19.479670000","19.125172000","642","52","10.0.0.2","57552","23.52.120.63","443","0","826","71757"
"19.480832","19.480832000","19.126334000","643","296","23.52.120.63","443","10.0.0.2","57552","244","75905","826"
"19.480877","19.480877000","19.126379000","644","296","23.52.120.63","443","10.0.0.2","57552","244","76149","826"
"19.480968","19.480968000","19.126470000","645","296","23.52.120.63","443","10.0.0.2","57552","244","76393","826"
"19.480984","19.480984000","19.126486000","646","296","23.52.120.63","443","10.0.0.2","57552","244","76637","826"
"19.481030","19.481030000","19.126532000","647","296","23.52.120.63","443","10.0.0.2","57552","244","76881","826"
"19.481041","19.481041000","19.126543000","648","296","23.52.120.63","443","10.0.0.2","57552","244","77125","826"
"19.481092","19.481092000","19.126594000","649","296","23.52.120.63","443","10.0.0.2","57552","244","77369","826"
"19.481113","19.481113000","19.126615000","650","296","23.52.120.63","443","10.0.0.2","57552","244","77613","826"
"19.481160","19.481160000","19.126662000","651","296","23.52.120.63","443","10.0.0.2","57552","244","77857","826"
"19.481173","19.481173000","19.126675000","652","296","23.52.120.63","443","10.0.0.2","57552","244","78101","826"
"19.481219","19.481219000","19.126721000","653","296","23.52.120.63","443","10.0.0.2","57552","244","78345","826"
"19.481233","19.481233000","19.126735000","654","296","23.52.120.63","443","10.0.0.2","57552","244","78589","826"
"19.481278","19.481278000","19.126780000","655","296","23.52.120.63","443","10.0.0.2","57552","244","78833","826"
"19.481291","19.481291000","19.126793000","656","296","23.52.120.63","443","10.0.0.2","57552","244","79077","826"
"19.481336","19.481336000","19.126838000","657","296","23.52.120.63","443","10.0.0.2","57552","244","79321","826"
"19.481348","19.481348000","19.126850000","658","296","23.52.120.63","443","10.0.0.2","57552","244","79565","826"
"19.481393","19.481393000","19.126895000","659","296","23.52.120.63","443","10.0.0.2","57552","244","79809","826"
"19.481406","19.481406000","19.126908000","660","296","23.52.120.63","443","10.0.0.2","57552","244","80053","826"
"19.481451","19.481451000","19.126953000","661","296","23.52.120.63","443","10.0.0.2","57552","244","80297","826"
"19.481462","19.481462000","19.126964000","662","296","23.52.120.63","443","10.0.0.2","57552","244","80541","826"
"19.481507","19.481507000","19.127009000","663","296","23.52.120.63","443","10.0.0.2","57552","244","80785","826"
"19.481518","19.481518000","19.127020000","664","296","23.52.120.63","443","10.0.0.2","57552","244","81029","826"
"19.481562","19.481562000","19.127064000","665","296","23.52.120.63","443","10.0.0.2","57552","244","81273","826"
"19.481575","19.481575000","19.127077000","666","296","23.52.120.63","443","10.0.0.2","57552","244","81517","826"
"19.481620","19.481620000","19.127122000","667","296","23.52.120.63","443","10.0.0.2","57552","244","81761","826"
"19.481631","19.481631000","19.127133000","668","296","23.52.120.63","443","10.0.0.2","57552","244","82005","826"
"19.481676","19.481676000","19.127178000","669","296","23.52.120.63","443","10.0.0.2","57552","244","82249","826"
"19.481688","19.481688000","19.127190000","670","296","23.52.120.63","443","10.0.0.2","57552","244","82493","826"
"19.481735","19.481735000","19.127237000","671","296","23.52.120.63","443","10.0.0.2","57552","244","82737","826"
"19.481747","19.481747000","19.127249000","672","296","23.52.120.63","443","10.0.0.2","57552","244","82981","826"
"19.481794","19.481794000","19.127296000","673","296","23.52.120.63","443","10.0.0.2","57552","244","83225","826"
"19.481805","19.481805000","19.127307000","674","296","23.52.120.63","443","10.0.0.2","57552","244","83469","826"
"19.481850","19.481850000","19.127352000","675","296","23.52.120.63","443","10.0.0.2","57552","244","83713","826"
"19.481863","19.481863000","19.127365000","676","296","23.52.120.63","443","10.0.0.2","57552","244","83957","826"
"19.481919","19.481919000","19.127421000","677","296","23.52.120.63","443","10.0.0.2","57552","244","84201","826"
"19.481933","19.481933000","19.127435000","678","296","23.52.120.63","443","10.0.0.2","57552","244","84445","826"
"19.481979","19.481979000","19.127481000","679","296","23.52.120.63","443","10.0.0.2","57552","244","84689","826"
"19.481990","19.481990000","19.127492000","680","296","23.52.120.63","443","10.0.0.2","57552","244","84933","826"
"19.482034","19.482034000","19.127536000","681","296","23.52.120.63","443","10.0.0.2","57552","244","85177","826"
"19.482047","19.482047000","19.127549000","682","296","23.52.120.63","443","10.0.0.2","57552","244","85421","826"
"19.482092","19.482092000","19.127594000","683","296","23.52.120.63","443","10.0.0.2","57552","244","85665","826"
"19.482105","19.482105000","19.127607000","684","296","23.52.120.63","443","10.0.0.2","57552","244","85909","826"
"19.482151","19.482151000","19.127653000","685","296","23.52.120.63","443","10.0.0.2","57552","244","86153","826"
"19.482164","19.482164000","19.127666000","686","296","23.52.120.63","443","10.0.0.2","57552","244","86397","826"
"19.482209","19.482209000","19.127711000","687","296","23.52.120.63","443","10.0.0.2","57552","244","86641","826"
"19.482222","19.482222000","19.127724000","688","296","23.52.120.63","443","10.0.0.2","57552","244","86885","826"
"19.482267","19.482267000","19.127769000","689","296","23.52.120.63","443","10.0.0.2","57552","244","87129","826"
"19.482280","19.482280000","19.127782000","690","296","23.52.120.63","443","10.0.0.2","57552","244","87373","826"
"19.482324","19.482324000","19.127826000","691","296","23.52.120.63","443","10.0.0.2","57552","244","87617","826"
"19.482337","19.482337000","19.127839000","692","296","23.52.120.63","443","10.0.0.2","57552","244","87861","826"
"19.482382","19.482382000","19.127884000","693","296","23.52.120.63","443","10.0.0.2","57552","244","88105","826"
"19.482394","19.482394000","19.127896000","694","296","23.52.120.63","443","10.0.0.2","57552","244","88349","826"
"19.482440","19.482440000","19.127942000","695","296","23.52.120.63","443","10.0.0.2","57552","244","88593","826"
"19.482452","19.482452000","19.127954000","696","296","23.52.120.63","443","10.0.0.2","57552","244","88837","826"
"19.482485","19.482485000","19.127987000","697","296","23.52.120.63","443","10.0.0.2","57552","244","89081","826"
"19.792809","19.792809000","19.438311000","698","52","10.0.0.2","57552","23.52.120.63","443","0","826","71757"
"19.792839","19.792839000","19.438341000","699","52","10.0.0.2","57552","23.52.120.63","443","0","826","71757"
"19.792857","19.792857000","19.438359000","700","52","10.0.0.2","57552","23.52.120.63","443","0","826","71757"
"19.792871","19.792871000","19.438373000","701","52","10.0.0.2","57552","23.52.120.63","443","0","826","71757"
"19.792885","19.792885000","19.438387000","702","52","10.0.0.2","57552","23.52.120.63","443","0","826","71757"
"19.793521","19.793521000","19.439023000","703","296","23.52.120.63","443","10.0.0.2","57552","244","89325","826"
"19.793557","19.793557000","19.439059000","704","296","23.52.120.63","443","10.0.0.2","57552","244","89569","826"
"19.793607","19.793607000","19.439109000","705","296","23.52.120.63","443","10.0.0.2","57552","244","71757","826"
"19.793619","19.793619000","19.439121000","706","296","23.52.120.63","443","10.0.0.2","57552","244","89813","826"
"19.854131","19.854131000","19.499633000","707","52","10.0.0.2","57552","23.52.120.63","443","0","826","71757"
"19.854159","19.854159000","19.499661000","708","52","10.0.0.2","57552","23.52.120.63","443","0","826","71757"
"19.854177","19.854177000","19.499679000","709","52","10.0.0.2","57552","23.52.120.63","443","0","826","71757"
"19.854191","19.854191000","19.499693000","710","52","10.0.0.2","57552","23.52.120.63","443","0","826","71757"
"19.854206","19.854206000","19.499708000","711","52","10.0.0.2","57552","23.52.120.63","443","0","826","71757"
"19.854690","19.854690000","19.500192000","712","296","23.52.120.63","443","10.0.0.2","57552","244","90057","826"
"19.854727","19.854727000","19.500229000","713","296","23.52.120.63","443","10.0.0.2","57552","244","90301","826"
"19.854764","19.854764000","19.500266000","714","296","23.52.120.63","443","10.0.0.2","57552","244","90545","826"
"19.917652","19.917652000","19.563154000","715","52","10.0.0.2","57552","23.52.120.63","443","0","826","71757"
"19.917680","19.917680000","19.563182000","716","52","10.0.0.2","57552","23.52.120.63","443","0","826","71757"
"19.917698","19.917698000","19.563200000","717","52","10.0.0.2","57552","23.52.120.63","443","0","826","71757"
"19.917712","19.917712000","19.563214000","718","52","10.0.0.2","57552","23.52.120.63","443","0","826","71757"
"19.917724","19.917724000","19.563226000","719","52","10.0.0.2","57552","23.52.120.63","443","0","826","71757"
"19.918198","19.918198000","19.563700000","720","296","23.52.120.63","443","10.0.0.2","57552","244","90789","826"
"19.918234","19.918234000","19.563736000","721","296","23.52.120.63","443","10.0.0.2","57552","244","91033","826"
"19.918285","19.918285000","19.563787000","722","296","23.52.120.63","443","10.0.0.2","57552","244","91277","826"
"19.918297","19.918297000","19.563799000","723","296","23.52.120.63","443","10.0.0.2","57552","244","91521","826"
"19.979275","19.979275000","19.624777000","724","52","10.0.0.2","57552","23.52.120.63","443","0","826","71757"
"19.979305","19.979305000","19.624807000","725","52","10.0.0.2","57552","23.52.120.63","443","0","826","71757"
"19.979323","19.979323000","19.624825000","726","52","10.0.0.2","57552","23.52.120.63","443","0","826","71757"
"19.979337","19.979337000","19.624839000","727","52","10.0.0.2","57552","23.52.120.63","443","0","826","71757"
"19.979351","19.979351000","19.624853000","728","52","10.0.0.2","57552","23.52.120.63","443","0","826","71757"
"19.979772","19.979772000","19.625274000","729","296","23.52.120.63","443","10.0.0.2","57552","244","91765","826"
"19.979851","19.979851000","19.625353000","730","296","23.52.120.63","443","10.0.0.2","57552","244","92009","826"
"19.979864","19.979864000","19.625366000","731","296","23.52.120.63","443","10.0.0.2","57552","244","92253","826"
"20.042605","20.042605000","19.688107000","732","52","10.0.0.2","57552","23.52.120.63","443","0","826","71757"
"20.042634","20.042634000","19.688136000","733","52","10.0.0.2","57552","23.52.120.63","443","0","826","71757"
"20.042653","20.042653000","19.688155000","734","52","10.0.0.2","57552","23.52.120.63","443","0","826","71757"
"20.042668","20.042668000","19.688170000","735","52","10.0.0.2","57552","23.52.120.63","443","0","826","71757"
"20.042683","20.042683000","19.688185000","736","52","10.0.0.2","57552","23.52.120.63","443","0","826","71757"
"20.043154","20.043154000","19.688656000","737","296","23.52.120.63","443","10.0.0.2","57552","244","92497","826"
"20.043190","20.043190000","19.688692000","738","296","23.52.120.63","443","10.0.0.2","57552","244","92741","826"
"20.043227","20.043227000","19.688729000","739","296","23.52.120.63","443","10.0.0.2","57552","244","92985","826"
"20.043269","20.043269000","19.688771000","740","296","23.52.120.63","443","10.0.0.2","57552","244","93229","826"
"20.104284","20.104284000","19.749786000","741","52","10.0.0.2","57552","23.52.120.63","443","0","826","71757"
"20.104313","20.104313000","19.749815000","742","52","10.0.0.2","57552","23.52.120.63","443","0","826","71757"
"20.104332","20.104332000","19.749834000","743","52","10.0.0.2","57552","23.52.120.63","443","0","826","71757"
"20.104347","20.104347000","19.749849000","744","52","10.0.0.2","57552","23.52.120.63","443","0","826","71757"
"20.104361","20.104361000","19.749863000","745","52","10.0.0.2","57552","23.52.120.63","443","0","826","71757"
"20.104873","20.104873000","19.750375000","746","296","23.52.120.63","443","10.0.0.2","57552","244","93473","826"
"20.104938","20.104938000","19.750440000","747","296","23.52.120.63","443","10.0.0.2","57552","244","93717","826"
"20.104982","20.104982000","19.750484000","748","296","23.52.120.63","443","10.0.0.2","57552","244","93961","826"
"20.167503","20.167503000","19.813005000","749","52","10.0.0.2","57552","23.52.120.63","443","0","826","71757"
"20.167532","20.167532000","19.813034000","750","52","10.0.0.2","57552","23.52.120.63","443","0","826","71757"
"20.167551","20.167551000","19.813053000","751","52","10.0.0.2","57552","23.52.120.63","443","0","826","71757"
"20.167565","20.167565000","19.813067000","752","52","10.0.0.2","57552","23.52.120.63","443","0","826","71757"
"20.167578","20.167578000","19.813080000","753","52","10.0.0.2","57552","23.52.120.63","443","0","826","71757"
"20.168054","20.168054000","19.813556000","754","296","23.52.120.63","443","10.0.0.2","57552","244","94205","826"
"20.168090","20.168090000","19.813592000","755","296","23.52.120.63","443","10.0.0.2","57552","244","94449","826"
"20.168141","20.168141000","19.813643000","756","296","23.52.120.63","443","10.0.0.2","57552","244","94693","826"
"20.168153","20.168153000","19.813655000","757","296","23.52.120.63","443","10.0.0.2","57552","244","94937","826"
"20.230015","20.230015000","19.875517000","758","52","10.0.0.2","57552","23.52.120.63","443","0","826","72001"
"20.230045","20.230045000","19.875547000","759","52","10.0.0.2","57552","23.52.120.63","443","0","826","72001"
"20.230064","20.230064000","19.875566000","760","52","10.0.0.2","57552","23.52.120.63","443","0","826","72001"
"20.230078","20.230078000","19.875580000","761","52","10.0.0.2","57552","23.52.120.63","443","0","826","72001"
"20.230093","20.230093000","19.875595000","762","52","10.0.0.2","57552","23.52.120.63","443","0","826","72001"
"20.230569","20.230569000","19.876071000","763","296","23.52.120.63","443","10.0.0.2","57552","244","72001","826"
"20.230605","20.230605000","19.876107000","764","296","23.52.120.63","443","10.0.0.2","57552","244","95181","826"
"20.292691","20.292691000","19.938193000","765","52","10.0.0.2","57552","23.52.120.63","443","0","826","72001"
"20.292720","20.292720000","19.938222000","766","52","10.0.0.2","57552","23.52.120.63","443","0","826","72001"
"20.292740","20.292740000","19.938242000","767","52","10.0.0.2","57552","23.52.120.63","443","0","826","72001"
"20.292754","20.292754000","19.938256000","768","52","10.0.0.2","57552","23.52.120.63","443","0","826","72001"
"20.292768","20.292768000","19.938270000","769","52","10.0.0.2","57552","23.52.120.63","443","0","826","72001"
"20.293249","20.293249000","19.938751000","770","296","23.52.120.63","443","10.0.0.2","57552","244","95425","826"
"20.293285","20.293285000","19.938787000","771","296","23.52.120.63","443","10.0.0.2","57552","244","95669","826"
"20.293322","20.293322000","19.938824000","772","296","23.52.120.63","443","10.0.0.2","57552","244","95913","826"
"20.293390","20.293390000","19.938892000","773","296","23.52.120.63","443","10.0.0.2","57552","244","96157","826"
"20.354940","20.354940000","20.000442000","774","52","10.0.0.2","57552","23.52.120.63","443","0","826","72001"
"20.355000","20.355000000","20.000502000","775","52","10.0.0.2","57552","23.52.120.63","443","0","826","72001"
"20.355013","20.355013000","20.000515000","776","52","10.0.0.2","57552","23.52.120.63","443","0","826","72001"
"20.355025","20.355025000","20.000527000","777","52","10.0.0.2","57552","23.52.120.63","443","0","826","72001"
"20.355036","20.355036000","20.000538000","778","52","10.0.0.2","57552","23.52.120.63","443","0","826","72001"
"20.355463","20.355463000","20.000965000","779","296","23.52.120.63","443","10.0.0.2","57552","244","96401","826"
"20.355498","20.355498000","20.001000000","780","296","23.52.120.63","443","10.0.0.2","57552","244","96645","826"
"20.355535","20.355535000","20.001037000","781","296","23.52.120.63","443","10.0.0.2","57552","244","96889","826"
"20.417331","20.417331000","20.062833000","782","52","10.0.0.2","57552","23.52.120.63","443","0","826","72001"
"20.417361","20.417361000","20.062863000","783","52","10.0.0.2","57552","23.52.120.63","443","0","826","72001"
"20.417379","20.417379000","20.062881000","784","52","10.0.0.2","57552","23.52.120.63","443","0","826","72001"
"20.417394","20.417394000","20.062896000","785","52","10.0.0.2","57552","23.52.120.63","443","0","826","72001"
"20.417883","20.417883000","20.063385000","786","296","23.52.120.63","443","10.0.0.2","57552","244","97133","826"
"20.417947","20.417947000","20.063449000","787","296","23.52.120.63","443","10.0.0.2","57552","244","97377","826"
"20.417989","20.417989000","20.063491000","788","296","23.52.120.63","443","10.0.0.2","57552","244","97621","826"
"20.479993","20.479993000","20.125495000","789","52","10.0.0.2","57552","23.52.120.63","443","0","826","72001"
"20.480029","20.480029000","20.125531000","790","52","10.0.0.2","57552","23.52.120.63","443","0","826","72001"
"20.480046","20.480046000","20.125548000","791","52","10.0.0.2","57552","23.52.120.63","443","0","826","72001"
"20.480061","20.480061000","20.125563000","792","52","10.0.0.2","57552","23.52.120.63","443","0","826","72001"
"20.480565","20.480565000","20.126067000","793","296","23.52.120.63","443","10.0.0.2","57552","244","97865","826"
"20.480601","20.480601000","20.126103000","794","296","23.52.120.63","443","10.0.0.2","57552","244","98109","826"
"20.480639","20.480639000","20.126141000","795","296","23.52.120.63","443","10.0.0.2","57552","244","98353","826"
"20.542266","20.542266000","20.187768000","796","52","10.0.0.2","57552","23.52.120.63","443","0","826","72245"
"20.542296","20.542296000","20.187798000","797","52","10.0.0.2","57552","23.52.120.63","443","0","826","72245"
"20.542952","20.542952000","20.188454000","798","296","23.52.120.63","443","10.0.0.2","57552","244","72245","826"
"20.604422","20.604422000","20.249924000","799","52","10.0.0.2","57552","23.52.120.63","443","0","826","72245"
"20.604452","20.604452000","20.249954000","800","52","10.0.0.2","57552","23.52.120.63","443","0","826","72245"
"20.604470","20.604470000","20.249972000","801","52","10.0.0.2","57552","23.52.120.63","443","0","826","72245"
"20.604485","20.604485000","20.249987000","802","52","10.0.0.2","57552","23.52.120.63","443","0","826","72245"
"20.605005","20.605005000","20.250507000","803","296","23.52.120.63","443","10.0.0.2","57552","244","98597","826"
"20.605040","20.605040000","20.250542000","804","296","23.52.120.63","443","10.0.0.2","57552","244","98841","826"
"20.667194","20.667194000","20.312696000","805","52","10.0.0.2","57552","23.52.120.63","443","0","826","72245"
"20.667224","20.667224000","20.312726000","806","52","10.0.0.2","57552","23.52.120.63","443","0","826","72245"
"20.667243","20.667243000","20.312745000","807","52","10.0.0.2","57552","23.52.120.63","443","0","826","72245"
"20.667808","20.667808000","20.313310000","808","296","23.52.120.63","443","10.0.0.2","57552","244","99085","826"
"20.667844","20.667844000","20.313346000","809","296","23.52.120.63","443","10.0.0.2","57552","244","99329","826"
"20.667882","20.667882000","20.313384000","810","296","23.52.120.63","443","10.0.0.2","57552","244","99573","826"
"20.729397","20.729397000","20.374899000","811","52","10.0.0.2","57552","23.52.120.63","443","0","826","72245"
"20.729427","20.729427000","20.374929000","812","52","10.0.0.2","57552","23.52.120.63","443","0","826","72245"
"20.729445","20.729445000","20.374947000","813","52","10.0.0.2","57552","23.52.120.63","443","0","826","72245"
"20.729865","20.729865000","20.375367000","814","296","23.52.120.63","443","10.0.0.2","57552","244","99817","826"
"20.729978","20.729978000","20.375480000","815","296","23.52.120.63","443","10.0.0.2","57552","244","100061","826"
"20.729993","20.729993000","20.375495000","816","296","23.52.120.63","443","10.0.0.2","57552","244","100305","826"
"20.792710","20.792710000","20.438212000","817","52","10.0.0.2","57552","23.52.120.63","443","0","826","72245"
"20.792739","20.792739000","20.438241000","818","52","10.0.0.2","57552","23.52.120.63","443","0","826","72245"
"20.792756","20.792756000","20.438258000","819","52","10.0.0.2","57552","23.52.120.63","443","0","826","72245"
"20.793233","20.793233000","20.438735000","820","296","23.52.120.63","443","10.0.0.2","57552","244","100549","826"
"20.793269","20.793269000","20.438771000","821","296","23.52.120.63","443","10.0.0.2","57552","244","100793","826"
"20.793307","20.793307000","20.438809000","822","296","23.52.120.63","443","10.0.0.2","57552","244","101037","826"
"20.854397","20.854397000","20.499899000","823","52","10.0.0.2","57552","23.52.120.63","443","0","826","72489"
"20.854949","20.854949000","20.500451000","824","296","23.52.120.63","443","10.0.0.2","57552","244","72489","826"
"20.854986","20.854986000","20.500488000","825","296","23.52.120.63","443","10.0.0.2","57552","244","101281","826"
"20.917471","20.917471000","20.562973000","826","52","10.0.0.2","57552","23.52.120.63","443","0","826","72489"
"20.917500","20.917500000","20.563002000","827","52","10.0.0.2","57552","23.52.120.63","443","0","826","72489"
"20.918019","20.918019000","20.563521000","828","296","23.52.120.63","443","10.0.0.2","57552","244","101525","826"
"20.918054","20.918054000","20.563556000","829","296","23.52.120.63","443","10.0.0.2","57552","244","101769","826"
"20.979092","20.979092000","20.624594000","830","52","10.0.0.2","57552","23.52.120.63","443","0","826","72489"
"20.979128","20.979128000","20.624630000","831","52","10.0.0.2","57552","23.52.120.63","443","0","826","72489"
"20.979147","20.979147000","20.624649000","832","52","10.0.0.2","57552","23.52.120.63","443","0","826","72489"
"20.979671","20.979671000","20.625173000","833","296","23.52.120.63","443","10.0.0.2","57552","244","102013","826"
"20.979706","20.979706000","20.625208000","834","296","23.52.120.63","443","10.0.0.2","57552","244","102257","826"
"20.979743","20.979743000","20.625245000","835","296","23.52.120.63","443","10.0.0.2","57552","244","102501","826"
"21.042615","21.042615000","20.688117000","836","52","10.0.0.2","57552","23.52.120.63","443","0","826","72489"
"21.042645","21.042645000","20.688147000","837","52","10.0.0.2","57552","23.52.120.63","443","0","826","72489"
"21.042662","21.042662000","20.688164000","838","52","10.0.0.2","57552","23.52.120.63","443","0","826","72489"
"21.043194","21.043194000","20.688696000","839","296","23.52.120.63","443","10.0.0.2","57552","244","102745","826"
"21.043231","21.043231000","20.688733000","840","296","23.52.120.63","443","10.0.0.2","57552","244","102989","826"
"21.043268","21.043268000","20.688770000","841","296","23.52.120.63","443","10.0.0.2","57552","244","103233","826"
"21.104489","21.104489000","20.749991000","842","52","10.0.0.2","57552","23.52.120.63","443","0","826","72489"
"21.104520","21.104520000","20.750022000","843","52","10.0.0.2","57552","23.52.120.63","443","0","826","72489"
"21.104542","21.104542000","20.750044000","844","52","10.0.0.2","57552","23.52.120.63","443","0","826","72489"
"21.105093","21.105093000","20.750595000","845","296","23.52.120.63","443","10.0.0.2","57552","244","103477","826"
"21.105128","21.105128000","20.750630000","846","296","23.52.120.63","443","10.0.0.2","57552","244","103721","826"
"21.105166","21.105166000","20.750668000","847","296","23.52.120.63","443","10.0.0.2","57552","244","103965","826"
"21.167261","21.167261000","20.812763000","848","52","10.0.0.2","57552","23.52.120.63","443","0","826","72733"
"21.167292","21.167292000","20.812794000","849","52","10.0.0.2","57552","23.52.120.63","443","0","826","72733"
"21.167789","21.167789000","20.813291000","850","296","23.52.120.63","443","10.0.0.2","57552","244","72733","826"
"21.167826","21.167826000","20.813328000","851","296","23.52.120.63","443","10.0.0.2","57552","244","104209","826"
"21.167864","21.167864000","20.813366000","852","296","23.52.120.63","443","10.0.0.2","57552","244","104453","826"
"21.229825","21.229825000","20.875327000","853","52","10.0.0.2","57552","23.52.120.63","443","0","826","72733"
"21.229854","21.229854000","20.875356000","854","52","10.0.0.2","57552","23.52.120.63","443","0","826","72733"
"21.230495","21.230495000","20.875997000","855","296","23.52.120.63","443","10.0.0.2","57552","244","104697","826"
"21.230538","21.230538000","20.876040000","856","296","23.52.120.63","443","10.0.0.2","57552","244","104941","826"
"21.292855","21.292855000","20.938357000","857","52","10.0.0.2","57552","23.52.120.63","443","0","826","72733"
"21.292884","21.292884000","20.938386000","858","52","10.0.0.2","57552","23.52.120.63","443","0","826","72733"
"21.292905","21.292905000","20.938407000","859","52","10.0.0.2","57552","23.52.120.63","443","0","826","72733"
"21.293475","21.293475000","20.938977000","860","296","23.52.120.63","443","10.0.0.2","57552","244","105185","826"
"21.293511","21.293511000","20.939013000","861","296","23.52.120.63","443","10.0.0.2","57552","244","105429","826"
"21.293549","21.293549000","20.939051000","862","296","23.52.120.63","443","10.0.0.2","57552","244","105673","826"
"21.354449","21.354449000","20.999951000","863","52","10.0.0.2","57552","23.52.120.63","443","0","826","72733"
"21.354478","21.354478000","20.999980000","864","52","10.0.0.2","57552","23.52.120.63","443","0","826","72733"
"21.354495","21.354495000","20.999997000","865","52","10.0.0.2","57552","23.52.120.63","443","0","826","72733"
"21.418102","21.418102000","21.063604000","866","52","10.0.0.2","57552","23.52.120.63","443","0","826","72733"
"21.418131","21.418131000","21.063633000","867","52","10.0.0.2","57552","23.52.120.63","443","0","826","72733"
"21.418149","21.418149000","21.063651000","868","52","10.0.0.2","57552","23.52.120.63","443","0","826","72733"
"21.480037","21.480037000","21.125539000","869","52","10.0.0.2","57552","23.52.120.63","443","0","826","72977"
"21.480067","21.480067000","21.125569000","870","52","10.0.0.2","57552","23.52.120.63","443","0","826","72977"
"21.480086","21.480086000","21.125588000","871","52","10.0.0.2","57552","23.52.120.63","443","0","826","72977"
"21.480567","21.480567000","21.126069000","872","296","23.52.120.63","443","10.0.0.2","57552","244","72977","826"
"21.542346","21.542346000","21.187848000","873","52","10.0.0.2","57552","23.52.120.63","443","0","826","72977"
"21.542376","21.542376000","21.187878000","874","52","10.0.0.2","57552","23.52.120.63","443","0","826","72977"
"21.604679","21.604679000","21.250181000","875","52","10.0.0.2","57552","23.52.120.63","443","0","826","72977"
"21.604706","21.604706000","21.250208000","876","52","10.0.0.2","57552","23.52.120.63","443","0","826","72977"
"21.604724","21.604724000","21.250226000","877","52","10.0.0.2","57552","23.52.120.63","443","0","826","72977"
"21.792237","21.792237000","21.437739000","878","52","10.0.0.2","57552","23.52.120.63","443","0","826","73221"
"21.792726","21.792726000","21.438228000","879","296","23.52.120.63","443","10.0.0.2","57552","244","73221","826"
"22.104261","22.104261000","21.749763000","880","52","10.0.0.2","57552","23.52.120.63","443","0","826","73465"
"22.104900","22.104900000","21.750402000","881","296","23.52.120.63","443","10.0.0.2","57552","244","73465","826"
"22.417521","22.417521000","22.063023000","882","52","10.0.0.2","57552","23.52.120.63","443","0","826","73709"
"22.418167","22.418167000","22.063669000","883","296","23.52.120.63","443","10.0.0.2","57552","244","73709","826"
"22.729785","22.729785000","22.375287000","884","52","10.0.0.2","57552","23.52.120.63","443","0","826","73953"
"22.730345","22.730345000","22.375847000","885","296","23.52.120.63","443","10.0.0.2","57552","244","73953","826"
"23.042969","23.042969000","22.688471000","886","52","10.0.0.2","57552","23.52.120.63","443","0","826","74197"
"23.043582","23.043582000","22.689084000","887","296","23.52.120.63","443","10.0.0.2","57552","244","74197","826"
"23.354254","23.354254000","22.999756000","888","52","10.0.0.2","57552","23.52.120.63","443","0","826","74441"
"23.354838","23.354838000","23.000340000","889","296","23.52.120.63","443","10.0.0.2","57552","244","74441","826"
"23.667483","23.667483000","23.312985000","890","52","10.0.0.2","57552","23.52.120.63","443","0","826","74685"
"23.668071","23.668071000","23.313573000","891","296","23.52.120.63","443","10.0.0.2","57552","244","74685","826"
"23.979681","23.979681000","23.625183000","892","52","10.0.0.2","57552","23.52.120.63","443","0","826","74929"
"23.980339","23.980339000","23.625841000","893","296","23.52.120.63","443","10.0.0.2","57552","244","74929","826"
"24.292985","24.292985000","23.938487000","894","52","10.0.0.2","57552","23.52.120.63","443","0","826","75173"
"24.293547","24.293547000","23.939049000","895","296","23.52.120.63","443","10.0.0.2","57552","244","75173","826"
"24.604252","24.604252000","24.249754000","896","52","10.0.0.2","57552","23.52.120.63","443","0","826","75417"
"24.604819","24.604819000","24.250321000","897","296","23.52.120.63","443","10.0.0.2","57552","244","75417","826"
"24.917469","24.917469000","24.562971000","898","52","10.0.0.2","57552","23.52.120.63","443","0","826","75661"
"24.918054","24.918054000","24.563556000","899","296","23.52.120.63","443","10.0.0.2","57552","244","75661","826"
"25.229649","25.229649000","24.875151000","900","52","10.0.0.2","57552","23.52.120.63","443","0","826","83957"
"25.230529","25.230529000","24.876031000","901","296","23.52.120.63","443","10.0.0.2","57552","244","83957","826"
"25.230573","25.230573000","24.876075000","902","296","23.52.120.63","443","10.0.0.2","57552","244","105917","826"
"25.230636","25.230636000","24.876138000","903","296","23.52.120.63","443","10.0.0.2","57552","244","106161","826"
"25.230655","25.230655000","24.876157000","904","296","23.52.120.63","443","10.0.0.2","57552","244","106405","826"
"25.230709","25.230709000","24.876211000","905","296","23.52.120.63","443","10.0.0.2","57552","244","106649","826"
"25.230722","25.230722000","24.876224000","906","296","23.52.120.63","443","10.0.0.2","57552","244","106893","826"
"25.230768","25.230768000","24.876270000","907","296","23.52.120.63","443","10.0.0.2","57552","244","107137","826"
"25.230779","25.230779000","24.876281000","908","296","23.52.120.63","443","10.0.0.2","57552","244","107381","826"
"25.230824","25.230824000","24.876326000","909","296","23.52.120.63","443","10.0.0.2","57552","244","107625","826"
"25.230837","25.230837000","24.876339000","910","296","23.52.120.63","443","10.0.0.2","57552","244","107869","826"
"25.230883","25.230883000","24.876385000","911","296","23.52.120.63","443","10.0.0.2","57552","244","108113","826"
"25.230896","25.230896000","24.876398000","912","296","23.52.120.63","443","10.0.0.2","57552","244","108357","826"
"25.230983","25.230983000","24.876485000","913","296","23.52.120.63","443","10.0.0.2","57552","244","108601","826"
"25.230999","25.230999000","24.876501000","914","296","23.52.120.63","443","10.0.0.2","57552","244","108845","826"
"25.231044","25.231044000","24.876546000","915","296","23.52.120.63","443","10.0.0.2","57552","244","109089","826"
"25.231056","25.231056000","24.876558000","916","296","23.52.120.63","443","10.0.0.2","57552","244","109333","826"
"25.231100","25.231100000","24.876602000","917","296","23.52.120.63","443","10.0.0.2","57552","244","109577","826"
"25.231112","25.231112000","24.876614000","918","296","23.52.120.63","443","10.0.0.2","57552","244","109821","826"
"25.231156","25.231156000","24.876658000","919","296","23.52.120.63","443","10.0.0.2","57552","244","110065","826"
"25.231169","25.231169000","24.876671000","920","296","23.52.120.63","443","10.0.0.2","57552","244","110309","826"
"25.231214","25.231214000","24.876716000","921","296","23.52.120.63","443","10.0.0.2","57552","244","110553","826"
"25.231231","25.231231000","24.876733000","922","296","23.52.120.63","443","10.0.0.2","57552","244","110797","826"
"25.231279","25.231279000","24.876781000","923","296","23.52.120.63","443","10.0.0.2","57552","244","111041","826"
"25.231293","25.231293000","24.876795000","924","296","23.52.120.63","443","10.0.0.2","57552","244","111285","826"
"25.231338","25.231338000","24.876840000","925","296","23.52.120.63","443","10.0.0.2","57552","244","111529","826"
"25.231349","25.231349000","24.876851000","926","296","23.52.120.63","443","10.0.0.2","57552","244","111773","826"
"25.231382","25.231382000","24.876884000","927","296","23.52.120.63","443","10.0.0.2","57552","244","112017","826"
"25.542976","25.542976000","25.188478000","928","52","10.0.0.2","57552","23.52.120.63","443","0","826","84201"
"25.543017","25.543017000","25.188519000","929","52","10.0.0.2","57552","23.52.120.63","443","0","826","84201"
"25.543034","25.543034000","25.188536000","930","52","10.0.0.2","57552","23.52.120.63","443","0","826","84201"
"25.543051","25.543051000","25.188553000","931","52","10.0.0.2","57552","23.52.120.63","443","0","826","84201"
"25.543068","25.543068000","25.188570000","932","52","10.0.0.2","57552","23.52.120.63","443","0","826","84201"
"25.543549","25.543549000","25.189051000","933","296","23.52.120.63","443","10.0.0.2","57552","244","84201","826"
"25.543586","25.543586000","25.189088000","934","296","23.52.120.63","443","10.0.0.2","57552","244","112261","826"
"25.543640","25.543640000","25.189142000","935","296","23.52.120.63","443","10.0.0.2","57552","244","112505","826"
"25.543651","25.543651000","25.189153000","936","296","23.52.120.63","443","10.0.0.2","57552","244","112749","826"
"25.543697","25.543697000","25.189199000","937","296","23.52.120.63","443","10.0.0.2","57552","244","112993","826"
"25.543708","25.543708000","25.189210000","938","296","23.52.120.63","443","10.0.0.2","57552","244","113237","826"
"25.605016","25.605016000","25.250518000","939","52","10.0.0.2","57552","23.52.120.63","443","0","826","84201"
"25.605045","25.605045000","25.250547000","940","52","10.0.0.2","57552","23.52.120.63","443","0","826","84201"
"25.605062","25.605062000","25.250564000","941","52","10.0.0.2","57552","23.52.120.63","443","0","826","84201"
"25.605079","25.605079000","25.250581000","942","52","10.0.0.2","57552","23.52.120.63","443","0","826","84201"
"25.605096","25.605096000","25.250598000","943","52","10.0.0.2","57552","23.52.120.63","443","0","826","84201"
"25.605488","25.605488000","25.250990000","944","296","23.52.120.63","443","10.0.0.2","57552","244","113481","826"
"25.605525","25.605525000","25.251027000","945","296","23.52.120.63","443","10.0.0.2","57552","244","113725","826"
"25.605580","25.605580000","25.251082000","946","296","23.52.120.63","443","10.0.0.2","57552","244","113969","826"
"25.605592","25.605592000","25.251094000","947","296","23.52.120.63","443","10.0.0.2","57552","244","114213","826"
"25.605625","25.605625000","25.251127000","948","296","23.52.120.63","443","10.0.0.2","57552","244","114457","826"
"25.667351","25.667351000","25.312853000","949","52","10.0.0.2","57552","23.52.120.63","443","0","826","84201"
"25.667380","25.667380000","25.312882000","950","52","10.0.0.2","57552","23.52.120.63","443","0","826","84201"
"25.667399","25.667399000","25.312901000","951","52","10.0.0.2","57552","23.52.120.63","443","0","826","84201"
"25.667414","25.667414000","25.312916000","952","52","10.0.0.2","57552","23.52.120.63","443","0","826","84201"
"25.667428","25.667428000","25.312930000","953","52","10.0.0.2","57552","23.52.120.63","443","0","826","84201"
"25.667854","25.667854000","25.313356000","954","296","23.52.120.63","443","10.0.0.2","57552","244","114701","826"
"25.667887","25.667887000","25.313389000","955","296","23.52.120.63","443","10.0.0.2","57552","244","114945","826"
"25.667970","25.667970000","25.313472000","956","296","23.52.120.63","443","10.0.0.2","57552","244","115189","826"
"25.667984","25.667984000","25.313486000","957","296","23.52.120.63","443","10.0.0.2","57552","244","115433","826"
"25.668018","25.668018000","25.313520000","958","296","23.52.120.63","443","10.0.0.2","57552","244","115677","826"
"25.729329","25.729329000","25.374831000","959","52","10.0.0.2","57552","23.52.120.63","443","0","826","84201"
"25.729361","25.729361000","25.374863000","960","52","10.0.0.2","57552","23.52.120.63","443","0","826","84201"
"25.729381","25.729381000","25.374883000","961","52","10.0.0.2","57552","23.52.120.63","443","0","826","84201"
"25.729398","25.729398000","25.374900000","962","52","10.0.0.2","57552","23.52.120.63","443","0","826","84201"
"25.729414","25.729414000","25.374916000","963","52","10.0.0.2","57552","23.52.120.63","443","0","826","84201"
"25.729826","25.729826000","25.375328000","964","296","23.52.120.63","443","10.0.0.2","57552","244","115921","826"
"25.729903","25.729903000","25.375405000","965","296","23.52.120.63","443","10.0.0.2","57552","244","116165","826"
"25.729947","25.729947000","25.375449000","966","296","23.52.120.63","443","10.0.0.2","57552","244","116409","826"
"25.729995","25.729995000","25.375497000","967","296","23.52.120.63","443","10.0.0.2","57552","244","116653","826"
"25.730007","25.730007000","25.375509000","968","296","23.52.120.63","443","10.0.0.2","57552","244","116897","826"
"25.792256","25.792256000","25.437758000","969","52","10.0.0.2","57552","23.52.120.63","443","0","826","84201"
"25.792284","25.792284000","25.437786000","970","52","10.0.0.2","57552","23.52.120.63","443","0","826","84201"
"25.792305","25.792305000","25.437807000","971","52","10.0.0.2","57552","23.52.120.63","443","0","826","84201"
"25.792322","25.792322000","25.437824000","972","52","10.0.0.2","57552","23.52.120.63","443","0","826","84201"
"25.792341","25.792341000","25.437843000","973","52","10.0.0.2","57552","23.52.120.63","443","0","826","84201"
"25.792798","25.792798000","25.438300000","974","296","23.52.120.63","443","10.0.0.2","57552","244","117141","826"
"25.792835","25.792835000","25.438337000","975","296","23.52.120.63","443","10.0.0.2","57552","244","117385","826"
"25.792886","25.792886000","25.438388000","976","296","23.52.120.63","443","10.0.0.2","57552","244","117629","826"
"25.792898","25.792898000","25.438400000","977","296","23.52.120.63","443","10.0.0.2","57552","244","117873","826"
"25.854683","25.854683000","25.500185000","978","52","10.0.0.2","57552","23.52.120.63","443","0","826","84201"
"25.854713","25.854713000","25.500215000","979","52","10.0.0.2","57552","23.52.120.63","443","0","826","84201"
"25.854731","25.854731000","25.500233000","980","52","10.0.0.2","57552","23.52.120.63","443","0","826","84445"
"25.854744","25.854744000","25.500246000","981","52","10.0.0.2","57552","23.52.120.63","443","0","826","84445"
"25.854756","25.854756000","25.500258000","982","52","10.0.0.2","57552","23.52.120.63","443","0","826","84445"
"25.855285","25.855285000","25.500787000","983","296","23.52.120.63","443","10.0.0.2","57552","244","84445","826"
"25.917557","25.917557000","25.563059000","984","52","10.0.0.2","57552","23.52.120.63","443","0","826","84445"
"25.917587","25.917587000","25.563089000","985","52","10.0.0.2","57552","23.52.120.63","443","0","826","84445"
"25.917607","25.917607000","25.563109000","986","52","10.0.0.2","57552","23.52.120.63","443","0","826","84445"
"25.917626","25.917626000","25.563128000","987","52","10.0.0.2","57552","23.52.120.63","443","0","826","84445"
"25.917644","25.917644000","25.563146000","988","52","10.0.0.2","57552","23.52.120.63","443","0","826","84445"
"25.979599","25.979599000","25.625101000","989","52","10.0.0.2","57552","23.52.120.63","443","0","826","84445"
"25.979628","25.979628000","25.625130000","990","52","10.0.0.2","57552","23.52.120.63","443","0","826","84445"
"25.979647","25.979647000","25.625149000","991","52","10.0.0.2","57552","23.52.120.63","443","0","826","84445"
"25.979661","25.979661000","25.625163000","992","52","10.0.0.2","57552","23.52.120.63","443","0","826","84445"
"25.979676","25.979676000","25.625178000","993","52","10.0.0.2","57552","23.52.120.63","443","0","826","84445"
"26.043101","26.043101000","25.688603000","994","52","10.0.0.2","57552","23.52.120.63","443","0","826","84445"
"26.043130","26.043130000","25.688632000","995","52","10.0.0.2","57552","23.52.120.63","443","0","826","84445"
"26.043148","26.043148000","25.688650000","996","52","10.0.0.2","57552","23.52.120.63","443","0","826","84445"
"26.043163","26.043163000","25.688665000","997","52","10.0.0.2","57552","23.52.120.63","443","0","826","84445"
"26.043178","26.043178000","25.688680000","998","52","10.0.0.2","57552","23.52.120.63","443","0","826","84445"
"26.104206","26.104206000","25.749708000","999","52","10.0.0.2","57552","23.52.120.63","443","0","826","84445"
"26.104237","26.104237000","25.749739000","1000","52","10.0.0.2","57552","23.52.120.63","443","0","826","84445"
"26.104255","26.104255000","25.749757000","1001","52","10.0.0.2","57552","23.52.120.63","443","0","826","84445"
"26.104270","26.104270000","25.749772000","1002","52","10.0.0.2","57552","23.52.120.63","443","0","826","84445"
"26.104286","26.104286000","25.749788000","1003","52","10.0.0.2","57552","23.52.120.63","443","0","826","84445"
"26.167449","26.167449000","25.812951000","1004","52","10.0.0.2","57552","23.52.120.63","443","0","826","84445"
"26.167483","26.167483000","25.812985000","1005","52","10.0.0.2","57552","23.52.120.63","443","0","826","84445"
"26.167504","26.167504000","25.813006000","1006","52","10.0.0.2","57552","23.52.120.63","443","0","826","84689"
"26.168080","26.168080000","25.813582000","1007","296","23.52.120.63","443","10.0.0.2","57552","244","84689","826"
"26.479681","26.479681000","26.125183000","1008","52","10.0.0.2","57552","23.52.120.63","443","0","826","84933"
"26.480287","26.480287000","26.125789000","1009","296","23.52.120.63","443","10.0.0.2","57552","244","84933","826"
"26.792888","26.792888000","26.438390000","1010","52","10.0.0.2","57552","23.52.120.63","443","0","826","85177"
"26.793355","26.793355000","26.438857000","1011","296","23.52.120.63","443","10.0.0.2","57552","244","85177","826"
"27.104144","27.104144000",,"1012","48",,,,,,,
"27.104900","27.104900000","26.750402000","1013","52","10.0.0.2","57552","23.52.120.63","443","0","826","85421"
"27.105500","27.105500000","26.751002000","1014","296","23.52.120.63","443","10.0.0.2","57552","244","85421","826"
"27.417146","27.417146000","27.062648000","1015","52","10.0.0.2","57552","23.52.120.63","443","0","826","85665"
"27.417669","27.417669000","27.063171000","1016","296","23.52.120.63","443","10.0.0.2","57552","244","85665","826"
"27.729229","27.729229000","27.374731000","1017","52","10.0.0.2","57552","23.52.120.63","443","0","826","85909"
"27.729825","27.729825000","27.375327000","1018","296","23.52.120.63","443","10.0.0.2","57552","244","85909","826"
"28.042472","28.042472000","27.687974000","1019","52","10.0.0.2","57552","23.52.120.63","443","0","826","86153"
"28.043128","28.043128000","27.688630000","1020","296","23.52.120.63","443","10.0.0.2","57552","244","86153","826"
"28.354235","28.354235000","27.999737000","1021","52","10.0.0.2","57552","23.52.120.63","443","0","826","86397"
"28.354901","28.354901000","28.000403000","1022","296","23.52.120.63","443","10.0.0.2","57552","244","86397","826"
"28.667520","28.667520000","28.313022000","1023","52","10.0.0.2","57552","23.52.120.63","443","0","826","86641"
"28.668130","28.668130000","28.313632000","1024","296","23.52.120.63","443","10.0.0.2","57552","244","86641","826"
"28.979750","28.979750000","28.625252000","1025","52","10.0.0.2","57552","23.52.120.63","443","0","826","86885"
"28.980387","28.980387000","28.625889000","1026","296","23.52.120.63","443","10.0.0.2","57552","244","86885","826"
"29.152010","29.152010000",,"1027","48",,,,,,,
"29.293054","29.293054000","28.938556000","1028","52","10.0.0.2","57552","23.52.120.63","443","0","826","87129"
"29.293693","29.293693000","28.939195000","1029","296","23.52.120.63","443","10.0.0.2","57552","244","87129","826"
"29.604296","29.604296000","29.249798000","1030","52","10.0.0.2","57552","23.52.120.63","443","0","826","87373"
"29.604965","29.604965000","29.250467000","1031","296","23.52.120.63","443","10.0.0.2","57552","244","87373","826"
"29.917567","29.917567000","29.563069000","1032","52","10.0.0.2","57552","23.52.120.63","443","0","826","87617"
"29.918241","29.918241000","29.563743000","1033","296","23.52.120.63","443","10.0.0.2","57552","244","87617","826"
"30.229540","30.229540000","29.875042000","1034","52","10.0.0.2","57552","23.52.120.63","443","0","826","87861"
"30.230041","30.230041000","29.875543000","1035","296","23.52.120.63","443","10.0.0.2","57552","244","87861","826"
"30.542655","30.542655000","30.188157000","1036","52","10.0.0.2","57552","23.52.120.63","443","0","826","88105"
"30.543329","30.543329000","30.188831000","1037","296","23.52.120.63","443","10.0.0.2","57552","244","88105","826"
"30.854968","30.854968000","30.500470000","1038","52","10.0.0.2","57552","23.52.120.63","443","0","826","88349"
"30.855612","30.855612000","30.501114000","1039","296","23.52.120.63","443","10.0.0.2","57552","244","88349","826"
"31.167268","31.167268000","30.812770000","1040","52","10.0.0.2","57552","23.52.120.63","443","0","826","88593"
"31.167760","31.167760000","30.813262000","1041","296","23.52.120.63","443","10.0.0.2","57552","244","88593","826"
"31.479321","31.479321000","31.124823000","1042","52","10.0.0.2","57552","23.52.120.63","443","0","826","88837"
"31.479995","31.479995000","31.125497000","1043","296","23.52.120.63","443","10.0.0.2","57552","244","88837","826"
"31.792632","31.792632000","31.438134000","1044","52","10.0.0.2","57552","23.52.120.63","443","0","826","89081"
"31.793293","31.793293000","31.438795000","1045","296","23.52.120.63","443","10.0.0.2","57552","244","89081","826"
"32.104951","32.104951000","31.750453000","1046","52","10.0.0.2","57552","23.52.120.63","443","0","826","118117"
"32.106053","32.106053000","31.751555000","1047","296","23.52.120.63","443","10.0.0.2","57552","244","118117","826"
"32.106098","32.106098000","31.751600000","1048","296","23.52.120.63","443","10.0.0.2","57552","244","118361","826"
"32.106150","32.106150000","31.751652000","1049","296","23.52.120.63","443","10.0.0.2","57552","244","118605","826"
"32.106162","32.106162000","31.751664000","1050","296","23.52.120.63","443","10.0.0.2","57552","244","118849","826"
"32.106207","32.106207000","31.751709000","1051","296","23.52.120.63","443","10.0.0.2","57552","244","119093","826"
"32.106219","32.106219000","31.751721000","1052","296","23.52.120.63","443","10.0.0.2","57552","244","119337","826"
"32.106265","32.106265000","31.751767000","1053","296","23.52.120.63","443","10.0.0.2","57552","244","119581","826"
"32.106277","32.106277000","31.751779000","1054","296","23.52.120.63","443","10.0.0.2","57552","244","119825","826"
"32.106323","32.106323000","31.751825000","1055","296","23.52.120.63","443","10.0.0.2","57552","244","120069","826"
"32.106335","32.106335000","31.751837000","1056","296","23.52.120.63","443","10.0.0.2","57552","244","120313","826"
"32.106381","32.106381000","31.751883000","1057","296","23.52.120.63","443","10.0.0.2","57552","244","120557","826"
"32.106395","32.106395000","31.751897000","1058","296","23.52.120.63","443","10.0.0.2","57552","244","120801","826"
"32.106440","32.106440000","31.751942000","1059","296","23.52.120.63","443","10.0.0.2","57552","244","121045","826"
"32.106452","32.106452000","31.751954000","1060","296","23.52.120.63","443","10.0.0.2","57552","244","121289","826"
"32.106497","32.106497000","31.751999000","1061","296","23.52.120.63","443","10.0.0.2","57552","244","121533","826"
"32.106510","32.106510000","31.752012000","1062","296","23.52.120.63","443","10.0.0.2","57552","244","121777","826"
"32.106555","32.106555000","31.752057000","1063","296","23.52.120.63","443","10.0.0.2","57552","244","122021","826"
"32.106566","32.106566000","31.752068000","1064","296","23.52.120.63","443","10.0.0.2","57552","244","122265","826"
"32.106612","32.106612000","31.752114000","1065","296","23.52.120.63","443","10.0.0.2","57552","244","122509","826"
"32.106625","32.106625000","31.752127000","1066","296","23.52.120.63","443","10.0.0.2","57552","244","122753","826"
"32.106674","32.106674000","31.752176000","1067","296","23.52.120.63","443","10.0.0.2","57552","244","122997","826"
"32.106685","32.106685000","31.752187000","1068","296","23.52.120.63","443","10.0.0.2","57552","244","123241","826"
"32.106730","32.106730000","31.752232000","1069","296","23.52.120.63","443","10.0.0.2","57552","244","123485","826"
"32.106747","32.106747000","31.752249000","1070","296","23.52.120.63","443","10.0.0.2","57552","244","123729","826"
"32.106792","32.106792000","31.752294000","1071","296","23.52.120.63","443","10.0.0.2","57552","244","123973","826"
"32.106805","32.106805000","31.752307000","1072","296","23.52.120.63","443","10.0.0.2","57552","244","124217","826"
"32.106852","32.106852000","31.752354000","1073","296","23.52.120.63","443","10.0.0.2","57552","244","124461","826"
"32.106866","32.106866000","31.752368000","1074","296","23.52.120.63","443","10.0.0.2","57552","244","124705","826"
"32.106935","32.106935000","31.752437000","1075","296","23.52.120.63","443","10.0.0.2","57552","244","124949","826"
"32.106948","32.106948000","31.752450000","1076","296","23.52.120.63","443","10.0.0.2","57552","244","125193","826"
"32.106994","32.106994000","31.752496000","1077","296","23.52.120.63","443","10.0.0.2","57552","244","125437","826"
"32.107007","32.107007000","31.752509000","1078","296","23.52.120.63","443","10.0.0.2","57552","244","125681","826"
"32.107052","32.107052000","31.752554000","1079","296","23.52.120.63","443","10.0.0.2","57552","244","125925","826"
"32.107063","32.107063000","31.752565000","1080","296","23.52.120.63","443","10.0.0.2","57552","244","126169","826"
"32.107107","32.107107000","31.752609000","1081","296","23.52.120.63","443","10.0.0.2","57552","244","126413","826"
"32.107119","32.107119000","31.752621000","1082","296","23.52.120.63","443","10.0.0.2","57552","244","126657","826"
"32.107164","32.107164000","31.752666000","1083","296","23.52.120.63","443","10.0.0.2","57552","244","126901","826"
"32.107177","32.107177000","31.752679000","1084","296","23.52.120.63","443","10.0.0.2","57552","244","127145","826"
"32.107222","32.107222000","31.752724000","1085","296","23.52.120.63","443","10.0.0.2","57552","244","127389","826"
"32.107233","32.107233000","31.752735000","1086","296","23.52.120.63","443","10.0.0.2","57552","244","127633","826"
"32.107278","32.107278000","31.752780000","1087","296","23.52.120.63","443","10.0.0.2","57552","244","127877","826"
"32.107290","32.107290000","31.752792000","1088","296","23.52.120.63","443","10.0.0.2","57552","244","128121","826"
"32.107335","32.107335000","31.752837000","1089","296","23.52.120.63","443","10.0.0.2","57552","244","128365","826"
"32.107348","32.107348000","31.752850000","1090","296","23.52.120.63","443","10.0.0.2","57552","244","128609","826"
"32.107392","32.107392000","31.752894000","1091","296","23.52.120.63","443","10.0.0.2","57552","244","128853","826"
"32.107405","32.107405000","31.752907000","1092","296","23.52.120.63","443","10.0.0.2","57552","244","129097","826"
"32.107450","32.107450000","31.752952000","1093","296","23.52.120.63","443","10.0.0.2","57552","244","129341","826"
"32.107463","32.107463000","31.752965000","1094","296","23.52.120.63","443","10.0.0.2","57552","244","129585","826"
"32.107507","32.107507000","31.753009000","1095","296","23.52.120.63","443","10.0.0.2","57552","244","129829","826"
"32.107519","32.107519000","31.753021000","1096","296","23.52.120.63","443","10.0.0.2","57552","244","130073","826"
"32.418039","32.418039000","32.063541000","1097","52","10.0.0.2","57552","23.52.120.63","443","0","826","118605"
"32.418075","32.418075000","32.063577000","1098","52","10.0.0.2","57552","23.52.120.63","443","0","826","119093"
"32.418094","32.418094000","32.063596000","1099","52","10.0.0.2","57552","23.52.120.63","443","0","826","119337"
"32.418605","32.418605000","32.064107000","1100","296","23.52.120.63","443","10.0.0.2","57552","244","130317","826"
"32.418644","32.418644000","32.064146000","1101","296","23.52.120.63","443","10.0.0.2","57552","244","130561","826"
"32.418693","32.418693000","32.064195000","1102","296","23.52.120.63","443","10.0.0.2","57552","244","130805","826"
"32.418705","32.418705000","32.064207000","1103","296","23.52.120.63","443","10.0.0.2","57552","244","131049","826"
"32.418751","32.418751000","32.064253000","1104","296","23.52.120.63","443","10.0.0.2","57552","244","131293","826"
"32.418764","32.418764000","32.064266000","1105","296","23.52.120.63","443","10.0.0.2","57552","244","131537","826"
"32.479395","32.479395000","32.124897000","1106","52","10.0.0.2","57552","23.52.120.63","443","0","826","119581"
"32.479426","32.479426000","32.124928000","1107","52","10.0.0.2","57552","23.52.120.63","443","0","826","119825"
"32.479445","32.479445000","32.124947000","1108","52","10.0.0.2","57552","23.52.120.63","443","0","826","120069"
"32.479460","32.479460000","32.124962000","1109","52","10.0.0.2","57552","23.52.120.63","443","0","826","120313"
"32.479473","32.479473000","32.124975000","1110","52","10.0.0.2","57552","23.52.120.63","443","0","826","120557"
"32.480011","32.480011000","32.125513000","1111","296","23.52.120.63","443","10.0.0.2","57552","244","131781","826"
"32.480045","32.480045000","32.125547000","1112","296","23.52.120.63","443","10.0.0.2","57552","244","132025","826"
"32.480093","32.480093000","32.125595000","1113","296","23.52.120.63","443","10.0.0.2","57552","244","132269","826"
"32.480105","32.480105000","32.125607000","1114","296","23.52.120.63","443","10.0.0.2","57552","244","132513","826"
"32.480139","32.480139000","32.125641000","1115","296","23.52.120.63","443","10.0.0.2","57552","244","132757","826"
"32.542614","32.542614000","32.188116000","1116","52","10.0.0.2","57552","23.52.120.63","443","0","826","120801"
"32.542644","32.542644000","32.188146000","1117","52","10.0.0.2","57552","23.52.120.63","443","0","826","121045"
"32.542663","32.542663000","32.188165000","1118","52","10.0.0.2","57552","23.52.120.63","443","0","826","121289"
"32.542678","32.542678000","32.188180000","1119","52","10.0.0.2","57552","23.52.120.63","443","0","826","121533"
"32.542689","32.542689000","32.188191000","1120","52","10.0.0.2","57552","23.52.120.63","443","0","826","121777"
"32.543170","32.543170000","32.188672000","1121","296","23.52.120.63","443","10.0.0.2","57552","244","133001","826"
"32.543207","32.543207000","32.188709000","1122","296","23.52.120.63","443","10.0.0.2","57552","244","133245","826"
"32.543257","32.543257000","32.188759000","1123","296","23.52.120.63","443","10.0.0.2","57552","244","133489","826"
"32.543269","32.543269000","32.188771000","1124","296","23.52.120.63","443","10.0.0.2","57552","244","133733","826"
"32.543315","32.543315000","32.188817000","1125","296","23.52.120.63","443","10.0.0.2","57552","244","133977","826"
"32.543326","32.543326000","32.188828000","1126","296","23.52.120.63","443","10.0.0.2","57552","244","134221","826"
"32.604568","32.604568000","32.250070000","1127","52","10.0.0.2","57552","23.52.120.63","443","0","826","122021"
"32.604599","32.604599000","32.250101000","1128","52","10.0.0.2","57552","23.52.120.63","443","0","826","122265"
"32.604619","32.604619000","32.250121000","1129","52","10.0.0.2","57552","23.52.120.63","443","0","826","122509"
"32.604635","32.604635000","32.250137000","1130","52","10.0.0.2","57552","23.52.120.63","443","0","826","122753"
"32.604653","32.604653000","32.250155000","1131","52","10.0.0.2","57552","23.52.120.63","443","0","826","122997"
"32.605140","32.605140000","32.250642000","1132","296","23.52.120.63","443","10.0.0.2","57552","244","134465","826"
"32.605176","32.605176000","32.250678000","1133","296","23.52.120.63","443","10.0.0.2","57552","244","134709","826"
"32.605226","32.605226000","32.250728000","1134","296","23.52.120.63","443","10.0.0.2","57552","244","134953","826"
"32.605238","32.605238000","32.250740000","1135","296","23.52.120.63","443","10.0.0.2","57552","244","135197","826"
"32.605271","32.605271000","32.250773000","1136","296","23.52.120.63","443","10.0.0.2","57552","244","135441","826"
"32.667773","32.667773000","32.313275000","1137","52","10.0.0.2","57552","23.52.120.63","443","0","826","123241"
"32.667805","32.667805000","32.313307000","1138","52","10.0.0.2","57552","23.52.120.63","443","0","826","123485"
"32.667822","32.667822000","32.313324000","1139","52","10.0.0.2","57552","23.52.120.63","443","0","826","123729"
"32.667836","32.667836000","32.313338000","1140","52","10.0.0.2","57552","23.52.120.63","443","0","826","123973"
"32.667849","32.667849000","32.313351000","1141","52","10.0.0.2","57552","23.52.120.63","443","0","826","124217"
"32.668248","32.668248000","32.313750000","1142","296","23.52.120.63","443","10.0.0.2","57552","244","135685","826"
"32.668338","32.668338000","32.313840000","1143","296","23.52.120.63","443","10.0.0.2","57552","244","135929","826"
"32.668353","32.668353000","32.313855000","1144","296","23.52.120.63","443","10.0.0.2","57552","244","136173","826"
"32.668398","32.668398000","32.313900000","1145","296","23.52.120.63","443","10.0.0.2","57552","244","136417","826"
"32.668409","32.668409000","32.313911000","1146","296","23.52.120.63","443","10.0.0.2","57552","244","136661","826"
"32.668446","32.668446000","32.313948000","1147","296","23.52.120.63","443","10.0.0.2","57552","244","136905","826"
"32.729906","32.729906000","32.375408000","1148","52","10.0.0.2","57552","23.52.120.63","443","0","826","124461"
"32.729974","32.729974000","32.375476000","1149","52","10.0.0.2","57552","23.52.120.63","443","0","826","124705"
"32.729988","32.729988000","32.375490000","1150","52","10.0.0.2","57552","23.52.120.63","443","0","826","124949"
"32.730000","32.730000000","32.375502000","1151","52","10.0.0.2","57552","23.52.120.63","443","0","826","125193"
"32.730012","32.730012000","32.375514000","1152","52","10.0.0.2","57552","23.52.120.63","443","0","826","125437"
"32.730448","32.730448000","32.375950000","1153","296","23.52.120.63","443","10.0.0.2","57552","244","137149","826"
"32.730485","32.730485000","32.375987000","1154","296","23.52.120.63","443","10.0.0.2","57552","244","137393","826"
"32.730537","32.730537000","32.376039000","1155","296","23.52.120.63","443","10.0.0.2","57552","244","137637","826"
"32.730549","32.730549000","32.376051000","1156","296","23.52.120.63","443","10.0.0.2","57552","244","137881","826"
"32.730583","32.730583000","32.376085000","1157","296","23.52.120.63","443","10.0.0.2","57552","244","138125","826"
"32.792941","32.792941000","32.438443000","1158","52","10.0.0.2","57552","23.52.120.63","443","0","826","125681"
"32.792980","32.792980000","32.438482000","1159","52","10.0.0.2","57552","23.52.120.63","443","0","826","125925"
"32.792997","32.792997000","32.438499000","1160","52","10.0.0.2","57552","23.52.120.63","443","0","826","126169"
"32.793015","32.793015000","32.438517000","1161","52","10.0.0.2","57552","23.52.120.63","443","0","826","126169"
"32.793032","32.793032000","32.438534000","1162","52","10.0.0.2","57552","23.52.120.63","443","0","826","126169"
"32.793490","32.793490000","32.438992000","1163","296","23.52.120.63","443","10.0.0.2","57552","244","138369","826"
"32.793529","32.793529000","32.439031000","1164","296","23.52.120.63","443","10.0.0.2","57552","244","138613","826"
"32.793579","32.793579000","32.439081000","1165","296","23.52.120.63","443","10.0.0.2","57552","244","138857","826"
"32.793591","32.793591000","32.439093000","1166","296","23.52.120.63","443","10.0.0.2","57552","244","139101","826"
"32.793637","32.793637000","32.439139000","1167","296","23.52.120.63","443","10.0.0.2","57552","244","139345","826"
"32.793648","32.793648000","32.439150000","1168","296","23.52.120.63","443","10.0.0.2","57552","244","139589","826"
"32.854158","32.854158000","32.499660000","1169","52","10.0.0.2","57552","23.52.120.63","443","0","826","126169"
"32.854188","32.854188000","32.499690000","1170","52","10.0.0.2","57552","23.52.120.63","443","0","826","126169"
"32.854204","32.854204000","32.499706000","1171","52","10.0.0.2","57552","23.52.120.63","443","0","826","126169"
"32.854218","32.854218000","32.499720000","1172","52","10.0.0.2","57552","23.52.120.63","443","0","826","126169"
"32.854231","32.854231000","32.499733000","1173","52","10.0.0.2","57552","23.52.120.63","443","0","826","126169"
"32.854726","32.854726000","32.500228000","1174","296","23.52.120.63","443","10.0.0.2","57552","244","126169","826"
"32.854763","32.854763000","32.500265000","1175","296","23.52.120.63","443","10.0.0.2","57552","244","139833","826"
"32.854812","32.854812000","32.500314000","1176","296","23.52.120.63","443","10.0.0.2","57552","244","140077","826"
"32.854823","32.854823000","32.500325000","1177","296","23.52.120.63","443","10.0.0.2","57552","244","140321","826"
"32.917382","32.917382000","32.562884000","1178","52","10.0.0.2","57552","23.52.120.63","443","0","826","126169"
"32.917414","32.917414000","32.562916000","1179","52","10.0.0.2","57552","23.52.120.63","443","0","826","126169"
"32.917434","32.917434000","32.562936000","1180","52","10.0.0.2","57552","23.52.120.63","443","0","826","126169"
"32.917450","32.917450000","32.562952000","1181","52","10.0.0.2","57552","23.52.120.63","443","0","826","126169"
"32.917466","32.917466000","32.562968000","1182","52","10.0.0.2","57552","23.52.120.63","443","0","826","126169"
"32.917954","32.917954000","32.563456000","1183","296","23.52.120.63","443","10.0.0.2","57552","244","140565","826"
"32.917989","32.917989000","32.563491000","1184","296","23.52.120.63","443","10.0.0.2","57552","244","140809","826"
"32.918027","32.918027000","32.563529000","1185","296","23.52.120.63","443","10.0.0.2","57552","244","141053","826"
"32.979451","32.979451000","32.624953000","1186","52","10.0.0.2","57552","23.52.120.63","443","0","826","126169"
"32.979482","32.979482000","32.624984000","1187","52","10.0.0.2","57552","23.52.120.63","443","0","826","126169"
"32.979502","32.979502000","32.625004000","1188","52","10.0.0.2","57552","23.52.120.63","443","0","826","126169"
"32.979519","32.979519000","32.625021000","1189","52","10.0.0.2","57552","23.52.120.63","443","0","826","126169"
"32.979534","32.979534000","32.625036000","1190","52","10.0.0.2","57552","23.52.120.63","443","0","826","126169"
"32.980017","32.980017000","32.625519000","1191","296","23.52.120.63","443","10.0.0.2","57552","244","141297","826"
"32.980053","32.980053000","32.625555000","1192","296","23.52.120.63","443","10.0.0.2","57552","244","141541","826"
"32.980103","32.980103000","32.625605000","1193","296","23.52.120.63","443","10.0.0.2","57552","244","141785","826"
"32.980115","32.980115000","32.625617000","1194","296","23.52.120.63","443","10.0.0.2","57552","244","142029","826"
"33.042669","33.042669000","32.688171000","1195","52","10.0.0.2","57552","23.52.120.63","443","0","826","126169"
"33.042699","33.042699000","32.688201000","1196","52","10.0.0.2","57552","23.52.120.63","443","0","826","126169"
"33.042716","33.042716000","32.688218000","1197","52","10.0.0.2","57552","23.52.120.63","443","0","826","126169"
"33.042728","33.042728000","32.688230000","1198","52","10.0.0.2","57552","23.52.120.63","443","0","826","126169"
"33.042740","33.042740000","32.688242000","1199","52","10.0.0.2","57552","23.52.120.63","443","0","826","126169"
"33.043212","33.043212000","32.688714000","1200","296","23.52.120.63","443","10.0.0.2","57552","244","142273","826"
"33.043247","33.043247000","32.688749000","1201","296","23.52.120.63","443","10.0.0.2","57552","244","142517","826"
"33.043284","33.043284000","32.688786000","1202","296","23.52.120.63","443","10.0.0.2","57552","244","142761","826"
"33.104724","33.104724000","32.750226000","1203","52","10.0.0.2","57552","23.52.120.63","443","0","826","126169"
"33.104756","33.104756000","32.750258000","1204","52","10.0.0.2","57552","23.52.120.63","443","0","826","126169"
"33.104777","33.104777000","32.750279000","1205","52","10.0.0.2","57552","23.52.120.63","443","0","826","126169"
"33.104796","33.104796000","32.750298000","1206","52","10.0.0.2","57552","23.52.120.63","443","0","826","126169"
"33.104811","33.104811000","32.750313000","1207","52","10.0.0.2","57552","23.52.120.63","443","0","826","126169"
"33.105294","33.105294000","32.750796000","1208","296","23.52.120.63","443","10.0.0.2","57552","244","143005","826"
"33.105328","33.105328000","32.750830000","1209","296","23.52.120.63","443","10.0.0.2","57552","244","143249","826"
"33.105380","33.105380000","32.750882000","1210","296","23.52.120.63","443","10.0.0.2","57552","244","143493","826"
"33.105392","33.105392000","32.750894000","1211","296","23.52.120.63","443","10.0.0.2","57552","244","143737","826"
"33.167799","33.167799000","32.813301000","1212","52","10.0.0.2","57552","23.52.120.63","443","0","826","126169"
"33.167833","33.167833000","32.813335000","1213","52","10.0.0.2","57552","23.52.120.63","443","0","826","126169"
"33.167852","33.167852000","32.813354000","1214","52","10.0.0.2","57552","23.52.120.63","443","0","826","126169"
"33.167870","33.167870000","32.813372000","1215","52","10.0.0.2","57552","23.52.120.63","443","0","826","126169"
"33.167885","33.167885000","32.813387000","1216","52","10.0.0.2","57552","23.52.120.63","443","0","826","126169"
"33.168369","33.168369000","32.813871000","1217","296","23.52.120.63","443","10.0.0.2","57552","244","143981","826"
"33.168405","33.168405000","32.813907000","1218","296","23.52.120.63","443","10.0.0.2","57552","244","144225","826"
"33.168443","33.168443000","32.813945000","1219","296","23.52.120.63","443","10.0.0.2","57552","244","144469","826"
"33.229993","33.229993000","32.875495000","1220","52","10.0.0.2","57552","23.52.120.63","443","0","826","126169"
"33.230023","33.230023000","32.875525000","1221","52","10.0.0.2","57552","23.52.120.63","443","0","826","126169"
"33.230035","33.230035000","32.875537000","1222","52","10.0.0.2","57552","23.52.120.63","443","0","826","126169"
"33.230047","33.230047000","32.875549000","1223","52","10.0.0.2","57552","23.52.120.63","443","0","826","126169"
"33.230059","33.230059000","32.875561000","1224","52","10.0.0.2","57552","23.52.120.63","443","0","826","126169"
"33.230545","33.230545000","32.876047000","1225","296","23.52.120.63","443","10.0.0.2","57552","244","144713","826"
"33.230580","33.230580000","32.876082000","1226","296","23.52.120.63","443","10.0.0.2","57552","244","144957","826"
"33.230618","33.230618000","32.876120000","1227","296","23.52.120.63","443","10.0.0.2","57552","244","145201","826"
"33.292151","33.292151000","32.937653000","1228","52","10.0.0.2","57552","23.52.120.63","443","0","826","126169"
"33.292180","33.292180000","32.937682000","1229","52","10.0.0.2","57552","23.52.120.63","443","0","826","126169"
"33.292198","33.292198000","32.937700000","1230","52","10.0.0.2","57552","23.52.120.63","443","0","826","126413"
"33.292211","33.292211000","32.937713000","1231","52","10.0.0.2","57552","23.52.120.63","443","0","826","126413"
"33.292225","33.292225000","32.937727000","1232","52","10.0.0.2","57552","23.52.120.63","443","0","826","126413"
"33.292735","33.292735000","32.938237000","1233","296","23.52.120.63","443","10.0.0.2","57552","244","145445","826"
"33.292772","33.292772000","32.938274000","1234","296","23.52.120.63","443","10.0.0.2","57552","244","145689","826"
"33.292822","33.292822000","32.938324000","1235","296","23.52.120.63","443","10.0.0.2","57552","244","126413","826"
"33.292834","33.292834000","32.938336000","1236","296","23.52.120.63","443","10.0.0.2","57552","244","145933","826"
"33.354341","33.354341000","32.999843000","1237","52","10.0.0.2","57552","23.52.120.63","443","0","826","126413"
"33.354371","33.354371000","32.999873000","1238","52","10.0.0.2","57552","23.52.120.63","443","0","826","126413"
"33.354388","33.354388000","32.999890000","1239","52","10.0.0.2","57552","23.52.120.63","443","0","826","126413"
"33.354403","33.354403000","32.999905000","1240","52","10.0.0.2","57552","23.52.120.63","443","0","826","126413"
"33.354420","33.354420000","32.999922000","1241","52","10.0.0.2","57552","23.52.120.63","443","0","826","126413"
"33.354877","33.354877000","33.000379000","1242","296","23.52.120.63","443","10.0.0.2","57552","244","146177","826"
"33.354958","33.354958000","33.000460000","1243","296","23.52.120.63","443","10.0.0.2","57552","244","146421","826"
"33.355002","33.355002000","33.000504000","1244","296","23.52.120.63","443","10.0.0.2","57552","244","146665","826"
"33.417494","33.417494000","33.062996000","1245","52","10.0.0.2","57552","23.52.120.63","443","0","826","126413"
"33.417523","33.417523000","33.063025000","1246","52","10.0.0.2","57552","23.52.120.63","443","0","826","126413"
"33.417539","33.417539000","33.063041000","1247","52","10.0.0.2","57552","23.52.120.63","443","0","826","126413"
"33.417553","33.417553000","33.063055000","1248","52","10.0.0.2","57552","23.52.120.63","443","0","826","126413"
"33.417567","33.417567000","33.063069000","1249","52","10.0.0.2","57552","23.52.120.63","443","0","826","126413"
"33.418027","33.418027000","33.063529000","1250","296","23.52.120.63","443","10.0.0.2","57552","244","146909","826"
"33.418062","33.418062000","33.063564000","1251","296","23.52.120.63","443","10.0.0.2","57552","244","147153","826"
"33.418113","33.418113000","33.063615000","1252","296","23.52.120.63","443","10.0.0.2","57552","244","147397","826"
"33.418124","33.418124000","33.063626000","1253","296","23.52.120.63","443","10.0.0.2","57552","244","147641","826"
"33.479639","33.479639000","33.125141000","1254","52","10.0.0.2","57552","23.52.120.63","443","0","826","126413"
"33.479662","33.479662000","33.125164000","1255","52","10.0.0.2","57552","23.52.120.63","443","0","826","126413"
"33.479674","33.479674000","33.125176000","1256","52","10.0.0.2","57552","23.52.120.63","443","0","826","126413"
"33.479687","33.479687000","33.125189000","1257","52","10.0.0.2","57552","23.52.120.63","443","0","826","126413"
"33.479701","33.479701000","33.125203000","1258","52","10.0.0.2","57552","23.52.120.63","443","0","826","126413"
"33.480150","33.480150000","33.125652000","1259","296","23.52.120.63","443","10.0.0.2","57552","244","147885","826"
"33.480172","33.480172000","33.125674000","1260","296","23.52.120.63","443","10.0.0.2","57552","244","148129","826"
"33.480222","33.480222000","33.125724000","1261","296","23.52.120.63","443","10.0.0.2","57552","244","148373","826"
"33.480234","33.480234000","33.125736000","1262","296","23.52.120.63","443","10.0.0.2","57552","244","148617","826"
"33.480267","33.480267000","33.125769000","1263","296","23.52.120.63","443","10.0.0.2","57552","244","148861","826"
"33.542627","33.542627000","33.188129000","1264","52","10.0.0.2","57552","23.52.120.63","443","0","826","126413"
"33.542656","33.542656000","33.188158000","1265","52","10.0.0.2","57552","23.52.120.63","443","0","826","126413"
"33.542674","33.542674000","33.188176000","1266","52","10.0.0.2","57552","23.52.120.63","443","0","826","126413"
"33.542691","33.542691000","33.188193000","1267","52","10.0.0.2","57552","23.52.120.63","443","0","826","126413"
"33.542707","33.542707000","33.188209000","1268","52","10.0.0.2","57552","23.52.120.63","443","0","826","126413"
"33.543213","33.543213000","33.188715000","1269","296","23.52.120.63","443","10.0.0.2","57552","244","149105","826"
"33.543238","33.543238000","33.188740000","1270","296","23.52.120.63","443","10.0.0.2","57552","244","149349","826"
"33.543288","33.543288000","33.188790000","1271","296","23.52.120.63","443","10.0.0.2","57552","244","149593","826"
"33.543300","33.543300000","33.188802000","1272","296","23.52.120.63","443","10.0.0.2","57552","244","149837","826"
"33.543333","33.543333000","33.188835000","1273","296","23.52.120.63","443","10.0.0.2","57552","244","150081","826"
"33.604868","33.604868000","33.250370000","1274","52","10.0.0.2","57552","23.52.120.63","443","0","826","126413"
"33.604897","33.604897000","33.250399000","1275","52","10.0.0.2","57552","23.52.120.63","443","0","826","126413"
"33.604954","33.604954000","33.250456000","1276","52","10.0.0.2","57552","23.52.120.63","443","0","826","126413"
"33.604971","33.604971000","33.250473000","1277","52","10.0.0.2","57552","23.52.120.63","443","0","826","126657"
"33.604984","33.604984000","33.250486000","1278","52","10.0.0.2","57552","23.52.120.63","443","0","826","126657"
"33.605490","33.605490000","33.250992000","1279","296","23.52.120.63","443","10.0.0.2","57552","244","150325","826"
"33.605512","33.605512000","33.251014000","1280","296","23.52.120.63","443","10.0.0.2","57552","244","150569","826"
"33.605561","33.605561000","33.251063000","1281","296","23.52.120.63","443","10.0.0.2","57552","244","150813","826"
"33.605573","33.605573000","33.251075000","1282","296","23.52.120.63","443","10.0.0.2","57552","244","126657","826"
"33.605618","33.605618000","33.251120000","1283","296","23.52.120.63","443","10.0.0.2","57552","244","151057","826"
"33.605629","33.605629000","33.251131000","1284","296","23.52.120.63","443","10.0.0.2","57552","244","151301","826"
"33.667933","33.667933000","33.313435000","1285","52","10.0.0.2","57552","23.52.120.63","443","0","826","126657"
"33.667981","33.667981000","33.313483000","1286","52","10.0.0.2","57552","23.52.120.63","443","0","826","126657"
"33.668001","33.668001000","33.313503000","1287","52","10.0.0.2","57552","23.52.120.63","443","0","826","126657"
"33.668404","33.668404000","33.313906000","1288","296","23.52.120.63","443","10.0.0.2","57552","244","151545","826"
"33.730006","33.730006000","33.375508000","1289","52","10.0.0.2","57552","23.52.120.63","443","0","826","126657"
"33.730035","33.730035000","33.375537000","1290","52","10.0.0.2","57552","23.52.120.63","443","0","826","126657"
"33.730051","33.730051000","33.375553000","1291","52","10.0.0.2","57552","23.52.120.63","443","0","826","126657"
"33.730063","33.730063000","33.375565000","1292","52","10.0.0.2","57552","23.52.120.63","443","0","826","126657"
"33.792428","33.792428000","33.437930000","1293","52","10.0.0.2","57552","23.52.120.63","443","0","826","126657"
"33.792458","33.792458000","33.437960000","1294","52","10.0.0.2","57552","23.52.120.63","443","0","826","126657"
"33.792475","33.792475000","33.437977000","1295","52","10.0.0.2","57552","23.52.120.63","443","0","826","126657"
"33.792490","33.792490000","33.437992000","1296","52","10.0.0.2","57552","23.52.120.63","443","0","826","126657"
"33.792504","33.792504000","33.438006000","1297","52","10.0.0.2","57552","23.52.120.63","443","0","826","126657"
"33.854241","33.854241000","33.499743000","1298","52","10.0.0.2","57552","23.52.120.63","443","0","826","126657"
"33.854271","33.854271000","33.499773000","1299","52","10.0.0.2","57552","23.52.120.63","443","0","826","126657"
"33.854288","33.854288000","33.499790000","1300","52","10.0.0.2","57552","23.52.120.63","443","0","826","126657"
"33.854303","33.854303000","33.499805000","1301","52","10.0.0.2","57552","23.52.120.63","443","0","826","126657"
"33.854316","33.854316000","33.499818000","1302","52","10.0.0.2","57552","23.52.120.63","443","0","826","126657"
"33.917360","33.917360000","33.562862000","1303","52","10.0.0.2","57552","23.52.120.63","443","0","826","126657"
"33.917391","33.917391000","33.562893000","1304","52","10.0.0.2","57552","23.52.120.63","443","0","826","126657"
"33.917409","33.917409000","33.562911000","1305","52","10.0.0.2","57552","23.52.120.63","443","0","826","126657"
"33.917424","33.917424000","33.562926000","1306","52","10.0.0.2","57552","23.52.120.63","443","0","826","126901"
"33.917438","33.917438000","33.562940000","1307","52","10.0.0.2","57552","23.52.120.63","443","0","826","126901"
"33.918002","33.918002000","33.563504000","1308","296","23.52.120.63","443","10.0.0.2","57552","244","126901","826"
"33.979590","33.979590000","33.625092000","1309","52","10.0.0.2","57552","23.52.120.63","443","0","826","126901"
"33.979618","33.979618000","33.625120000","1310","52","10.0.0.2","57552","23.52.120.63","443","0","826","126901"
"34.229641","34.229641000","33.875143000","1311","52","10.0.0.2","57552","23.52.120.63","443","0","826","127145"
"34.230100","34.230100000","33.875602000","1312","296","23.52.120.63","443","10.0.0.2","57552","244","127145","826"
"34.542700","34.542700000","34.188202000","1313","52","10.0.0.2","57552","23.52.120.63","443","0","826","127389"
"34.543331","34.543331000","34.188833000","1314","296","23.52.120.63","443","10.0.0.2","57552","244","127389","826"
"34.854972","34.854972000","34.500474000","1315","52","10.0.0.2","57552","23.52.120.63","443","0","826","127633"
"34.855528","34.855528000","34.501030000","1316","296","23.52.120.63","443","10.0.0.2","57552","244","127633","826"
"35.167200","35.167200000","34.812702000","1317","52","10.0.0.2","57552","23.52.120.63","443","0","826","127877"
"35.167702","35.167702000","34.813204000","1318","296","23.52.120.63","443","10.0.0.2","57552","244","127877","826"
"35.479268","35.479268000","35.124770000","1319","52","10.0.0.2","57552","23.52.120.63","443","0","826","128121"
"35.479787","35.479787000","35.125289000","1320","296","23.52.120.63","443","10.0.0.2","57552","244","128121","826"
"35.792338","35.792338000","35.437840000","1321","52","10.0.0.2","57552","23.52.120.63","443","0","826","128365"
"35.792948","35.792948000","35.438450000","1322","296","23.52.120.63","443","10.0.0.2","57552","244","128365","826"
"36.104554","36.104554000","35.750056000","1323","52","10.0.0.2","57552","23.52.120.63","443","0","826","128609"
"36.105030","36.105030000","35.750532000","1324","296","23.52.120.63","443","10.0.0.2","57552","244","128609","826"
"36.417634","36.417634000","36.063136000","1325","52","10.0.0.2","57552","23.52.120.63","443","0","826","128853"
"36.418154","36.418154000","36.063656000","1326","296","23.52.120.63","443","10.0.0.2","57552","244","128853","826"
"36.729798","36.729798000","36.375300000","1327","52","10.0.0.2","57552","23.52.120.63","443","0","826","129097"
"36.730362","36.730362000","36.375864000","1328","296","23.52.120.63","443","10.0.0.2","57552","244","129097","826"
"37.042991","37.042991000","36.688493000","1329","52","10.0.0.2","57552","23.52.120.63","443","0","826","129341"
"37.043757","37.043757000","36.689259000","1330","296","23.52.120.63","443","10.0.0.2","57552","244","129341","826"
"37.043785","37.043785000","36.689287000","1331","296","23.52.120.63","443","10.0.0.2","57552","244","151789","826"
"37.043835","37.043835000","36.689337000","1332","296","23.52.120.63","443","10.0.0.2","57552","244","152033","826"
"37.043847","37.043847000","36.689349000","1333","296","23.52.120.63","443","10.0.0.2","57552","244","152277","826"
"37.043892","37.043892000","36.689394000","1334","296","23.52.120.63","443","10.0.0.2","57552","244","152521","826"
"37.043903","37.043903000","36.689405000","1335","296","23.52.120.63","443","10.0.0.2","57552","244","152765","826"
"37.043980","37.043980000","36.689482000","1336","296","23.52.120.63","443","10.0.0.2","57552","244","153009","826"
"37.043992","37.043992000","36.689494000","1337","296","23.52.120.63","443","10.0.0.2","57552","244","153253","826"
"37.044036","37.044036000","36.689538000","1338","296","23.52.120.63","443","10.0.0.2","57552","244","153497","826"
"37.044047","37.044047000","36.689549000","1339","296","23.52.120.63","443","10.0.0.2","57552","244","153741","826"
"37.044092","37.044092000","36.689594000","1340","296","23.52.120.63","443","10.0.0.2","57552","244","153985","826"
"37.044106","37.044106000","36.689608000","1341","296","23.52.120.63","443","10.0.0.2","57552","244","154229","826"
"37.044150","37.044150000","36.689652000","1342","296","23.52.120.63","443","10.0.0.2","57552","244","154473","826"
"37.044167","37.044167000","36.689669000","1343","296","23.52.120.63","443","10.0.0.2","57552","244","154717","826"
"37.044211","37.044211000","36.689713000","1344","296","23.52.120.63","443","10.0.0.2","57552","244","154961","826"
"37.044226","37.044226000","36.689728000","1345","296","23.52.120.63","443","10.0.0.2","57552","244","155205","826"
"37.044271","37.044271000","36.689773000","1346","296","23.52.120.63","443","10.0.0.2","57552","244","155449","826"
"37.044282","37.044282000","36.689784000","1347","296","23.52.120.63","443","10.0.0.2","57552","244","155693","826"
"37.044327","37.044327000","36.689829000","1348","296","23.52.120.63","443","10.0.0.2","57552","244","155937","826"
"37.044340","37.044340000","36.689842000","1349","296","23.52.120.63","443","10.0.0.2","57552","244","156181","826"
"37.044384","37.044384000","36.689886000","1350","296","23.52.120.63","443","10.0.0.2","57552","244","156425","826"
"37.044395","37.044395000","36.689897000","1351","296","23.52.120.63","443","10.0.0.2","57552","244","156669","826"
"37.044439","37.044439000","36.689941000","1352","296","23.52.120.63","443","10.0.0.2","57552","244","156913","826"
"37.044450","37.044450000","36.689952000","1353","296","23.52.120.63","443","10.0.0.2","57552","244","157157","826"
"37.044494","37.044494000","36.689996000","1354","296","23.52.120.63","443","10.0.0.2","57552","244","157401","826"
"37.044507","37.044507000","36.690009000","1355","296","23.52.120.63","443","10.0.0.2","57552","244","157645","826"
"37.044556","37.044556000","36.690058000","1356","296","23.52.120.63","443","10.0.0.2","57552","244","157889","826"
"37.044569","37.044569000","36.690071000","1357","296","23.52.120.63","443","10.0.0.2","57552","244","158133","826"
"37.044614","37.044614000","36.690116000","1358","296","23.52.120.63","443","10.0.0.2","57552","244","158377","826"
"37.044626","37.044626000","36.690128000","1359","296","23.52.120.63","443","10.0.0.2","57552","244","158621","826"
"37.044671","37.044671000","36.690173000","1360","296","23.52.120.63","443","10.0.0.2","57552","244","158865","826"
"37.044682","37.044682000","36.690184000","1361","296","23.52.120.63","443","10.0.0.2","57552","244","159109","826"
"37.044726","37.044726000","36.690228000","1362","296","23.52.120.63","443","10.0.0.2","57552","244","159353","826"
"37.044737","37.044737000","36.690239000","1363","296","23.52.120.63","443","10.0.0.2","57552","244","159597","826"
"37.355031","37.355031000","37.000533000","1364","52","10.0.0.2","57552","23.52.120.63","443","0","826","129585"
"37.355061","37.355061000","37.000563000","1365","52","10.0.0.2","57552","23.52.120.63","443","0","826","129585"
"37.355077","37.355077000","37.000579000","1366","52","10.0.0.2","57552","23.52.120.63","443","0","826","129585"
"37.355090","37.355090000","37.000592000","1367","52","10.0.0.2","57552","23.52.120.63","443","0","826","129585"
"37.355103","37.355103000","37.000605000","1368","52","10.0.0.2","57552","23.52.120.63","443","0","826","129585"
"37.355660","37.355660000","37.001162000","1369","296","23.52.120.63","443","10.0.0.2","57552","244","129585","826"
"37.355683","37.355683000","37.001185000","1370","296","23.52.120.63","443","10.0.0.2","57552","244","159841","826"
"37.355732","37.355732000","37.001234000","1371","296","23.52.120.63","443","10.0.0.2","57552","244","160085","826"
"37.355744","37.355744000","37.001246000","1372","296","23.52.120.63","443","10.0.0.2","57552","244","160329","826"
"37.355789","37.355789000","37.001291000","1373","296","23.52.120.63","443","10.0.0.2","57552","244","160573","826"
"37.355801","37.355801000","37.001303000","1374","296","23.52.120.63","443","10.0.0.2","57552","244","160817","826"
"37.417306","37.417306000","37.062808000","1375","52","10.0.0.2","57552","23.52.120.63","443","0","826","129585"
"37.417338","37.417338000","37.062840000","1376","52","10.0.0.2","57552","23.52.120.63","443","0","826","129585"
"37.417358","37.417358000","37.062860000","1377","52","10.0.0.2","57552","23.52.120.63","443","0","826","129585"
"37.417372","37.417372000","37.062874000","1378","52","10.0.0.2","57552","23.52.120.63","443","0","826","129585"
"37.417384","37.417384000","37.062886000","1379","52","10.0.0.2","57552","23.52.120.63","443","0","826","129585"
"37.417892","37.417892000","37.063394000","1380","296","23.52.120.63","443","10.0.0.2","57552","244","161061","826"
"37.417946","37.417946000","37.063448000","1381","296","23.52.120.63","443","10.0.0.2","57552","244","161305","826"
"37.417997","37.417997000","37.063499000","1382","296","23.52.120.63","443","10.0.0.2","57552","244","161549","826"
"37.418008","37.418008000","37.063510000","1383","296","23.52.120.63","443","10.0.0.2","57552","244","161793","826"
"37.418043","37.418043000","37.063545000","1384","296","23.52.120.63","443","10.0.0.2","57552","244","162037","826"
"37.479675","37.479675000","37.125177000","1385","52","10.0.0.2","57552","23.52.120.63","443","0","826","129585"
"37.479704","37.479704000","37.125206000","1386","52","10.0.0.2","57552","23.52.120.63","443","0","826","129585"
"37.479722","37.479722000","37.125224000","1387","52","10.0.0.2","57552","23.52.120.63","443","0","826","129585"
"37.479737","37.479737000","37.125239000","1388","52","10.0.0.2","57552","23.52.120.63","443","0","826","129585"
"37.479749","37.479749000","37.125251000","1389","52","10.0.0.2","57552","23.52.120.63","443","0","826","129585"
"37.480303","37.480303000","37.125805000","1390","296","23.52.120.63","443","10.0.0.2","57552","244","162281","826"
"37.480328","37.480328000","37.125830000","1391","296","23.52.120.63","443","10.0.0.2","57552","244","162525","826"
"37.480377","37.480377000","37.125879000","1392","296","23.52.120.63","443","10.0.0.2","57552","244","162769","826"
"37.480389","37.480389000","37.125891000","1393","296","23.52.120.63","443","10.0.0.2","57552","244","163013","826"
"37.480422","37.480422000","37.125924000","1394","296","23.52.120.63","443","10.0.0.2","57552","244","163257","826"
"37.542512","37.542512000","37.188014000","1395","52","10.0.0.2","57552","23.52.120.63","443","0","826","129585"
"37.542541","37.542541000","37.188043000","1396","52","10.0.0.2","57552","23.52.120.63","443","0","826","129585"
"37.542559","37.542559000","37.188061000","1397","52","10.0.0.2","57552","23.52.120.63","443","0","826","129585"
"37.542574","37.542574000","37.188076000","1398","52","10.0.0.2","57552","23.52.120.63","443","0","826","129585"
"37.542591","37.542591000","37.188093000","1399","52","10.0.0.2","57552","23.52.120.63","443","0","826","129585"
"37.604733","37.604733000","37.250235000","1400","52","10.0.0.2","57552","23.52.120.63","443","0","826","129585"
"37.604762","37.604762000","37.250264000","1401","52","10.0.0.2","57552","23.52.120.63","443","0","826","129585"
"37.604780","37.604780000","37.250282000","1402","52","10.0.0.2","57552","23.52.120.63","443","0","826","129585"
"37.604796","37.604796000","37.250298000","1403","52","10.0.0.2","57552","23.52.120.63","443","0","826","129585"
"37.604810","37.604810000","37.250312000","1404","52","10.0.0.2","57552","23.52.120.63","443","0","826","129585"
"37.667148","37.667148000","37.312650000","1405","52","10.0.0.2","57552","23.52.120.63","443","0","826","129585"
"37.667180","37.667180000","37.312682000","1406","52","10.0.0.2","57552","23.52.120.63","443","0","826","129585"
"37.667198","37.667198000","37.312700000","1407","52","10.0.0.2","57552","23.52.120.63","443","0","826","129585"
"37.667215","37.667215000","37.312717000","1408","52","10.0.0.2","57552","23.52.120.63","443","0","826","129585"
"37.667232","37.667232000","37.312734000","1409","52","10.0.0.2","57552","23.52.120.63","443","0","826","129585"
"37.729550","37.729550000","37.375052000","1410","52","10.0.0.2","57552","23.52.120.63","443","0","826","129585"
"37.729580","37.729580000","37.375082000","1411","52","10.0.0.2","57552","23.52.120.63","443","0","826","129585"
"37.729601","37.729601000","37.375103000","1412","52","10.0.0.2","57552","23.52.120.63","443","0","826","129585"
"37.729617","37.729617000","37.375119000","1413","52","10.0.0.2","57552","23.52.120.63","443","0","826","129829"
"37.729632","37.729632000","37.375134000","1414","52","10.0.0.2","57552","23.52.120.63","443","0","826","129829"
"37.730152","37.730152000","37.375654000","1415","296","23.52.120.63","443","10.0.0.2","57552","244","129829","826"
"37.792777","37.792777000","37.438279000","1416","52","10.0.0.2","57552","23.52.120.63","443","0","826","129829"
"37.792805","37.792805000","37.438307000","1417","52","10.0.0.2","57552","23.52.120.63","443","0","826","129829"
"37.792824","37.792824000","37.438326000","1418","52","10.0.0.2","57552","23.52.120.63","443","0","826","129829"
"37.792838","37.792838000","37.438340000","1419","52","10.0.0.2","57552","23.52.120.63","443","0","826","129829"
"37.792853","37.792853000","37.438355000","1420","52","10.0.0.2","57552","23.52.120.63","443","0","826","129829"
"37.854969","37.854969000","37.500471000","1421","52","10.0.0.2","57552","23.52.120.63","443","0","826","129829"
"37.855016","37.855016000","37.500518000","1422","52","10.0.0.2","57552","23.52.120.63","443","0","826","129829"
"37.855032","37.855032000","37.500534000","1423","52","10.0.0.2","57552","23.52.120.63","443","0","826","129829"
"37.855048","37.855048000","37.500550000","1424","52","10.0.0.2","57552","23.52.120.63","443","0","826","129829"
"37.855062","37.855062000","37.500564000","1425","52","10.0.0.2","57552","23.52.120.63","443","0","826","129829"
"37.917322","37.917322000","37.562824000","1426","52","10.0.0.2","57552","23.52.120.63","443","0","826","129829"
"37.917352","37.917352000","37.562854000","1427","52","10.0.0.2","57552","23.52.120.63","443","0","826","129829"
"37.917370","37.917370000","37.562872000","1428","52","10.0.0.2","57552","23.52.120.63","443","0","826","129829"
"37.917385","37.917385000","37.562887000","1429","52","10.0.0.2","57552","23.52.120.63","443","0","826","129829"
"38.042745","38.042745000","37.688247000","1430","52","10.0.0.2","57552","23.52.120.63","443","0","826","130073"
"38.043275","38.043275000","37.688777000","1431","296","23.52.120.63","443","10.0.0.2","57552","244","130073","826"
"38.354888","38.354888000","38.000390000","1432","52","10.0.0.2","57552","23.52.120.63","443","0","826","159597"
"38.355743","38.355743000","38.001245000","1433","296","23.52.120.63","443","10.0.0.2","57552","244","163501","826"
"38.355780","38.355780000","38.001282000","1434","296","23.52.120.63","443","10.0.0.2","57552","244","163745","826"
"38.355838","38.355838000","38.001340000","1435","296","23.52.120.63","443","10.0.0.2","57552","244","163989","826"
"38.355856","38.355856000","38.001358000","1436","296","23.52.120.63","443","10.0.0.2","57552","244","164233","826"
"38.355946","38.355946000","38.001448000","1437","296","23.52.120.63","443","10.0.0.2","57552","244","164477","826"
"38.355961","38.355961000","38.001463000","1438","296","23.52.120.63","443","10.0.0.2","57552","244","164721","826"
"38.356009","38.356009000","38.001511000","1439","296","23.52.120.63","443","10.0.0.2","57552","244","164965","826"
"38.356020","38.356020000","38.001522000","1440","296","23.52.120.63","443","10.0.0.2","57552","244","165209","826"
"38.356064","38.356064000","38.001566000","1441","296","23.52.120.63","443","10.0.0.2","57552","244","165453","826"
"38.356075","38.356075000","38.001577000","1442","296","23.52.120.63","443","10.0.0.2","57552","244","165697","826"
"38.356119","38.356119000","38.001621000","1443","296","23.52.120.63","443","10.0.0.2","57552","244","165941","826"
"38.356133","38.356133000","38.001635000","1444","296","23.52.120.63","443","10.0.0.2","57552","244","166185","826"
"38.356179","38.356179000","38.001681000","1445","296","23.52.120.63","443","10.0.0.2","57552","244","166429","826"
"38.356191","38.356191000","38.001693000","1446","296","23.52.120.63","443","10.0.0.2","57552","244","166673","826"
"38.356240","38.356240000","38.001742000","1447","296","23.52.120.63","443","10.0.0.2","57552","244","166917","826"
"38.356254","38.356254000","38.001756000","1448","296","23.52.120.63","443","10.0.0.2","57552","244","167161","826"
"38.356299","38.356299000","38.001801000","1449","296","23.52.120.63","443","10.0.0.2","57552","244","167405","826"
"38.356310","38.356310000","38.001812000","1450","296","23.52.120.63","443","10.0.0.2","57552","244","167649","826"
"38.356355","38.356355000","38.001857000","1451","296","23.52.120.63","443","10.0.0.2","57552","244","167893","826"
"38.356368","38.356368000","38.001870000","1452","296","23.52.120.63","443","10.0.0.2","57552","244","168137","826"
"38.356402","38.356402000","38.001904000","1453","296","23.52.120.63","443","10.0.0.2","57552","244","168381","826"
"38.668021","38.668021000","38.313523000","1454","52","10.0.0.2","57552","23.52.120.63","443","0","826","159597"
"38.668055","38.668055000","38.313557000","1455","52","10.0.0.2","57552","23.52.120.63","443","0","826","159597"
"38.668078","38.668078000","38.313580000","1456","52","10.0.0.2","57552","23.52.120.63","443","0","826","159597"
"38.668098","38.668098000","38.313600000","1457","52","10.0.0.2","57552","23.52.120.63","443","0","826","159597"
"38.668112","38.668112000","38.313614000","1458","52","10.0.0.2","57552","23.52.120.63","443","0","826","159597"
"38.668594","38.668594000","38.314096000","1459","296","23.52.120.63","443","10.0.0.2","57552","244","168625","826"
"38.668617","38.668617000","38.314119000","1460","296","23.52.120.63","443","10.0.0.2","57552","244","168869","826"
"38.668666","38.668666000","38.314168000","1461","296","23.52.120.63","443","10.0.0.2","57552","244","159597","826"
"38.668679","38.668679000","38.314181000","1462","296","23.52.120.63","443","10.0.0.2","57552","244","169113","826"
"38.668711","38.668711000","38.314213000","1463","296","23.52.120.63","443","10.0.0.2","57552","244","169357","826"
"38.730052","38.730052000","38.375554000","1464","52","10.0.0.2","57552","23.52.120.63","443","0","826","159597"
"38.730083","38.730083000","38.375585000","1465","52","10.0.0.2","57552","23.52.120.63","443","0","826","159597"
"38.730102","38.730102000","38.375604000","1466","52","10.0.0.2","57552","23.52.120.63","443","0","826","159597"
"38.730119","38.730119000","38.375621000","1467","52","10.0.0.2","57552","23.52.120.63","443","0","826","159597"
"38.730135","38.730135000","38.375637000","1468","52","10.0.0.2","57552","23.52.120.63","443","0","826","159597"
"38.730616","38.730616000","38.376118000","1469","296","23.52.120.63","443","10.0.0.2","57552","244","169601","826"
"38.730639","38.730639000","38.376141000","1470","296","23.52.120.63","443","10.0.0.2","57552","244","169845","826"
"38.730675","38.730675000","38.376177000","1471","296","23.52.120.63","443","10.0.0.2","57552","244","170089","826"
"38.792428","38.792428000","38.437930000","1472","52","10.0.0.2","57552","23.52.120.63","443","0","826","159597"
"38.792458","38.792458000","38.437960000","1473","52","10.0.0.2","57552","23.52.120.63","443","0","826","159597"
"38.792475","38.792475000","38.437977000","1474","52","10.0.0.2","57552","23.52.120.63","443","0","826","159597"
"38.792489","38.792489000","38.437991000","1475","52","10.0.0.2","57552","23.52.120.63","443","0","826","159597"
"38.792503","38.792503000","38.438005000","1476","52","10.0.0.2","57552","23.52.120.63","443","0","826","159597"
"38.793062","38.793062000","38.438564000","1477","296","23.52.120.63","443","10.0.0.2","57552","244","170333","826"
"38.793087","38.793087000","38.438589000","1478","296","23.52.120.63","443","10.0.0.2","57552","244","170577","826"
"38.793124","38.793124000","38.438626000","1479","296","23.52.120.63","443","10.0.0.2","57552","244","170821","826"
"38.854502","38.854502000","38.500004000","1480","52","10.0.0.2","57552","23.52.120.63","443","0","826","159597"
"38.854532","38.854532000","38.500034000","1481","52","10.0.0.2","57552","23.52.120.63","443","0","826","159597"
"38.854552","38.854552000","38.500054000","1482","52","10.0.0.2","57552","23.52.120.63","443","0","826","159597"
"38.854572","38.854572000","38.500074000","1483","52","10.0.0.2","57552","23.52.120.63","443","0","826","159597"
"38.854590","38.854590000","38.500092000","1484","52","10.0.0.2","57552","23.52.120.63","443","0","826","159597"
"38.855073","38.855073000","38.500575000","1485","296","23.52.120.63","443","10.0.0.2","57552","244","171065","826"
"38.855095","38.855095000","38.500597000","1486","296","23.52.120.63","443","10.0.0.2","57552","244","171309","826"
"38.855146","38.855146000","38.500648000","1487","296","23.52.120.63","443","10.0.0.2","57552","244","171553","826"
"38.855158","38.855158000","38.500660000","1488","296","23.52.120.63","443","10.0.0.2","57552","244","171797","826"
"38.917255","38.917255000","38.562757000","1489","52","10.0.0.2","57552","23.52.120.63","443","0","826","159597"
"38.979772","38.979772000","38.625274000","1490","52","10.0.0.2","57552","23.52.120.63","443","0","826","159597"
"38.979800","38.979800000","38.625302000","1491","52","10.0.0.2","57552","23.52.120.63","443","0","826","159597"
"38.979819","38.979819000","38.625321000","1492","52","10.0.0.2","57552","23.52.120.63","443","0","826","169113"
"38.979834","38.979834000","38.625336000","1493","52","10.0.0.2","57552","23.52.120.63","443","0","826","169357"
"38.979852","38.979852000","38.625354000","1494","52","10.0.0.2","57552","23.52.120.63","443","0","826","169601"
"38.980531","38.980531000","38.626033000","1495","296","23.52.120.63","443","10.0.0.2","57552","244","172041","826"
"38.980556","38.980556000","38.626058000","1496","296","23.52.120.63","443","10.0.0.2","57552","244","172285","826"
"38.980606","38.980606000","38.626108000","1497","296","23.52.120.63","443","10.0.0.2","57552","244","172529","826"
"38.980618","38.980618000","38.626120000","1498","296","23.52.120.63","443","10.0.0.2","57552","244","172773","826"
"38.980663","38.980663000","38.626165000","1499","296","23.52.120.63","443","10.0.0.2","57552","244","173017","826"
"38.980675","38.980675000","38.626177000","1500","296","23.52.120.63","443","10.0.0.2","57552","244","173261","826"
"38.980719","38.980719000","38.626221000","1501","296","23.52.120.63","443","10.0.0.2","57552","244","173505","826"
"38.980730","38.980730000","38.626232000","1502","296","23.52.120.63","443","10.0.0.2","57552","244","173749","826"
"38.980774","38.980774000","38.626276000","1503","296","23.52.120.63","443","10.0.0.2","57552","244","173993","826"
"38.980785","38.980785000","38.626287000","1504","296","23.52.120.63","443","10.0.0.2","57552","244","174237","826"
"38.980830","38.980830000","38.626332000","1505","296","23.52.120.63","443","10.0.0.2","57552","244","174481","826"
"38.980844","38.980844000","38.626346000","1506","296","23.52.120.63","443","10.0.0.2","57552","244","174725","826"
"38.980892","38.980892000","38.626394000","1507","296","23.52.120.63","443","10.0.0.2","57552","244","174969","826"
"38.980905","38.980905000","38.626407000","1508","296","23.52.120.63","443","10.0.0.2","57552","244","175213","826"
"38.980983","38.980983000","38.626485000","1509","296","23.52.120.63","443","10.0.0.2","57552","244","175457","826"
"38.980997","38.980997000","38.626499000","1510","296","23.52.120.63","443","10.0.0.2","57552","244","175701","826"
"38.981042","38.981042000","38.626544000","1511","296","23.52.120.63","443","10.0.0.2","57552","244","175945","826"
"38.981054","38.981054000","38.626556000","1512","296","23.52.120.63","443","10.0.0.2","57552","244","176189","826"
"38.981100","38.981100000","38.626602000","1513","296","23.52.120.63","443","10.0.0.2","57552","244","176433","826"
"38.981112","38.981112000","38.626614000","1514","296","23.52.120.63","443","10.0.0.2","57552","244","176677","826"
"38.981157","38.981157000","38.626659000","1515","296","23.52.120.63","443","10.0.0.2","57552","244","176921","826"
"38.981170","38.981170000","38.626672000","1516","296","23.52.120.63","443","10.0.0.2","57552","244","177165","826"
"38.981215","38.981215000","38.626717000","1517","296","23.52.120.63","443","10.0.0.2","57552","244","177409","826"
"38.981227","38.981227000","38.626729000","1518","296","23.52.120.63","443","10.0.0.2","57552","244","177653","826"
"38.981271","38.981271000","38.626773000","1519","296","23.52.120.63","443","10.0.0.2","57552","244","177897","826"
"38.981283","38.981283000","38.626785000","1520","296","23.52.120.63","443","10.0.0.2","57552","244","178141","826"
"38.981315","38.981315000","38.626817000","1521","296","23.52.120.63","443","10.0.0.2","57552","244","178385","826"
"39.042666","39.042666000","38.688168000","1522","52","10.0.0.2","57552","23.52.120.63","443","0","826","169845"
"39.042697","39.042697000","38.688199000","1523","52","10.0.0.2","57552","23.52.120.63","443","0","826","170089"
"39.042714","39.042714000","38.688216000","1524","52","10.0.0.2","57552","23.52.120.63","443","0","826","170333"
"39.043243","39.043243000","38.688745000","1525","296","23.52.120.63","443","10.0.0.2","57552","244","178629","826"
"39.043265","39.043265000","38.688767000","1526","296","23.52.120.63","443","10.0.0.2","57552","244","178873","826"
"39.043301","39.043301000","38.688803000","1527","296","23.52.120.63","443","10.0.0.2","57552","244","179117","826"
"39.105011","39.105011000","38.750513000","1528","52","10.0.0.2","57552","23.52.120.63","443","0","826","170577"
"39.105038","39.105038000","38.750540000","1529","52","10.0.0.2","57552","23.52.120.63","443","0","826","170821"
"39.105054","39.105054000","38.750556000","1530","52","10.0.0.2","57552","23.52.120.63","443","0","826","171065"
"39.105557","39.105557000","38.751059000","1531","296","23.52.120.63","443","10.0.0.2","57552","244","179361","826"
"39.105583","39.105583000","38.751085000","1532","296","23.52.120.63","443","10.0.0.2","57552","244","179605","826"
"39.105620","39.105620000","38.751122000","1533","296","23.52.120.63","443","10.0.0.2","57552","244","179849","826"
"39.167407","39.167407000","38.812909000","1534","52","10.0.0.2","57552","23.52.120.63","443","0","826","171309"
"39.167437","39.167437000","38.812939000","1535","52","10.0.0.2","57552","23.52.120.63","443","0","826","171553"
"39.167456","39.167456000","38.812958000","1536","52","10.0.0.2","57552","23.52.120.63","443","0","826","171797"
"39.167469","39.167469000","38.812971000","1537","52","10.0.0.2","57552","23.52.120.63","443","0","826","172041"
"39.168031","39.168031000","38.813533000","1538","296","23.52.120.63","443","10.0.0.2","57552","244","180093","826"
"39.168054","39.168054000","38.813556000","1539","296","23.52.120.63","443","10.0.0.2","57552","244","180337","826"
"39.168103","39.168103000","38.813605000","1540","296","23.52.120.63","443","10.0.0.2","57552","244","180581","826"
"39.168115","39.168115000","38.813617000","1541","296","23.52.120.63","443","10.0.0.2","57552","244","180825","826"
"39.292288","39.292288000","38.937790000","1542","52","10.0.0.2","57552","23.52.120.63","443","0","826","172285"
"39.292317","39.292317000","38.937819000","1543","52","10.0.0.2","57552","23.52.120.63","443","0","826","172529"
"39.292335","39.292335000","38.937837000","1544","52","10.0.0.2","57552","23.52.120.63","443","0","826","172773"
"39.292349","39.292349000","38.937851000","1545","52","10.0.0.2","57552","23.52.120.63","443","0","826","173017"
"39.292363","39.292363000","38.937865000","1546","52","10.0.0.2","57552","23.52.120.63","443","0","826","173261"
"39.292895","39.292895000","38.938397000","1547","296","23.52.120.63","443","10.0.0.2","57552","244","181069","826"
"39.292954","39.292954000","38.938456000","1548","296","23.52.120.63","443","10.0.0.2","57552","244","181313","826"
"39.293006","39.293006000","38.938508000","1549","296","23.52.120.63","443","10.0.0.2","57552","244","181557","826"
"39.293018","39.293018000","38.938520000","1550","296","23.52.120.63","443","10.0.0.2","57552","244","181801","826"
"39.293051","39.293051000","38.938553000","1551","296","23.52.120.63","443","10.0.0.2","57552","244","182045","826"
"39.354718","39.354718000","39.000220000","1552","52","10.0.0.2","57552","23.52.120.63","443","0","826","173505"
"39.354746","39.354746000","39.000248000","1553","52","10.0.0.2","57552","23.52.120.63","443","0","826","173749"
"39.354764","39.354764000","39.000266000","1554","52","10.0.0.2","57552","23.52.120.63","443","0","826","173993"
"39.354778","39.354778000","39.000280000","1555","52","10.0.0.2","57552","23.52.120.63","443","0","826","174237"
"39.354790","39.354790000","39.000292000","1556","52","10.0.0.2","57552","23.52.120.63","443","0","826","174481"
"39.355311","39.355311000","39.000813000","1557","296","23.52.120.63","443","10.0.0.2","57552","244","182289","826"
"39.355332","39.355332000","39.000834000","1558","296","23.52.120.63","443","10.0.0.2","57552","244","182533","826"
"39.355381","39.355381000","39.000883000","1559","296","23.52.120.63","443","10.0.0.2","57552","244","182777","826"
"39.355393","39.355393000","39.000895000","1560","296","23.52.120.63","443","10.0.0.2","57552","244","183021","826"
"39.355427","39.355427000","39.000929000","1561","296","23.52.120.63","443","10.0.0.2","57552","244","183265","826"
"39.417991","39.417991000","39.063493000","1562","52","10.0.0.2","57552","23.52.120.63","443","0","826","174725"
"39.418018","39.418018000","39.063520000","1563","52","10.0.0.2","57552","23.52.120.63","443","0","826","174969"
"39.418030","39.418030000","39.063532000","1564","52","10.0.0.2","57552","23.52.120.63","443","0","826","175213"
"39.418041","39.418041000","39.063543000","1565","52","10.0.0.2","57552","23.52.120.63","443","0","826","175457"
"39.418052","39.418052000","39.063554000","1566","52","10.0.0.2","57552","23.52.120.63","443","0","826","175701"
"39.418560","39.418560000","39.064062000","1567","296","23.52.120.63","443","10.0.0.2","57552","244","183509","826"
"39.418584","39.418584000","39.064086000","1568","296","23.52.120.63","443","10.0.0.2","57552","244","183753","826"
"39.418633","39.418633000","39.064135000","1569","296","23.52.120.63","443","10.0.0.2","57552","244","183997","826"
"39.418645","39.418645000","39.064147000","1570","296","23.52.120.63","443","10.0.0.2","57552","244","184241","826"
"39.418678","39.418678000","39.064180000","1571","296","23.52.120.63","443","10.0.0.2","57552","244","184485","826"
"39.479758","39.479758000","39.125260000","1572","52","10.0.0.2","57552","23.52.120.63","443","0","826","175945"
"39.479786","39.479786000","39.125288000","1573","52","10.0.0.2","57552","23.52.120.63","443","0","826","176189"
"39.479804","39.479804000","39.125306000","1574","52","10.0.0.2","57552","23.52.120.63","443","0","826","176433"
"39.479817","39.479817000","39.125319000","1575","52","10.0.0.2","57552","23.52.120.63","443","0","826","176677"
"39.479832","39.479832000","39.125334000","1576","52","10.0.0.2","57552","23.52.120.63","443","0","826","176921"
"39.480407","39.480407000","39.125909000","1577","296","23.52.120.63","443","10.0.0.2","57552","244","184729","826"
"39.480431","39.480431000","39.125933000","1578","296","23.52.120.63","443","10.0.0.2","57552","244","184973","826"
"39.480479","39.480479000","39.125981000","1579","296","23.52.120.63","443","10.0.0.2","57552","244","185217","826"
"39.480491","39.480491000","39.125993000","1580","296","23.52.120.63","443","10.0.0.2","57552","244","185461","826"
"39.480524","39.480524000","39.126026000","1581","296","23.52.120.63","443","10.0.0.2","57552","244","185705","826"
"39.542197","39.542197000","39.187699000","1582","52","10.0.0.2","57552","23.52.120.63","443","0","826","177165"
"39.542226","39.542226000","39.187728000","1583","52","10.0.0.2","57552","23.52.120.63","443","0","826","177409"
"39.542246","39.542246000","39.187748000","1584","52","10.0.0.2","57552","23.52.120.63","443","0","826","177653"
"39.542260","39.542260000","39.187762000","1585","52","10.0.0.2","57552","23.52.120.63","443","0","826","177897"
"39.542275","39.542275000","39.187777000","1586","52","10.0.0.2","57552","23.52.120.63","443","0","826","178141"
"39.542805","39.542805000","39.188307000","1587","296","23.52.120.63","443","10.0.0.2","57552","244","185949","826"
"39.542826","39.542826000","39.188328000","1588","296","23.52.120.63","443","10.0.0.2","57552","244","186193","826"
"39.542874","39.542874000","39.188376000","1589","296","23.52.120.63","443","10.0.0.2","57552","244","186437","826"
"39.542886","39.542886000","39.188388000","1590","296","23.52.120.63","443","10.0.0.2","57552","244","186681","826"
"39.542944","39.542944000","39.188446000","1591","296","23.52.120.63","443","10.0.0.2","57552","244","186925","826"
"39.604298","39.604298000","39.249800000","1592","52","10.0.0.2","57552","23.52.120.63","443","0","826","178385"
"39.604328","39.604328000","39.249830000","1593","52","10.0.0.2","57552","23.52.120.63","443","0","826","178629"
"39.604348","39.604348000","39.249850000","1594","52","10.0.0.2","57552","23.52.120.63","443","0","826","178873"
"39.604365","39.604365000","39.249867000","1595","52","10.0.0.2","57552","23.52.120.63","443","0","826","179117"
"39.604384","39.604384000","39.249886000","1596","52","10.0.0.2","57552","23.52.120.63","443","0","826","179361"
"39.604889","39.604889000","39.250391000","1597","296","23.52.120.63","443","10.0.0.2","57552","244","187169","826"
"39.604948","39.604948000","39.250450000","1598","296","23.52.120.63","443","10.0.0.2","57552","244","187413","826"
"39.605001","39.605001000","39.250503000","1599","296","23.52.120.63","443","10.0.0.2","57552","244","187657","826"
"39.605013","39.605013000","39.250515000","1600","296","23.52.120.63","443","10.0.0.2","57552","244","187901","826"
"39.605046","39.605046000","39.250548000","1601","296","23.52.120.63","443","10.0.0.2","57552","244","188145","826"
"39.667198","39.667198000","39.312700000","1602","52","10.0.0.2","57552","23.52.120.63","443","0","826","179605"
"39.667230","39.667230000","39.312732000","1603","52","10.0.0.2","57552","23.52.120.63","443","0","826","179849"
"39.667250","39.667250000","39.312752000","1604","52","10.0.0.2","57552","23.52.120.63","443","0","826","180093"
"39.667266","39.667266000","39.312768000","1605","52","10.0.0.2","57552","23.52.120.63","443","0","826","180337"
"39.667284","39.667284000","39.312786000","1606","52","10.0.0.2","57552","23.52.120.63","443","0","826","180581"
"39.667819","39.667819000","39.313321000","1607","296","23.52.120.63","443","10.0.0.2","57552","244","188389","826"
"39.667842","39.667842000","39.313344000","1608","296","23.52.120.63","443","10.0.0.2","57552","244","188633","826"
"39.667891","39.667891000","39.313393000","1609","296","23.52.120.63","443","10.0.0.2","57552","244","188877","826"
"39.667903","39.667903000","39.313405000","1610","296","23.52.120.63","443","10.0.0.2","57552","244","189121","826"
"39.667971","39.667971000","39.313473000","1611","296","23.52.120.63","443","10.0.0.2","57552","244","189365","826"
"39.729513","39.729513000","39.375015000","1612","52","10.0.0.2","57552","23.52.120.63","443","0","826","180825"
"39.729535","39.729535000","39.375037000","1613","52","10.0.0.2","57552","23.52.120.63","443","0","826","181069"
"39.729547","39.729547000","39.375049000","1614","52","10.0.0.2","57552","23.52.120.63","443","0","826","181313"
"39.729559","39.729559000","39.375061000","1615","52","10.0.0.2","57552","23.52.120.63","443","0","826","181557"
"39.729570","39.729570000","39.375072000","1616","52","10.0.0.2","57552","23.52.120.63","443","0","826","181801"
"39.730098","39.730098000","39.375600000","1617","296","23.52.120.63","443","10.0.0.2","57552","244","189609","826"
"39.730121","39.730121000","39.375623000","1618","296","23.52.120.63","443","10.0.0.2","57552","244","189853","826"
"39.730170","39.730170000","39.375672000","1619","296","23.52.120.63","443","10.0.0.2","57552","244","190097","826"
"39.730182","39.730182000","39.375684000","1620","296","23.52.120.63","443","10.0.0.2","57552","244","190341","826"
"39.730214","39.730214000","39.375716000","1621","296","23.52.120.63","443","10.0.0.2","57552","244","190585","826"
"39.792799","39.792799000","39.438301000","1622","52","10.0.0.2","57552","23.52.120.63","443","0","826","182045"
"39.792826","39.792826000","39.438328000","1623","52","10.0.0.2","57552","23.52.120.63","443","0","826","182289"
"39.792844","39.792844000","39.438346000","1624","52","10.0.0.2","57552","23.52.120.63","443","0","826","182533"
"39.792859","39.792859000","39.438361000","1625","52","10.0.0.2","57552","23.52.120.63","443","0","826","182777"
"39.792871","39.792871000","39.438373000","1626","52","10.0.0.2","57552","23.52.120.63","443","0","826","183021"
"39.793436","39.793436000","39.438938000","1627","296","23.52.120.63","443","10.0.0.2","57552","244","190829","826"
"39.793460","39.793460000","39.438962000","1628","296","23.52.120.63","443","10.0.0.2","57552","244","191073","826"
"39.793507","39.793507000","39.439009000","1629","296","23.52.120.63","443","10.0.0.2","57552","244","191317","826"
"39.793519","39.793519000","39.439021000","1630","296","23.52.120.63","443","10.0.0.2","57552","244","191561","826"
"39.793552","39.793552000","39.439054000","1631","296","23.52.120.63","443","10.0.0.2","57552","244","191805","826"
"39.854794","39.854794000","39.500296000","1632","52","10.0.0.2","57552","23.52.120.63","443","0","826","183265"
"39.854824","39.854824000","39.500326000","1633","52","10.0.0.2","57552","23.52.120.63","443","0","826","183509"
"39.854845","39.854845000","39.500347000","1634","52","10.0.0.2","57552","23.52.120.63","443","0","826","183753"
"39.854861","39.854861000","39.500363000","1635","52","10.0.0.2","57552","23.52.120.63","443","0","826","183997"
"39.854882","39.854882000","39.500384000","1636","52","10.0.0.2","57552","23.52.120.63","443","0","826","184241"
"39.855401","39.855401000","39.500903000","1637","296","23.52.120.63","443","10.0.0.2","57552","244","192049","826"
"39.855427","39.855427000","39.500929000","1638","296","23.52.120.63","443","10.0.0.2","57552","244","192293","826"
"39.855475","39.855475000","39.500977000","1639","296","23.52.120.63","443","10.0.0.2","57552","244","192537","826"
"39.855486","39.855486000","39.500988000","1640","296","23.52.120.63","443","10.0.0.2","57552","244","192781","826"
"39.855519","39.855519000","39.501021000","1641","296","23.52.120.63","443","10.0.0.2","57552","244","193025","826"
"39.917162","39.917162000","39.562664000","1642","52","10.0.0.2","57552","23.52.120.63","443","0","826","184485"
"39.917189","39.917189000","39.562691000","1643","52","10.0.0.2","57552","23.52.120.63","443","0","826","184729"
"39.917207","39.917207000","39.562709000","1644","52","10.0.0.2","57552","23.52.120.63","443","0","826","184973"
"39.917222","39.917222000","39.562724000","1645","52","10.0.0.2","57552","23.52.120.63","443","0","826","185217"
"39.917236","39.917236000","39.562738000","1646","52","10.0.0.2","57552","23.52.120.63","443","0","826","185461"
"39.917773","39.917773000","39.563275000","1647","296","23.52.120.63","443","10.0.0.2","57552","244","193269","826"
"39.917794","39.917794000","39.563296000","1648","296","23.52.120.63","443","10.0.0.2","57552","244","193513","826"
"39.917842","39.917842000","39.563344000","1649","296","23.52.120.63","443","10.0.0.2","57552","244","193757","826"
"39.917854","39.917854000","39.563356000","1650","296","23.52.120.63","443","10.0.0.2","57552","244","194001","826"
"39.917887","39.917887000","39.563389000","1651","296","23.52.120.63","443","10.0.0.2","57552","244","194245","826"
"39.979231","39.979231000","39.624733000","1652","52","10.0.0.2","57552","23.52.120.63","443","0","826","185705"
"39.979259","39.979259000","39.624761000","1653","52","10.0.0.2","57552","23.52.120.63","443","0","826","185949"
"39.979280","39.979280000","39.624782000","1654","52","10.0.0.2","57552","23.52.120.63","443","0","826","186193"
"39.979296","39.979296000","39.624798000","1655","52","10.0.0.2","57552","23.52.120.63","443","0","826","186437"
"39.979315","39.979315000","39.624817000","1656","52","10.0.0.2","57552","23.52.120.63","443","0","826","186681"
"39.979798","39.979798000","39.625300000","1657","296","23.52.120.63","443","10.0.0.2","57552","244","194489","826"
"39.979821","39.979821000","39.625323000","1658","296","23.52.120.63","443","10.0.0.2","57552","244","194733","826"
"39.979869","39.979869000","39.625371000","1659","296","23.52.120.63","443","10.0.0.2","57552","244","194977","826"
"39.979881","39.979881000","39.625383000","1660","296","23.52.120.63","443","10.0.0.2","57552","244","195221","826"
"39.979947","39.979947000","39.625449000","1661","296","23.52.120.63","443","10.0.0.2","57552","244","195465","826"
"40.042154","40.042154000","39.687656000","1662","52","10.0.0.2","57552","23.52.120.63","443","0","826","186925"
"40.042186","40.042186000","39.687688000","1663","52","10.0.0.2","57552","23.52.120.63","443","0","826","187169"
"40.042207","40.042207000","39.687709000","1664","52","10.0.0.2","57552","23.52.120.63","443","0","826","187413"
"40.042224","40.042224000","39.687726000","1665","52","10.0.0.2","57552","23.52.120.63","443","0","826","187657"
"40.042241","40.042241000","39.687743000","1666","52","10.0.0.2","57552","23.52.120.63","443","0","826","187901"
"40.042734","40.042734000","39.688236000","1667","296","23.52.120.63","443","10.0.0.2","57552","244","195709","826"
"40.042757","40.042757000","39.688259000","1668","296","23.52.120.63","443","10.0.0.2","57552","244","195953","826"
"40.042805","40.042805000","39.688307000","1669","296","23.52.120.63","443","10.0.0.2","57552","244","196197","826"
"40.042816","40.042816000","39.688318000","1670","296","23.52.120.63","443","10.0.0.2","57552","244","196441","826"
"40.042862","40.042862000","39.688364000","1671","296","23.52.120.63","443","10.0.0.2","57552","244","196685","826"
"40.042874","40.042874000","39.688376000","1672","296","23.52.120.63","443","10.0.0.2","57552","244","196929","826"
"40.104551","40.104551000","39.750053000","1673","52","10.0.0.2","57552","23.52.120.63","443","0","826","188145"
"40.104580","40.104580000","39.750082000","1674","52","10.0.0.2","57552","23.52.120.63","443","0","826","188389"
"40.104599","40.104599000","39.750101000","1675","52","10.0.0.2","57552","23.52.120.63","443","0","826","188633"
"40.104612","40.104612000","39.750114000","1676","52","10.0.0.2","57552","23.52.120.63","443","0","826","188877"
"40.104624","40.104624000","39.750126000","1677","52","10.0.0.2","57552","23.52.120.63","443","0","826","189121"
"40.105135","40.105135000","39.750637000","1678","296","23.52.120.63","443","10.0.0.2","57552","244","197173","826"
"40.105160","40.105160000","39.750662000","1679","296","23.52.120.63","443","10.0.0.2","57552","244","197417","826"
"40.105209","40.105209000","39.750711000","1680","296","23.52.120.63","443","10.0.0.2","57552","244","197661","826"
"40.105221","40.105221000","39.750723000","1681","296","23.52.120.63","443","10.0.0.2","57552","244","197905","826"
"40.105254","40.105254000","39.750756000","1682","296","23.52.120.63","443","10.0.0.2","57552","244","198149","826"
"40.167777","40.167777000","39.813279000","1683","52","10.0.0.2","57552","23.52.120.63","443","0","826","189365"
"40.167806","40.167806000","39.813308000","1684","52","10.0.0.2","57552","23.52.120.63","443","0","826","189609"
"40.167825","40.167825000","39.813327000","1685","52","10.0.0.2","57552","23.52.120.63","443","0","826","189853"
"40.167843","40.167843000","39.813345000","1686","52","10.0.0.2","57552","23.52.120.63","443","0","826","190097"
"40.167856","40.167856000","39.813358000","1687","52","10.0.0.2","57552","23.52.120.63","443","0","826","190341"
"40.168396","40.168396000","39.813898000","1688","296","23.52.120.63","443","10.0.0.2","57552","244","198393","826"
"40.168418","40.168418000","39.813920000","1689","296","23.52.120.63","443","10.0.0.2","57552","244","198637","826"
"40.168467","40.168467000","39.813969000","1690","296","23.52.120.63","443","10.0.0.2","57552","244","198881","826"
"40.168479","40.168479000","39.813981000","1691","296","23.52.120.63","443","10.0.0.2","57552","244","199125","826"
"40.168512","40.168512000","39.814014000","1692","296","23.52.120.63","443","10.0.0.2","57552","244","199369","826"
"40.229734","40.229734000","39.875236000","1693","52","10.0.0.2","57552","23.52.120.63","443","0","826","190585"
"40.229763","40.229763000","39.875265000","1694","52","10.0.0.2","57552","23.52.120.63","443","0","826","190829"
"40.229783","40.229783000","39.875285000","1695","52","10.0.0.2","57552","23.52.120.63","443","0","826","191073"
"40.229801","40.229801000","39.875303000","1696","52","10.0.0.2","57552","23.52.120.63","443","0","826","191317"
"40.229818","40.229818000","39.875320000","1697","52","10.0.0.2","57552","23.52.120.63","443","0","826","191561"
"40.230405","40.230405000","39.875907000","1698","296","23.52.120.63","443","10.0.0.2","57552","244","199613","826"
"40.230429","40.230429000","39.875931000","1699","296","23.52.120.63","443","10.0.0.2","57552","244","199857","826"
"40.230478","40.230478000","39.875980000","1700","296","23.52.120.63","443","10.0.0.2","57552","244","200101","826"
"40.230490","40.230490000","39.875992000","1701","296","23.52.120.63","443","10.0.0.2","57552","244","200345","826"
"40.230523","40.230523000","39.876025000","1702","296","23.52.120.63","443","10.0.0.2","57552","244","200589","826"
"40.292210","40.292210000","39.937712000","1703","52","10.0.0.2","57552","23.52.120.63","443","0","826","191805"
"40.292240","40.292240000","39.937742000","1704","52","10.0.0.2","57552","23.52.120.63","443","0","826","192049"
"40.292258","40.292258000","39.937760000","1705","52","10.0.0.2","57552","23.52.120.63","443","0","826","192293"
"40.292272","40.292272000","39.937774000","1706","52","10.0.0.2","57552","23.52.120.63","443","0","826","192537"
"40.292286","40.292286000","39.937788000","1707","52","10.0.0.2","57552","23.52.120.63","443","0","826","192781"
"40.292824","40.292824000","39.938326000","1708","296","23.52.120.63","443","10.0.0.2","57552","244","200833","826"
"40.292846","40.292846000","39.938348000","1709","296","23.52.120.63","443","10.0.0.2","57552","244","201077","826"
"40.292893","40.292893000","39.938395000","1710","296","23.52.120.63","443","10.0.0.2","57552","244","201321","826"
"40.292905","40.292905000","39.938407000","1711","296","23.52.120.63","443","10.0.0.2","57552","244","201565","826"
"40.292974","40.292974000","39.938476000","1712","296","23.52.120.63","443","10.0.0.2","57552","244","201809","826"
"40.354237","40.354237000","39.999739000","1713","52","10.0.0.2","57552","23.52.120.63","443","0","826","193025"
"40.354285","40.354285000","39.999787000","1714","52","10.0.0.2","57552","23.52.120.63","443","0","826","193269"
"40.354300","40.354300000","39.999802000","1715","52","10.0.0.2","57552","23.52.120.63","443","0","826","193513"
"40.354312","40.354312000","39.999814000","1716","52","10.0.0.2","57552","23.52.120.63","443","0","826","193757"
"40.354324","40.354324000","39.999826000","1717","52","10.0.0.2","57552","23.52.120.63","443","0","826","194001"
"40.354756","40.354756000","40.000258000","1718","296","23.52.120.63","443","10.0.0.2","57552","244","202053","826"
"40.354793","40.354793000","40.000295000","1719","296","23.52.120.63","443","10.0.0.2","57552","244","202297","826"
"40.354903","40.354903000","40.000405000","1720","296","23.52.120.63","443","10.0.0.2","57552","244","202541","826"
"40.354945","40.354945000","40.000447000","1721","296","23.52.120.63","443","10.0.0.2","57552","244","202785","826"
"40.354980","40.354980000","40.000482000","1722","296","23.52.120.63","443","10.0.0.2","57552","244","203029","826"
"40.417123","40.417123000","40.062625000","1723","52","10.0.0.2","57552","23.52.120.63","443","0","826","194245"
"40.417153","40.417153000","40.062655000","1724","52","10.0.0.2","57552","23.52.120.63","443","0","826","194489"
"40.417174","40.417174000","40.062676000","1725","52","10.0.0.2","57552","23.52.120.63","443","0","826","194733"
"40.417189","40.417189000","40.062691000","1726","52","10.0.0.2","57552","23.52.120.63","443","0","826","194977"
"40.417203","40.417203000","40.062705000","1727","52","10.0.0.2","57552","23.52.120.63","443","0","826","195221"
"40.417648","40.417648000","40.063150000","1728","296","23.52.120.63","443","10.0.0.2","57552","244","203273","826"
"40.417684","40.417684000","40.063186000","1729","296","23.52.120.63","443","10.0.0.2","57552","244","203517","826"
"40.417735","40.417735000","40.063237000","1730","296","23.52.120.63","443","10.0.0.2","57552","244","203761","826"
"40.417748","40.417748000","40.063250000","1731","296","23.52.120.63","443","10.0.0.2","57552","244","204005","826"
"40.417781","40.417781000","40.063283000","1732","296","23.52.120.63","443","10.0.0.2","57552","244","204249","826"
"40.479602","40.479602000","40.125104000","1733","52","10.0.0.2","57552","23.52.120.63","443","0","826","195465"
"40.479632","40.479632000","40.125134000","1734","52","10.0.0.2","57552","23.52.120.63","443","0","826","195709"
"40.479649","40.479649000","40.125151000","1735","52","10.0.0.2","57552","23.52.120.63","443","0","826","195953"
"40.479665","40.479665000","40.125167000","1736","52","10.0.0.2","57552","23.52.120.63","443","0","826","196197"
"40.479680","40.479680000","40.125182000","1737","52","10.0.0.2","57552","23.52.120.63","443","0","826","196441"
"40.480169","40.480169000","40.125671000","1738","296","23.52.120.63","443","10.0.0.2","57552","244","204493","826"
"40.480207","40.480207000","40.125709000","1739","296","23.52.120.63","443","10.0.0.2","57552","244","204737","826"
"40.480257","40.480257000","40.125759000","1740","296","23.52.120.63","443","10.0.0.2","57552","244","204981","826"
"40.480269","40.480269000","40.125771000","1741","296","23.52.120.63","443","10.0.0.2","57552","244","205225","826"
"40.480303","40.480303000","40.125805000","1742","296","23.52.120.63","443","10.0.0.2","57552","244","205469","826"
"40.480374","40.480374000","40.125876000","1743","296","23.52.120.63","443","10.0.0.2","57552","244","205713","826"
"40.542795","40.542795000","40.188297000","1744","52","10.0.0.2","57552","23.52.120.63","443","0","826","196685"
"40.542823","40.542823000","40.188325000","1745","52","10.0.0.2","57552","23.52.120.63","443","0","826","196929"
"40.542844","40.542844000","40.188346000","1746","52","10.0.0.2","57552","23.52.120.63","443","0","826","197173"
"40.542859","40.542859000","40.188361000","1747","52","10.0.0.2","57552","23.52.120.63","443","0","826","197417"
"40.542873","40.542873000","40.188375000","1748","52","10.0.0.2","57552","23.52.120.63","443","0","826","197661"
"40.543316","40.543316000","40.188818000","1749","296","23.52.120.63","443","10.0.0.2","57552","244","205957","826"
"40.543352","40.543352000","40.188854000","1750","296","23.52.120.63","443","10.0.0.2","57552","244","206201","826"
"40.543406","40.543406000","40.188908000","1751","296","23.52.120.63","443","10.0.0.2","57552","244","206445","826"
"40.543417","40.543417000","40.188919000","1752","296","23.52.120.63","443","10.0.0.2","57552","244","206689","826"
"40.543540","40.543540000","40.189042000","1753","296","23.52.120.63","443","10.0.0.2","57552","244","206933","826"
"40.604384","40.604384000","40.249886000","1754","52","10.0.0.2","57552","23.52.120.63","443","0","826","197905"
"40.604412","40.604412000","40.249914000","1755","52","10.0.0.2","57552","23.52.120.63","443","0","826","198149"
"40.604430","40.604430000","40.249932000","1756","52","10.0.0.2","57552","23.52.120.63","443","0","826","198393"
"40.604444","40.604444000","40.249946000","1757","52","10.0.0.2","57552","23.52.120.63","443","0","826","198637"
"40.604458","40.604458000","40.249960000","1758","52","10.0.0.2","57552","23.52.120.63","443","0","826","198881"
"40.604966","40.604966000","40.250468000","1759","296","23.52.120.63","443","10.0.0.2","57552","244","207177","826"
"40.605003","40.605003000","40.250505000","1760","296","23.52.120.63","443","10.0.0.2","57552","244","207421","826"
"40.605054","40.605054000","40.250556000","1761","296","23.52.120.63","443","10.0.0.2","57552","244","207665","826"
"40.605066","40.605066000","40.250568000","1762","296","23.52.120.63","443","10.0.0.2","57552","244","207909","826"
"40.605099","40.605099000","40.250601000","1763","296","23.52.120.63","443","10.0.0.2","57552","244","208153","826"
"40.667150","40.667150000","40.312652000","1764","52","10.0.0.2","57552","23.52.120.63","443","0","826","199125"
"40.667179","40.667179000","40.312681000","1765","52","10.0.0.2","57552","23.52.120.63","443","0","826","199369"
"40.667195","40.667195000","40.312697000","1766","52","10.0.0.2","57552","23.52.120.63","443","0","826","199613"
"40.667209","40.667209000","40.312711000","1767","52","10.0.0.2","57552","23.52.120.63","443","0","826","199857"
"40.667224","40.667224000","40.312726000","1768","52","10.0.0.2","57552","23.52.120.63","443","0","826","200101"
"40.667703","40.667703000","40.313205000","1769","296","23.52.120.63","443","10.0.0.2","57552","244","208397","826"
"40.667738","40.667738000","40.313240000","1770","296","23.52.120.63","443","10.0.0.2","57552","244","208641","826"
"40.667790","40.667790000","40.313292000","1771","296","23.52.120.63","443","10.0.0.2","57552","244","208885","826"
"40.667802","40.667802000","40.313304000","1772","296","23.52.120.63","443","10.0.0.2","57552","244","209129","826"
"40.667835","40.667835000","40.313337000","1773","296","23.52.120.63","443","10.0.0.2","57552","244","209373","826"
"40.729183","40.729183000","40.374685000","1774","52","10.0.0.2","57552","23.52.120.63","443","0","826","200345"
"40.729217","40.729217000","40.374719000","1775","52","10.0.0.2","57552","23.52.120.63","443","0","826","200589"
"40.729236","40.729236000","40.374738000","1776","52","10.0.0.2","57552","23.52.120.63","443","0","826","200833"
"40.729253","40.729253000","40.374755000","1777","52","10.0.0.2","57552","23.52.120.63","443","0","826","201077"
"40.729268","40.729268000","40.374770000","1778","52","10.0.0.2","57552","23.52.120.63","443","0","826","201321"
"40.729805","40.729805000","40.375307000","1779","296","23.52.120.63","443","10.0.0.2","57552","244","209617","826"
"40.729841","40.729841000","40.375343000","1780","296","23.52.120.63","443","10.0.0.2","57552","244","209861","826"
"40.729891","40.729891000","40.375393000","1781","296","23.52.120.63","443","10.0.0.2","57552","244","210105","826"
"40.729902","40.729902000","40.375404000","1782","296","23.52.120.63","443","10.0.0.2","57552","244","210349","826"
"40.729970","40.729970000","40.375472000","1783","296","23.52.120.63","443","10.0.0.2","57552","244","210593","826"
"40.792620","40.792620000","40.438122000","1784","52","10.0.0.2","57552","23.52.120.63","443","0","826","201565"
"40.792649","40.792649000","40.438151000","1785","52","10.0.0.2","57552","23.52.120.63","443","0","826","201809"
"40.792667","40.792667000","40.438169000","1786","52","10.0.0.2","57552","23.52.120.63","443","0","826","202053"
"40.792683","40.792683000","40.438185000","1787","52","10.0.0.2","57552","23.52.120.63","443","0","826","202297"
"40.792698","40.792698000","40.438200000","1788","52","10.0.0.2","57552","23.52.120.63","443","0","826","202541"
"40.793188","40.793188000","40.438690000","1789","296","23.52.120.63","443","10.0.0.2","57552","244","210837","826"
"40.793224","40.793224000","40.438726000","1790","296","23.52.120.63","443","10.0.0.2","57552","244","211081","826"
"40.793273","40.793273000","40.438775000","1791","296","23.52.120.63","443","10.0.0.2","57552","244","211325","826"
"40.793285","40.793285000","40.438787000","1792","296","23.52.120.63","443","10.0.0.2","57552","244","211569","826"
"40.793319","40.793319000","40.438821000","1793","296","23.52.120.63","443","10.0.0.2","57552","244","211813","826"
"40.854534","40.854534000","40.500036000","1794","52","10.0.0.2","57552","23.52.120.63","443","0","826","202785"
"40.854564","40.854564000","40.500066000","1795","52","10.0.0.2","57552","23.52.120.63","443","0","826","203029"
"40.854584","40.854584000","40.500086000","1796","52","10.0.0.2","57552","23.52.120.63","443","0","826","203273"
"40.854601","40.854601000","40.500103000","1797","52","10.0.0.2","57552","23.52.120.63","443","0","826","203517"
"40.854616","40.854616000","40.500118000","1798","52","10.0.0.2","57552","23.52.120.63","443","0","826","203761"
"40.855184","40.855184000","40.500686000","1799","296","23.52.120.63","443","10.0.0.2","57552","244","212057","826"
"40.855221","40.855221000","40.500723000","1800","296","23.52.120.63","443","10.0.0.2","57552","244","212301","826"
"40.855272","40.855272000","40.500774000","1801","296","23.52.120.63","443","10.0.0.2","57552","244","212545","826"
"40.855284","40.855284000","40.500786000","1802","296","23.52.120.63","443","10.0.0.2","57552","244","212789","826"
"40.855330","40.855330000","40.500832000","1803","296","23.52.120.63","443","10.0.0.2","57552","244","213033","826"
"40.855342","40.855342000","40.500844000","1804","296","23.52.120.63","443","10.0.0.2","57552","244","213277","826"
"40.917668","40.917668000","40.563170000","1805","52","10.0.0.2","57552","23.52.120.63","443","0","826","204005"
"40.917702","40.917702000","40.563204000","1806","52","10.0.0.2","57552","23.52.120.63","443","0","826","204249"
"40.917721","40.917721000","40.563223000","1807","52","10.0.0.2","57552","23.52.120.63","443","0","826","204493"
"40.917738","40.917738000","40.563240000","1808","52","10.0.0.2","57552","23.52.120.63","443","0","826","204737"
"40.917755","40.917755000","40.563257000","1809","52","10.0.0.2","57552","23.52.120.63","443","0","826","204981"
"40.918245","40.918245000","40.563747000","1810","296","23.52.120.63","443","10.0.0.2","57552","244","213521","826"
"40.918281","40.918281000","40.563783000","1811","296","23.52.120.63","443","10.0.0.2","57552","244","213765","826"
"40.918330","40.918330000","40.563832000","1812","296","23.52.120.63","443","10.0.0.2","57552","244","214009","826"
"40.918342","40.918342000","40.563844000","1813","296","23.52.120.63","443","10.0.0.2","57552","244","214253","826"
"40.918376","40.918376000","40.563878000","1814","296","23.52.120.63","443","10.0.0.2","57552","244","214497","826"
"40.979236","40.979236000","40.624738000","1815","52","10.0.0.2","57552","23.52.120.63","443","0","826","205225"
"40.979268","40.979268000","40.624770000","1816","52","10.0.0.2","57552","23.52.120.63","443","0","826","205469"
"40.979289","40.979289000","40.624791000","1817","52","10.0.0.2","57552","23.52.120.63","443","0","826","205713"
"40.979302","40.979302000","40.624804000","1818","52","10.0.0.2","57552","23.52.120.63","443","0","826","205957"
"40.979313","40.979313000","40.624815000","1819","52","10.0.0.2","57552","23.52.120.63","443","0","826","206201"
"40.979809","40.979809000","40.625311000","1820","296","23.52.120.63","443","10.0.0.2","57552","244","214741","826"
"40.979847","40.979847000","40.625349000","1821","296","23.52.120.63","443","10.0.0.2","57552","244","214985","826"
"40.979897","40.979897000","40.625399000","1822","296","23.52.120.63","443","10.0.0.2","57552","244","215229","826"
"40.979942","40.979942000","40.625444000","1823","296","23.52.120.63","443","10.0.0.2","57552","244","215473","826"
"40.979982","40.979982000","40.625484000","1824","296","23.52.120.63","443","10.0.0.2","57552","244","215717","826"
"41.042960","41.042960000","40.688462000","1825","52","10.0.0.2","57552","23.52.120.63","443","0","826","206445"
"41.043007","41.043007000","40.688509000","1826","52","10.0.0.2","57552","23.52.120.63","443","0","826","206689"
"41.043023","41.043023000","40.688525000","1827","52","10.0.0.2","57552","23.52.120.63","443","0","826","206933"
"41.043038","41.043038000","40.688540000","1828","52","10.0.0.2","57552","23.52.120.63","443","0","826","207177"
"41.043055","41.043055000","40.688557000","1829","52","10.0.0.2","57552","23.52.120.63","443","0","826","207421"
"41.043526","41.043526000","40.689028000","1830","296","23.52.120.63","443","10.0.0.2","57552","244","215961","826"
"41.043549","41.043549000","40.689051000","1831","296","23.52.120.63","443","10.0.0.2","57552","244","216205","826"
"41.043598","41.043598000","40.689100000","1832","296","23.52.120.63","443","10.0.0.2","57552","244","216449","826"
"41.043609","41.043609000","40.689111000","1833","296","23.52.120.63","443","10.0.0.2","57552","244","216693","826"
"41.043654","41.043654000","40.689156000","1834","296","23.52.120.63","443","10.0.0.2","57552","244","216937","826"
"41.043666","41.043666000","40.689168000","1835","296","23.52.120.63","443","10.0.0.2","57552","244","217181","826"
"41.105029","41.105029000","40.750531000","1836","52","10.0.0.2","57552","23.52.120.63","443","0","826","207665"
"41.105058","41.105058000","40.750560000","1837","52","10.0.0.2","57552","23.52.120.63","443","0","826","207909"
"41.105079","41.105079000","40.750581000","1838","52","10.0.0.2","57552","23.52.120.63","443","0","826","208153"
"41.105096","41.105096000","40.750598000","1839","52","10.0.0.2","57552","23.52.120.63","443","0","826","208397"
"41.105113","41.105113000","40.750615000","1840","52","10.0.0.2","57552","23.52.120.63","443","0","826","208641"
"41.105607","41.105607000","40.751109000","1841","296","23.52.120.63","443","10.0.0.2","57552","244","217425","826"
"41.105630","41.105630000","40.751132000","1842","296","23.52.120.63","443","10.0.0.2","57552","244","217669","826"
"41.105677","41.105677000","40.751179000","1843","296","23.52.120.63","443","10.0.0.2","57552","244","217913","826"
"41.105689","41.105689000","40.751191000","1844","296","23.52.120.63","443","10.0.0.2","57552","244","218157","826"
"41.105723","41.105723000","40.751225000","1845","296","23.52.120.63","443","10.0.0.2","57552","244","218401","826"
"41.167714","41.167714000","40.813216000","1846","52","10.0.0.2","57552","23.52.120.63","443","0","826","208885"
"41.167744","41.167744000","40.813246000","1847","52","10.0.0.2","57552","23.52.120.63","443","0","826","209129"
"41.167760","41.167760000","40.813262000","1848","52","10.0.0.2","57552","23.52.120.63","443","0","826","209373"
"41.167774","41.167774000","40.813276000","1849","52","10.0.0.2","57552","23.52.120.63","443","0","826","209617"
"41.167789","41.167789000","40.813291000","1850","52","10.0.0.2","57552","23.52.120.63","443","0","826","209861"
"41.168365","41.168365000","40.813867000","1851","296","23.52.120.63","443","10.0.0.2","57552","244","218645","826"
"41.168389","41.168389000","40.813891000","1852","296","23.52.120.63","443","10.0.0.2","57552","244","218889","826"
"41.168437","41.168437000","40.813939000","1853","296","23.52.120.63","443","10.0.0.2","57552","244","219133","826"
"41.168448","41.168448000","40.813950000","1854","296","23.52.120.63","443","10.0.0.2","57552","244","219377","826"
"41.168481","41.168481000","40.813983000","1855","296","23.52.120.63","443","10.0.0.2","57552","244","219621","826"
"41.229380","41.229380000","40.874882000","1856","52","10.0.0.2","57552","23.52.120.63","443","0","826","210105"
"41.229410","41.229410000","40.874912000","1857","52","10.0.0.2","57552","23.52.120.63","443","0","826","210349"
"41.229430","41.229430000","40.874932000","1858","52","10.0.0.2","57552","23.52.120.63","443","0","826","210593"
"41.229444","41.229444000","40.874946000","1859","52","10.0.0.2","57552","23.52.120.63","443","0","826","210837"
"41.229459","41.229459000","40.874961000","1860","52","10.0.0.2","57552","23.52.120.63","443","0","826","211081"
"41.230024","41.230024000","40.875526000","1861","296","23.52.120.63","443","10.0.0.2","57552","244","219865","826"
"41.230048","41.230048000","40.875550000","1862","296","23.52.120.63","443","10.0.0.2","57552","244","220109","826"
"41.230096","41.230096000","40.875598000","1863","296","23.52.120.63","443","10.0.0.2","57552","244","220353","826"
"41.230108","41.230108000","40.875610000","1864","296","23.52.120.63","443","10.0.0.2","57552","244","220597","826"
"41.230140","41.230140000","40.875642000","1865","296","23.52.120.63","443","10.0.0.2","57552","244","220841","826"
"41.292390","41.292390000","40.937892000","1866","52","10.0.0.2","57552","23.52.120.63","443","0","826","211325"
"41.292420","41.292420000","40.937922000","1867","52","10.0.0.2","57552","23.52.120.63","443","0","826","211569"
"41.292441","41.292441000","40.937943000","1868","52","10.0.0.2","57552","23.52.120.63","443","0","826","211813"
"41.292463","41.292463000","40.937965000","1869","52","10.0.0.2","57552","23.52.120.63","443","0","826","212057"
"41.292478","41.292478000","40.937980000","1870","52","10.0.0.2","57552","23.52.120.63","443","0","826","212301"
"41.292948","41.292948000","40.938450000","1871","296","23.52.120.63","443","10.0.0.2","57552","244","221085","826"
"41.292973","41.292973000","40.938475000","1872","296","23.52.120.63","443","10.0.0.2","57552","244","221329","826"
"41.293023","41.293023000","40.938525000","1873","296","23.52.120.63","443","10.0.0.2","57552","244","221573","826"
"41.293035","41.293035000","40.938537000","1874","296","23.52.120.63","443","10.0.0.2","57552","244","221817","826"
"41.293084","41.293084000","40.938586000","1875","296","23.52.120.63","443","10.0.0.2","57552","244","222061","826"
"41.293096","41.293096000","40.938598000","1876","296","23.52.120.63","443","10.0.0.2","57552","244","222305","826"
"41.355125","41.355125000","41.000627000","1877","52","10.0.0.2","57552","23.52.120.63","443","0","826","212545"
"41.355153","41.355153000","41.000655000","1878","52","10.0.0.2","57552","23.52.120.63","443","0","826","212789"
"41.355170","41.355170000","41.000672000","1879","52","10.0.0.2","57552","23.52.120.63","443","0","826","213033"
"41.355186","41.355186000","41.000688000","1880","52","10.0.0.2","57552","23.52.120.63","443","0","826","213277"
"41.355202","41.355202000","41.000704000","1881","52","10.0.0.2","57552","23.52.120.63","443","0","826","213521"
"41.355749","41.355749000","41.001251000","1882","296","23.52.120.63","443","10.0.0.2","57552","244","222549","826"
"41.355773","41.355773000","41.001275000","1883","296","23.52.120.63","443","10.0.0.2","57552","244","222793","826"
"41.355823","41.355823000","41.001325000","1884","296","23.52.120.63","443","10.0.0.2","57552","244","223037","826"
"41.355834","41.355834000","41.001336000","1885","296","23.52.120.63","443","10.0.0.2","57552","244","223281","826"
"41.355868","41.355868000","41.001370000","1886","296","23.52.120.63","443","10.0.0.2","57552","244","223525","826"
"41.417727","41.417727000","41.063229000","1887","52","10.0.0.2","57552","23.52.120.63","443","0","826","213765"
"41.417754","41.417754000","41.063256000","1888","52","10.0.0.2","57552","23.52.120.63","443","0","826","214009"
"41.417772","41.417772000","41.063274000","1889","52","10.0.0.2","57552","23.52.120.63","443","0","826","214253"
"41.417789","41.417789000","41.063291000","1890","52","10.0.0.2","57552","23.52.120.63","443","0","826","214497"
"41.417805","41.417805000","41.063307000","1891","52","10.0.0.2","57552","23.52.120.63","443","0","826","214741"
"41.418407","41.418407000","41.063909000","1892","296","23.52.120.63","443","10.0.0.2","57552","244","223769","826"
"41.418431","41.418431000","41.063933000","1893","296","23.52.120.63","443","10.0.0.2","57552","244","224013","826"
"41.418480","41.418480000","41.063982000","1894","296","23.52.120.63","443","10.0.0.2","57552","244","224257","826"
"41.418492","41.418492000","41.063994000","1895","296","23.52.120.63","443","10.0.0.2","57552","244","224501","826"
"41.418537","41.418537000","41.064039000","1896","296","23.52.120.63","443","10.0.0.2","57552","244","224745","826"
"41.418548","41.418548000","41.064050000","1897","296","23.52.120.63","443","10.0.0.2","57552","244","224989","826"
"41.479744","41.479744000","41.125246000","1898","52","10.0.0.2","57552","23.52.120.63","443","0","826","214985"
"41.479778","41.479778000","41.125280000","1899","52","10.0.0.2","57552","23.52.120.63","443","0","826","215229"
"41.479797","41.479797000","41.125299000","1900","52","10.0.0.2","57552","23.52.120.63","443","0","826","215473"
"41.479812","41.479812000","41.125314000","1901","52","10.0.0.2","57552","23.52.120.63","443","0","826","215717"
"41.479829","41.479829000","41.125331000","1902","52","10.0.0.2","57552","23.52.120.63","443","0","826","215961"
"41.480376","41.480376000","41.125878000","1903","296","23.52.120.63","443","10.0.0.2","57552","244","225233","826"
"41.480399","41.480399000","41.125901000","1904","296","23.52.120.63","443","10.0.0.2","57552","244","225477","826"
"41.480449","41.480449000","41.125951000","1905","296","23.52.120.63","443","10.0.0.2","57552","244","225721","826"
"41.480461","41.480461000","41.125963000","1906","296","23.52.120.63","443","10.0.0.2","57552","244","225965","826"
"41.480494","41.480494000","41.125996000","1907","296","23.52.120.63","443","10.0.0.2","57552","244","226209","826"
"41.542659","41.542659000","41.188161000","1908","52","10.0.0.2","57552","23.52.120.63","443","0","826","216205"
"41.542691","41.542691000","41.188193000","1909","52","10.0.0.2","57552","23.52.120.63","443","0","826","216449"
"41.542711","41.542711000","41.188213000","1910","52","10.0.0.2","57552","23.52.120.63","443","0","826","216693"
"41.542727","41.542727000","41.188229000","1911","52","10.0.0.2","57552","23.52.120.63","443","0","826","216937"
"41.542745","41.542745000","41.188247000","1912","52","10.0.0.2","57552","23.52.120.63","443","0","826","217181"
"41.543285","41.543285000","41.188787000","1913","296","23.52.120.63","443","10.0.0.2","57552","244","226453","826"
"41.543310","41.543310000","41.188812000","1914","296","23.52.120.63","443","10.0.0.2","57552","244","226697","826"
"41.543359","41.543359000","41.188861000","1915","296","23.52.120.63","443","10.0.0.2","57552","244","226941","826"
"41.543371","41.543371000","41.188873000","1916","296","23.52.120.63","443","10.0.0.2","57552","244","227185","826"
"41.543404","41.543404000","41.188906000","1917","296","23.52.120.63","443","10.0.0.2","57552","244","227429","826"
"41.604449","41.604449000","41.249951000","1918","52","10.0.0.2","57552","23.52.120.63","443","0","826","217425"
"41.604478","41.604478000","41.249980000","1919","52","10.0.0.2","57552","23.52.120.63","443","0","826","217669"
"41.604496","41.604496000","41.249998000","1920","52","10.0.0.2","57552","23.52.120.63","443","0","826","217913"
"41.604511","41.604511000","41.250013000","1921","52","10.0.0.2","57552","23.52.120.63","443","0","826","218157"
"41.604526","41.604526000","41.250028000","1922","52","10.0.0.2","57552","23.52.120.63","443","0","826","218401"
"41.605091","41.605091000","41.250593000","1923","296","23.52.120.63","443","10.0.0.2","57552","244","227673","826"
"41.605114","41.605114000","41.250616000","1924","296","23.52.120.63","443","10.0.0.2","57552","244","227917","826"
"41.605163","41.605163000","41.250665000","1925","296","23.52.120.63","443","10.0.0.2","57552","244","228161","826"
"41.605175","41.605175000","41.250677000","1926","296","23.52.120.63","443","10.0.0.2","57552","244","228405","826"
"41.605220","41.605220000","41.250722000","1927","296","23.52.120.63","443","10.0.0.2","57552","244","228649","826"
"41.605232","41.605232000","41.250734000","1928","296","23.52.120.63","443","10.0.0.2","57552","244","228893","826"
"41.667195","41.667195000","41.312697000","1929","52","10.0.0.2","57552","23.52.120.63","443","0","826","218645"
"41.667225","41.667225000","41.312727000","1930","52","10.0.0.2","57552","23.52.120.63","443","0","826","218889"
"41.667243","41.667243000","41.312745000","1931","52","10.0.0.2","57552","23.52.120.63","443","0","826","219133"
"41.667258","41.667258000","41.312760000","1932","52","10.0.0.2","57552","23.52.120.63","443","0","826","219377"
"41.667273","41.667273000","41.312775000","1933","52","10.0.0.2","57552","23.52.120.63","443","0","826","219621"
"41.667815","41.667815000","41.313317000","1934","296","23.52.120.63","443","10.0.0.2","57552","244","229137","826"
"41.667839","41.667839000","41.313341000","1935","296","23.52.120.63","443","10.0.0.2","57552","244","229381","826"
"41.667888","41.667888000","41.313390000","1936","296","23.52.120.63","443","10.0.0.2","57552","244","229625","826"
"41.667900","41.667900000","41.313402000","1937","296","23.52.120.63","443","10.0.0.2","57552","244","229869","826"
"41.667968","41.667968000","41.313470000","1938","296","23.52.120.63","443","10.0.0.2","57552","244","230113","826"
"41.729958","41.729958000","41.375460000","1939","52","10.0.0.2","57552","23.52.120.63","443","0","826","219865"
"41.730004","41.730004000","41.375506000","1940","52","10.0.0.2","57552","23.52.120.63","443","0","826","220109"
"41.730020","41.730020000","41.375522000","1941","52","10.0.0.2","57552","23.52.120.63","443","0","826","220353"
"41.730035","41.730035000","41.375537000","1942","52","10.0.0.2","57552","23.52.120.63","443","0","826","220597"
"41.730050","41.730050000","41.375552000","1943","52","10.0.0.2","57552","23.52.120.63","443","0","826","220841"
"41.730556","41.730556000","41.376058000","1944","296","23.52.120.63","443","10.0.0.2","57552","244","230357","826"
"41.730581","41.730581000","41.376083000","1945","296","23.52.120.63","443","10.0.0.2","57552","244","230601","826"
"41.730629","41.730629000","41.376131000","1946","296","23.52.120.63","443","10.0.0.2","57552","244","230845","826"
"41.730642","41.730642000","41.376144000","1947","296","23.52.120.63","443","10.0.0.2","57552","244","231089","826"
"41.730687","41.730687000","41.376189000","1948","296","23.52.120.63","443","10.0.0.2","57552","244","231333","826"
"41.730699","41.730699000","41.376201000","1949","296","23.52.120.63","443","10.0.0.2","57552","244","231577","826"
"41.792834","41.792834000","41.438336000","1950","52","10.0.0.2","57552","23.52.120.63","443","0","826","221085"
"41.792865","41.792865000","41.438367000","1951","52","10.0.0.2","57552","23.52.120.63","443","0","826","221329"
"41.792884","41.792884000","41.438386000","1952","52","10.0.0.2","57552","23.52.120.63","443","0","826","221573"
"41.792900","41.792900000","41.438402000","1953","52","10.0.0.2","57552","23.52.120.63","443","0","826","221817"
"41.792955","41.792955000","41.438457000","1954","52","10.0.0.2","57552","23.52.120.63","443","0","826","222061"
"41.793466","41.793466000","41.438968000","1955","296","23.52.120.63","443","10.0.0.2","57552","244","231821","826"
"41.793489","41.793489000","41.438991000","1956","296","23.52.120.63","443","10.0.0.2","57552","244","232065","826"
"41.793537","41.793537000","41.439039000","1957","296","23.52.120.63","443","10.0.0.2","57552","244","232309","826"
"41.793549","41.793549000","41.439051000","1958","296","23.52.120.63","443","10.0.0.2","57552","244","232553","826"
"41.793582","41.793582000","41.439084000","1959","296","23.52.120.63","443","10.0.0.2","57552","244","232797","826"
"41.854652","41.854652000","41.500154000","1960","52","10.0.0.2","57552","23.52.120.63","443","0","826","222305"
"41.854681","41.854681000","41.500183000","1961","52","10.0.0.2","57552","23.52.120.63","443","0","826","222549"
"41.854699","41.854699000","41.500201000","1962","52","10.0.0.2","57552","23.52.120.63","443","0","826","223281"
"41.855317","41.855317000","41.500819000","1963","296","23.52.120.63","443","10.0.0.2","57552","244","233041","826"
"41.855341","41.855341000","41.500843000","1964","296","23.52.120.63","443","10.0.0.2","57552","244","233285","826"
"41.855390","41.855390000","41.500892000","1965","296","23.52.120.63","443","10.0.0.2","57552","244","233529","826"
"41.855402","41.855402000","41.500904000","1966","296","23.52.120.63","443","10.0.0.2","57552","244","233773","826"
"41.855447","41.855447000","41.500949000","1967","296","23.52.120.63","443","10.0.0.2","57552","244","234017","826"
"41.855458","41.855458000","41.500960000","1968","296","23.52.120.63","443","10.0.0.2","57552","244","234261","826"
"41.917347","41.917347000","41.562849000","1969","52","10.0.0.2","57552","23.52.120.63","443","0","826","223525"
"41.917375","41.917375000","41.562877000","1970","52","10.0.0.2","57552","23.52.120.63","443","0","826","223769"
"41.917393","41.917393000","41.562895000","1971","52","10.0.0.2","57552","23.52.120.63","443","0","826","224013"
"41.917407","41.917407000","41.562909000","1972","52","10.0.0.2","57552","23.52.120.63","443","0","826","224257"
"41.917422","41.917422000","41.562924000","1973","52","10.0.0.2","57552","23.52.120.63","443","0","826","224501"
"41.918004","41.918004000","41.563506000","1974","296","23.52.120.63","443","10.0.0.2","57552","244","234505","826"
"41.918028","41.918028000","41.563530000","1975","296","23.52.120.63","443","10.0.0.2","57552","244","234749","826"
"41.918076","41.918076000","41.563578000","1976","296","23.52.120.63","443","10.0.0.2","57552","244","234993","826"
"41.918088","41.918088000","41.563590000","1977","296","23.52.120.63","443","10.0.0.2","57552","244","235237","826"
"41.918120","41.918120000","41.563622000","1978","296","23.52.120.63","443","10.0.0.2","57552","244","235481","826"
"41.979221","41.979221000","41.624723000","1979","52","10.0.0.2","57552","23.52.120.63","443","0","826","224745"
"41.979250","41.979250000","41.624752000","1980","52","10.0.0.2","57552","23.52.120.63","443","0","826","224989"
"41.979268","41.979268000","41.624770000","1981","52","10.0.0.2","57552","23.52.120.63","443","0","826","225233"
"41.979285","41.979285000","41.624787000","1982","52","10.0.0.2","57552","23.52.120.63","443","0","826","225477"
"41.979302","41.979302000","41.624804000","1983","52","10.0.0.2","57552","23.52.120.63","443","0","826","225721"
"41.979840","41.979840000","41.625342000","1984","296","23.52.120.63","443","10.0.0.2","57552","244","235725","826"
"41.979864","41.979864000","41.625366000","1985","296","23.52.120.63","443","10.0.0.2","57552","244","235969","826"
"41.979941","41.979941000","41.625443000","1986","296","23.52.120.63","443","10.0.0.2","57552","244","236213","826"
"41.979954","41.979954000","41.625456000","1987","296","23.52.120.63","443","10.0.0.2","57552","244","236457","826"
"41.980005","41.980005000","41.625507000","1988","296","23.52.120.63","443","10.0.0.2","57552","244","236701","826"
"41.980017","41.980017000","41.625519000","1989","296","23.52.120.63","443","10.0.0.2","57552","244","236945","826"
"42.043042","42.043042000","41.688544000","1990","52","10.0.0.2","57552","23.52.120.63","443","0","826","225965"
"42.043070","42.043070000","41.688572000","1991","52","10.0.0.2","57552","23.52.120.63","443","0","826","226209"
"42.043087","42.043087000","41.688589000","1992","52","10.0.0.2","57552","23.52.120.63","443","0","826","226453"
"42.043103","42.043103000","41.688605000","1993","52","10.0.0.2","57552","23.52.120.63","443","0","826","226697"
"42.043118","42.043118000","41.688620000","1994","52","10.0.0.2","57552","23.52.120.63","443","0","826","226941"
"42.043651","42.043651000","41.689153000","1995","296","23.52.120.63","443","10.0.0.2","57552","244","237189","826"
"42.043677","42.043677000","41.689179000","1996","296","23.52.120.63","443","10.0.0.2","57552","244","237433","826"
"42.043729","42.043729000","41.689231000","1997","296","23.52.120.63","443","10.0.0.2","57552","244","237677","826"
"42.043741","42.043741000","41.689243000","1998","296","23.52.120.63","443","10.0.0.2","57552","244","237921","826"
"42.043774","42.043774000","41.689276000","1999","296","23.52.120.63","443","10.0.0.2","57552","244","238165","826"
"42.105009","42.105009000","41.750511000","2000","52","10.0.0.2","57552","23.52.120.63","443","0","826","227185"
"42.105041","42.105041000","41.750543000","2001","52","10.0.0.2","57552","23.52.120.63","443","0","826","227429"
"42.105061","42.105061000","41.750563000","2002","52","10.0.0.2","57552","23.52.120.63","443","0","826","227673"
"42.105079","42.105079000","41.750581000","2003","52","10.0.0.2","57552","23.52.120.63","443","0","826","227917"
"42.105098","42.105098000","41.750600000","2004","52","10.0.0.2","57552","23.52.120.63","443","0","826","228161"
"42.105589","42.105589000","41.751091000","2005","296","23.52.120.63","443","10.0.0.2","57552","244","238409","826"
"42.105614","42.105614000","41.751116000","2006","296","23.52.120.63","443","10.0.0.2","57552","244","238653","826"
"42.105663","42.105663000","41.751165000","2007","296","23.52.120.63","443","10.0.0.2","57552","244","238897","826"
"42.105675","42.105675000","41.751177000","2008","296","23.52.120.63","443","10.0.0.2","57552","244","239141","826"
"42.105720","42.105720000","41.751222000","2009","296","23.52.120.63","443","10.0.0.2","57552","244","239385","826"
"42.105731","42.105731000","41.751233000","2010","296","23.52.120.63","443","10.0.0.2","57552","244","239629","826"
"42.167940","42.167940000","41.813442000","2011","52","10.0.0.2","57552","23.52.120.63","443","0","826","228405"
"42.167983","42.167983000","41.813485000","2012","52","10.0.0.2","57552","23.52.120.63","443","0","826","228649"
"42.168001","42.168001000","41.813503000","2013","52","10.0.0.2","57552","23.52.120.63","443","0","826","228893"
"42.168019","42.168019000","41.813521000","2014","52","10.0.0.2","57552","23.52.120.63","443","0","826","229137"
"42.168035","42.168035000","41.813537000","2015","52","10.0.0.2","57552","23.52.120.63","443","0","826","229381"
"42.168420","42.168420000","41.813922000","2016","296","23.52.120.63","443","10.0.0.2","57552","244","239873","826"
"42.168457","42.168457000","41.813959000","2017","296","23.52.120.63","443","10.0.0.2","57552","244","240117","826"
"42.168508","42.168508000","41.814010000","2018","296","23.52.120.63","443","10.0.0.2","57552","244","240361","826"
"42.168520","42.168520000","41.814022000","2019","296","23.52.120.63","443","10.0.0.2","57552","244","240605","826"
"42.168554","42.168554000","41.814056000","2020","296","23.52.120.63","443","10.0.0.2","57552","244","240849","826"
"42.229462","42.229462000","41.874964000","2021","52","10.0.0.2","57552","23.52.120.63","443","0","826","229625"
"42.229488","42.229488000","41.874990000","2022","52","10.0.0.2","57552","23.52.120.63","443","0","826","229869"
"42.229501","42.229501000","41.875003000","2023","52","10.0.0.2","57552","23.52.120.63","443","0","826","230113"
"42.229513","42.229513000","41.875015000","2024","52","10.0.0.2","57552","23.52.120.63","443","0","826","230357"
"42.229525","42.229525000","41.875027000","2025","52","10.0.0.2","57552","23.52.120.63","443","0","826","230601"
"42.230059","42.230059000","41.875561000","2026","296","23.52.120.63","443","10.0.0.2","57552","244","241093","826"
"42.230098","42.230098000","41.875600000","2027","296","23.52.120.63","443","10.0.0.2","57552","244","241337","826"
"42.230149","42.230149000","41.875651000","2028","296","23.52.120.63","443","10.0.0.2","57552","244","241581","826"
"42.230162","42.230162000","41.875664000","2029","296","23.52.120.63","443","10.0.0.2","57552","244","241825","826"
"42.230208","42.230208000","41.875710000","2030","296","23.52.120.63","443","10.0.0.2","57552","244","242069","826"
"42.230220","42.230220000","41.875722000","2031","296","23.52.120.63","443","10.0.0.2","57552","244","242313","826"
"42.292417","42.292417000","41.937919000","2032","52","10.0.0.2","57552","23.52.120.63","443","0","826","230845"
"42.292448","42.292448000","41.937950000","2033","52","10.0.0.2","57552","23.52.120.63","443","0","826","231089"
"42.292469","42.292469000","41.937971000","2034","52","10.0.0.2","57552","23.52.120.63","443","0","826","231333"
"42.292485","42.292485000","41.937987000","2035","52","10.0.0.2","57552","23.52.120.63","443","0","826","231577"
"42.292502","42.292502000","41.938004000","2036","52","10.0.0.2","57552","23.52.120.63","443","0","826","231821"
"42.293029","42.293029000","41.938531000","2037","296","23.52.120.63","443","10.0.0.2","57552","244","242557","826"
"42.293068","42.293068000","41.938570000","2038","296","23.52.120.63","443","10.0.0.2","57552","244","242801","826"
"42.293117","42.293117000","41.938619000","2039","296","23.52.120.63","443","10.0.0.2","57552","244","243045","826"
"42.293130","42.293130000","41.938632000","2040","296","23.52.120.63","443","10.0.0.2","57552","244","243289","826"
"42.293179","42.293179000","41.938681000","2041","296","23.52.120.63","443","10.0.0.2","57552","244","243533","826"
"42.293191","42.293191000","41.938693000","2042","296","23.52.120.63","443","10.0.0.2","57552","244","243777","826"
"42.354319","42.354319000","41.999821000","2043","52","10.0.0.2","57552","23.52.120.63","443","0","826","232065"
"42.354350","42.354350000","41.999852000","2044","52","10.0.0.2","57552","23.52.120.63","443","0","826","232309"
"42.354368","42.354368000","41.999870000","2045","52","10.0.0.2","57552","23.52.120.63","443","0","826","232553"
"42.354386","42.354386000","41.999888000","2046","52","10.0.0.2","57552","23.52.120.63","443","0","826","232797"
"42.354404","42.354404000","41.999906000","2047","52","10.0.0.2","57552","23.52.120.63","443","0","826","233041"
"42.354892","42.354892000","42.000394000","2048","296","23.52.120.63","443","10.0.0.2","57552","244","244021","826"
"42.354968","42.354968000","42.000470000","2049","296","23.52.120.63","443","10.0.0.2","57552","244","244265","826"
"42.355023","42.355023000","42.000525000","2050","296","23.52.120.63","443","10.0.0.2","57552","244","244509","826"
"42.355035","42.355035000","42.000537000","2051","296","23.52.120.63","443","10.0.0.2","57552","244","244753","826"
"42.355071","42.355071000","42.000573000","2052","296","23.52.120.63","443","10.0.0.2","57552","244","244997","826"
"42.417687","42.417687000","42.063189000","2053","52","10.0.0.2","57552","23.52.120.63","443","0","826","233285"
"42.417715","42.417715000","42.063217000","2054","52","10.0.0.2","57552","23.52.120.63","443","0","826","233529"
"42.417733","42.417733000","42.063235000","2055","52","10.0.0.2","57552","23.52.120.63","443","0","826","233773"
"42.417748","42.417748000","42.063250000","2056","52","10.0.0.2","57552","23.52.120.63","443","0","826","234017"
"42.417764","42.417764000","42.063266000","2057","52","10.0.0.2","57552","23.52.120.63","443","0","826","234261"
"42.418299","42.418299000","42.063801000","2058","296","23.52.120.63","443","10.0.0.2","57552","244","245241","826"
"42.418336","42.418336000","42.063838000","2059","296","23.52.120.63","443","10.0.0.2","57552","244","245485","826"
"42.418390","42.418390000","42.063892000","2060","296","23.52.120.63","443","10.0.0.2","57552","244","245729","826"
"42.418402","42.418402000","42.063904000","2061","296","23.52.120.63","443","10.0.0.2","57552","244","245973","826"
"42.418447","42.418447000","42.063949000","2062","296","23.52.120.63","443","10.0.0.2","57552","244","246217","826"
"42.418459","42.418459000","42.063961000","2063","296","23.52.120.63","443","10.0.0.2","57552","244","246461","826"
"42.479783","42.479783000","42.125285000","2064","52","10.0.0.2","57552","23.52.120.63","443","0","826","234505"
"42.479833","42.479833000","42.125335000","2065","52","10.0.0.2","57552","23.52.120.63","443","0","826","234749"
"42.479853","42.479853000","42.125355000","2066","52","10.0.0.2","57552","23.52.120.63","443","0","826","234993"
"42.479869","42.479869000","42.125371000","2067","52","10.0.0.2","57552","23.52.120.63","443","0","826","235481"
"42.480338","42.480338000","42.125840000","2068","296","23.52.120.63","443","10.0.0.2","57552","244","246705","826"
"42.480374","42.480374000","42.125876000","2069","296","23.52.120.63","443","10.0.0.2","57552","244","246949","826"
"42.480460","42.480460000","42.125962000","2070","296","23.52.120.63","443","10.0.0.2","57552","244","247193","826"
"42.480474","42.480474000","42.125976000","2071","296","23.52.120.63","443","10.0.0.2","57552","244","247437","826"
"42.480521","42.480521000","42.126023000","2072","296","23.52.120.63","443","10.0.0.2","57552","244","247681","826"
"42.480541","42.480541000","42.126043000","2073","296","23.52.120.63","443","10.0.0.2","57552","244","247925","826"
"42.542780","42.542780000","42.188282000","2074","52","10.0.0.2","57552","23.52.120.63","443","0","826","235725"
"42.542812","42.542812000","42.188314000","2075","52","10.0.0.2","57552","23.52.120.63","443","0","826","235969"
"42.542832","42.542832000","42.188334000","2076","52","10.0.0.2","57552","23.52.120.63","443","0","826","236213"
"42.542849","42.542849000","42.188351000","2077","52","10.0.0.2","57552","23.52.120.63","443","0","826","236457"
"42.542867","42.542867000","42.188369000","2078","52","10.0.0.2","57552","23.52.120.63","443","0","826","236701"
"42.543381","42.543381000","42.188883000","2079","296","23.52.120.63","443","10.0.0.2","57552","244","248169","826"
"42.543419","42.543419000","42.188921000","2080","296","23.52.120.63","443","10.0.0.2","57552","244","248413","826"
"42.543471","42.543471000","42.188973000","2081","296","23.52.120.63","443","10.0.0.2","57552","244","248657","826"
"42.543482","42.543482000","42.188984000","2082","296","23.52.120.63","443","10.0.0.2","57552","244","248901","826"
"42.543528","42.543528000","42.189030000","2083","296","23.52.120.63","443","10.0.0.2","57552","244","249145","826"
"42.543539","42.543539000","42.189041000","2084","296","23.52.120.63","443","10.0.0.2","57552","244","249389","826"
"42.604199","42.604199000","42.249701000","2085","52","10.0.0.2","57552","23.52.120.63","443","0","826","236945"
"42.604229","42.604229000","42.249731000","2086","52","10.0.0.2","57552","23.52.120.63","443","0","826","237189"
"42.604247","42.604247000","42.249749000","2087","52","10.0.0.2","57552","23.52.120.63","443","0","826","237433"
"42.604261","42.604261000","42.249763000","2088","52","10.0.0.2","57552","23.52.120.63","443","0","826","237677"
"42.604276","42.604276000","42.249778000","2089","52","10.0.0.2","57552","23.52.120.63","443","0","826","237921"
"42.604747","42.604747000","42.250249000","2090","296","23.52.120.63","443","10.0.0.2","57552","244","249633","826"
"42.604780","42.604780000","42.250282000","2091","296","23.52.120.63","443","10.0.0.2","57552","244","249877","826"
"42.604834","42.604834000","42.250336000","2092","296","23.52.120.63","443","10.0.0.2","57552","244","250121","826"
"42.604847","42.604847000","42.250349000","2093","296","23.52.120.63","443","10.0.0.2","57552","244","250365","826"
"42.604880","42.604880000","42.250382000","2094","296","23.52.120.63","443","10.0.0.2","57552","244","250609","826"
"42.667200","42.667200000","42.312702000","2095","52","10.0.0.2","57552","23.52.120.63","443","0","826","238165"
"42.667228","42.667228000","42.312730000","2096","52","10.0.0.2","57552","23.52.120.63","443","0","826","238409"
"42.667248","42.667248000","42.312750000","2097","52","10.0.0.2","57552","23.52.120.63","443","0","826","238653"
"42.667265","42.667265000","42.312767000","2098","52","10.0.0.2","57552","23.52.120.63","443","0","826","238897"
"42.667282","42.667282000","42.312784000","2099","52","10.0.0.2","57552","23.52.120.63","443","0","826","239141"
"42.667717","42.667717000","42.313219000","2100","296","23.52.120.63","443","10.0.0.2","57552","244","250853","826"
"42.667753","42.667753000","42.313255000","2101","296","23.52.120.63","443","10.0.0.2","57552","244","251097","826"
"42.667803","42.667803000","42.313305000","2102","296","23.52.120.63","443","10.0.0.2","57552","244","251341","826"
"42.667816","42.667816000","42.313318000","2103","296","23.52.120.63","443","10.0.0.2","57552","244","251585","826"
"42.667849","42.667849000","42.313351000","2104","296","23.52.120.63","443","10.0.0.2","57552","244","251829","826"
"42.667895","42.667895000","42.313397000","2105","296","23.52.120.63","443","10.0.0.2","57552","244","252073","826"
"42.667924","42.667924000","42.313426000","2106","296","23.52.120.63","443","10.0.0.2","57552","244","252317","826"
"42.729297","42.729297000","42.374799000","2107","52","10.0.0.2","57552","23.52.120.63","443","0","826","239385"
"42.729331","42.729331000","42.374833000","2108","52","10.0.0.2","57552","23.52.120.63","443","0","826","239629"
"42.729351","42.729351000","42.374853000","2109","52","10.0.0.2","57552","23.52.120.63","443","0","826","239873"
"42.729368","42.729368000","42.374870000","2110","52","10.0.0.2","57552","23.52.120.63","443","0","826","240117"
"42.729386","42.729386000","42.374888000","2111","52","10.0.0.2","57552","23.52.120.63","443","0","826","240361"
"42.729828","42.729828000","42.375330000","2112","296","23.52.120.63","443","10.0.0.2","57552","244","252561","826"
"42.729864","42.729864000","42.375366000","2113","296","23.52.120.63","443","10.0.0.2","57552","244","252805","826"
"42.729941","42.729941000","42.375443000","2114","296","23.52.120.63","443","10.0.0.2","57552","244","253049","826"
"42.729955","42.729955000","42.375457000","2115","296","23.52.120.63","443","10.0.0.2","57552","244","253293","826"
"42.729991","42.729991000","42.375493000","2116","296","23.52.120.63","443","10.0.0.2","57552","244","253537","826"
"42.792490","42.792490000","42.437992000","2117","52","10.0.0.2","57552","23.52.120.63","443","0","826","240605"
"42.792520","42.792520000","42.438022000","2118","52","10.0.0.2","57552","23.52.120.63","443","0","826","240849"
"42.792539","42.792539000","42.438041000","2119","52","10.0.0.2","57552","23.52.120.63","443","0","826","241093"
"42.792555","42.792555000","42.438057000","2120","52","10.0.0.2","57552","23.52.120.63","443","0","826","241337"
"42.792568","42.792568000","42.438070000","2121","52","10.0.0.2","57552","23.52.120.63","443","0","826","241581"
"42.793016","42.793016000","42.438518000","2122","296","23.52.120.63","443","10.0.0.2","57552","244","253781","826"
"42.793053","42.793053000","42.438555000","2123","296","23.52.120.63","443","10.0.0.2","57552","244","254025","826"
"42.793104","42.793104000","42.438606000","2124","296","23.52.120.63","443","10.0.0.2","57552","244","254269","826"
"42.793116","42.793116000","42.438618000","2125","296","23.52.120.63","443","10.0.0.2","57552","244","254513","826"
"42.793162","42.793162000","42.438664000","2126","296","23.52.120.63","443","10.0.0.2","57552","244","254757","826"
"42.793174","42.793174000","42.438676000","2127","296","23.52.120.63","443","10.0.0.2","57552","244","255001","826"
"42.854535","42.854535000","42.500037000","2128","52","10.0.0.2","57552","23.52.120.63","443","0","826","241825"
"42.854567","42.854567000","42.500069000","2129","52","10.0.0.2","57552","23.52.120.63","443","0","826","242069"
"42.854586","42.854586000","42.500088000","2130","52","10.0.0.2","57552","23.52.120.63","443","0","826","242313"
"42.854602","42.854602000","42.500104000","2131","52","10.0.0.2","57552","23.52.120.63","443","0","826","242557"
"42.854618","42.854618000","42.500120000","2132","52","10.0.0.2","57552","23.52.120.63","443","0","826","242801"
"42.855081","42.855081000","42.500583000","2133","296","23.52.120.63","443","10.0.0.2","57552","244","255245","826"
"42.855118","42.855118000","42.500620000","2134","296","23.52.120.63","443","10.0.0.2","57552","244","255489","826"
"42.855169","42.855169000","42.500671000","2135","296","23.52.120.63","443","10.0.0.2","57552","244","255733","826"
"42.855181","42.855181000","42.500683000","2136","296","23.52.120.63","443","10.0.0.2","57552","244","255977","826"
"42.855227","42.855227000","42.500729000","2137","296","23.52.120.63","443","10.0.0.2","57552","244","256221","826"
"42.855238","42.855238000","42.500740000","2138","296","23.52.120.63","443","10.0.0.2","57552","244","256465","826"
"42.917824","42.917824000","42.563326000","2139","52","10.0.0.2","57552","23.52.120.63","443","0","826","243045"
"42.917854","42.917854000","42.563356000","2140","52","10.0.0.2","57552","23.52.120.63","443","0","826","244021"
"42.918425","42.918425000","42.563927000","2141","296","23.52.120.63","443","10.0.0.2","57552","244","256709","826"
"42.918461","42.918461000","42.563963000","2142","296","23.52.120.63","443","10.0.0.2","57552","244","256953","826"
"42.918514","42.918514000","42.564016000","2143","296","23.52.120.63","443","10.0.0.2","57552","244","257197","826"
"42.918526","42.918526000","42.564028000","2144","296","23.52.120.63","443","10.0.0.2","57552","244","257441","826"
"42.918571","42.918571000","42.564073000","2145","296","23.52.120.63","443","10.0.0.2","57552","244","257685","826"
"42.918582","42.918582000","42.564084000","2146","296","23.52.120.63","443","10.0.0.2","57552","244","257929","826"
"42.979783","42.979783000","42.625285000","2147","52","10.0.0.2","57552","23.52.120.63","443","0","826","244509"
"42.979815","42.979815000","42.625317000","2148","52","10.0.0.2","57552","23.52.120.63","443","0","826","245241"
"42.980439","42.980439000","42.625941000","2149","296","23.52.120.63","443","10.0.0.2","57552","244","258173","826"
"42.980474","42.980474000","42.625976000","2150","296","23.52.120.63","443","10.0.0.2","57552","244","258417","826"
"42.980524","42.980524000","42.626026000","2151","296","23.52.120.63","443","10.0.0.2","57552","244","258661","826"
"42.980536","42.980536000","42.626038000","2152","296","23.52.120.63","443","10.0.0.2","57552","244","258905","826"
"42.980582","42.980582000","42.626084000","2153","296","23.52.120.63","443","10.0.0.2","57552","244","259149","826"
"42.980594","42.980594000","42.626096000","2154","296","23.52.120.63","443","10.0.0.2","57552","244","259393","826"
"43.042827","43.042827000","42.688329000","2155","52","10.0.0.2","57552","23.52.120.63","443","0","826","245729"
"43.042859","43.042859000","42.688361000","2156","52","10.0.0.2","57552","23.52.120.63","443","0","826","246461"
"43.043480","43.043480000","42.688982000","2157","296","23.52.120.63","443","10.0.0.2","57552","244","259637","826"
"43.043516","43.043516000","42.689018000","2158","296","23.52.120.63","443","10.0.0.2","57552","244","259881","826"
"43.043571","43.043571000","42.689073000","2159","296","23.52.120.63","443","10.0.0.2","57552","244","260125","826"
"43.043583","43.043583000","42.689085000","2160","296","23.52.120.63","443","10.0.0.2","57552","244","260369","826"
"43.043629","43.043629000","42.689131000","2161","296","23.52.120.63","443","10.0.0.2","57552","244","260613","826"
"43.043640","43.043640000","42.689142000","2162","296","23.52.120.63","443","10.0.0.2","57552","244","260857","826"
"43.104131","43.104131000","42.749633000","2163","52","10.0.0.2","57552","23.52.120.63","443","0","826","246949"
"43.104160","43.104160000","42.749662000","2164","52","10.0.0.2","57552","23.52.120.63","443","0","826","247681"
"43.104730","43.104730000","42.750232000","2165","296","23.52.120.63","443","10.0.0.2","57552","244","261101","826"
"43.104772","43.104772000","42.750274000","2166","296","23.52.120.63","443","10.0.0.2","57552","244","261345","826"
"43.104832","43.104832000","42.750334000","2167","296","23.52.120.63","443","10.0.0.2","57552","244","261589","826"
"43.104850","43.104850000","42.750352000","2168","296","23.52.120.63","443","10.0.0.2","57552","244","261833","826"
"43.104929","43.104929000","42.750431000","2169","296","23.52.120.63","443","10.0.0.2","57552","244","262077","826"
"43.104957","43.104957000","42.750459000","2170","296","23.52.120.63","443","10.0.0.2","57552","244","262321","826"
"43.168065","43.168065000","42.813567000","2171","52","10.0.0.2","57552","23.52.120.63","443","0","826","248169"
"43.168095","43.168095000","42.813597000","2172","52","10.0.0.2","57552","23.52.120.63","443","0","826","248901"
"43.168741","43.168741000","42.814243000","2173","296","23.52.120.63","443","10.0.0.2","57552","244","262565","826"
"43.168785","43.168785000","42.814287000","2174","296","23.52.120.63","443","10.0.0.2","57552","244","262809","826"
"43.169100","43.169100000","42.814602000","2175","296","23.52.120.63","443","10.0.0.2","57552","244","263053","826"
"43.169121","43.169121000","42.814623000","2176","296","23.52.120.63","443","10.0.0.2","57552","244","263297","826"
"43.169171","43.169171000","42.814673000","2177","296","23.52.120.63","443","10.0.0.2","57552","244","263541","826"
"43.169183","43.169183000","42.814685000","2178","296","23.52.120.63","443","10.0.0.2","57552","244","263785","826"
"43.229242","43.229242000","42.874744000","2179","52","10.0.0.2","57552","23.52.120.63","443","0","826","249389"
"43.229271","43.229271000","42.874773000","2180","52","10.0.0.2","57552","23.52.120.63","443","0","826","250121"
"43.229846","43.229846000","42.875348000","2181","296","23.52.120.63","443","10.0.0.2","57552","244","264029","826"
"43.229882","43.229882000","42.875384000","2182","296","23.52.120.63","443","10.0.0.2","57552","244","264273","826"
"43.229961","43.229961000","42.875463000","2183","296","23.52.120.63","443","10.0.0.2","57552","244","264517","826"
"43.229974","43.229974000","42.875476000","2184","296","23.52.120.63","443","10.0.0.2","57552","244","264761","826"
"43.230022","43.230022000","42.875524000","2185","296","23.52.120.63","443","10.0.0.2","57552","244","265005","826"
"43.230033","43.230033000","42.875535000","2186","296","23.52.120.63","443","10.0.0.2","57552","244","265249","826"
"43.292615","43.292615000","42.938117000","2187","52","10.0.0.2","57552","23.52.120.63","443","0","826","250609"
"43.292639","43.292639000","42.938141000","2188","52","10.0.0.2","57552","23.52.120.63","443","0","826","251341"
"43.292956","43.292956000","42.938458000","2189","296","23.52.120.63","443","10.0.0.2","57552","244","265493","826"
"43.292965","43.292965000","42.938467000","2190","296","23.52.120.63","443","10.0.0.2","57552","244","265737","826"
"43.292978","43.292978000","42.938480000","2191","296","23.52.120.63","443","10.0.0.2","57552","244","265981","826"
"43.292981","43.292981000","42.938483000","2192","296","23.52.120.63","443","10.0.0.2","57552","244","266225","826"
"43.292992","43.292992000","42.938494000","2193","296","23.52.120.63","443","10.0.0.2","57552","244","266469","826"
"43.292995","43.292995000","42.938497000","2194","296","23.52.120.63","443","10.0.0.2","57552","244","266713","826"
"43.354547","43.354547000","43.000049000","2195","52","10.0.0.2","57552","23.52.120.63","443","0","826","251829"
"43.354571","43.354571000","43.000073000","2196","52","10.0.0.2","57552","23.52.120.63","443","0","826","252317"
"43.355125","43.355125000","43.000627000","2197","296","23.52.120.63","443","10.0.0.2","57552","244","266957","826"
"43.355160","43.355160000","43.000662000","2198","296","23.52.120.63","443","10.0.0.2","57552","244","267201","826"
"43.355211","43.355211000","43.000713000","2199","296","23.52.120.63","443","10.0.0.2","57552","244","267445","826"
"43.355223","43.355223000","43.000725000","2200","296","23.52.120.63","443","10.0.0.2","57552","244","267689","826"
"43.355256","43.355256000","43.000758000","2201","296","23.52.120.63","443","10.0.0.2","57552","244","267933","826"
"43.417481","43.417481000","43.062983000","2202","52","10.0.0.2","57552","23.52.120.63","443","0","826","252317"
"43.417513","43.417513000","43.063015000","2203","52","10.0.0.2","57552","23.52.120.63","443","0","826","252317"
"43.417533","43.417533000","43.063035000","2204","52","10.0.0.2","57552","23.52.120.63","443","0","826","252317"
"43.417548","43.417548000","43.063050000","2205","52","10.0.0.2","57552","23.52.120.63","443","0","826","252317"
"43.417565","43.417565000","43.063067000","2206","52","10.0.0.2","57552","23.52.120.63","443","0","826","252317"
"43.418113","43.418113000","43.063615000","2207","296","23.52.120.63","443","10.0.0.2","57552","244","268177","826"
"43.418149","43.418149000","43.063651000","2208","296","23.52.120.63","443","10.0.0.2","57552","244","268421","826"
"43.418199","43.418199000","43.063701000","2209","296","23.52.120.63","443","10.0.0.2","57552","244","252317","826"
"43.418211","43.418211000","43.063713000","2210","296","23.52.120.63","443","10.0.0.2","57552","244","268665","826"
"43.479484","43.479484000","43.124986000","2211","52","10.0.0.2","57552","23.52.120.63","443","0","826","252317"
"43.479510","43.479510000","43.125012000","2212","52","10.0.0.2","57552","23.52.120.63","443","0","826","252317"
"43.479523","43.479523000","43.125025000","2213","52","10.0.0.2","57552","23.52.120.63","443","0","826","252317"
"43.479535","43.479535000","43.125037000","2214","52","10.0.0.2","57552","23.52.120.63","443","0","826","252317"
"43.479546","43.479546000","43.125048000","2215","52","10.0.0.2","57552","23.52.120.63","443","0","826","252317"
"43.479982","43.479982000","43.125484000","2216","296","23.52.120.63","443","10.0.0.2","57552","244","268909","826"
"43.480018","43.480018000","43.125520000","2217","296","23.52.120.63","443","10.0.0.2","57552","244","269153","826"
"43.480056","43.480056000","43.125558000","2218","296","23.52.120.63","443","10.0.0.2","57552","244","269397","826"
"43.542809","43.542809000","43.188311000","2219","52","10.0.0.2","57552","23.52.120.63","443","0","826","252317"
"43.542837","43.542837000","43.188339000","2220","52","10.0.0.2","57552","23.52.120.63","443","0","826","252317"
"43.542853","43.542853000","43.188355000","2221","52","10.0.0.2","57552","23.52.120.63","443","0","826","252317"
"43.542868","43.542868000","43.188370000","2222","52","10.0.0.2","57552","23.52.120.63","443","0","826","252317"
"43.542881","43.542881000","43.188383000","2223","52","10.0.0.2","57552","23.52.120.63","443","0","826","252317"
"43.543344","43.543344000","43.188846000","2224","296","23.52.120.63","443","10.0.0.2","57552","244","269641","826"
"43.543380","43.543380000","43.188882000","2225","296","23.52.120.63","443","10.0.0.2","57552","244","269885","826"
"43.543493","43.543493000","43.188995000","2226","296","23.52.120.63","443","10.0.0.2","57552","244","270129","826"
"43.543512","43.543512000","43.189014000","2227","296","23.52.120.63","443","10.0.0.2","57552","244","270373","826"
"43.604818","43.604818000","43.250320000","2228","52","10.0.0.2","57552","23.52.120.63","443","0","826","252317"
"43.604853","43.604853000","43.250355000","2229","52","10.0.0.2","57552","23.52.120.63","443","0","826","252317"
"43.604871","43.604871000","43.250373000","2230","52","10.0.0.2","57552","23.52.120.63","443","0","826","252317"
"43.604886","43.604886000","43.250388000","2231","52","10.0.0.2","57552","23.52.120.63","443","0","826","252317"
"43.604904","43.604904000","43.250406000","2232","52","10.0.0.2","57552","23.52.120.63","443","0","826","252317"
"43.605431","43.605431000","43.250933000","2233","296","23.52.120.63","443","10.0.0.2","57552","244","270617","826"
"43.605467","43.605467000","43.250969000","2234","296","23.52.120.63","443","10.0.0.2","57552","244","270861","826"
"43.605505","43.605505000","43.251007000","2235","296","23.52.120.63","443","10.0.0.2","57552","244","271105","826"
"43.667801","43.667801000","43.313303000","2236","52","10.0.0.2","57552","23.52.120.63","443","0","826","252317"
"43.667832","43.667832000","43.313334000","2237","52","10.0.0.2","57552","23.52.120.63","443","0","826","252317"
"43.667852","43.667852000","43.313354000","2238","52","10.0.0.2","57552","23.52.120.63","443","0","826","252317"
"43.667867","43.667867000","43.313369000","2239","52","10.0.0.2","57552","23.52.120.63","443","0","826","252317"
"43.667883","43.667883000","43.313385000","2240","52","10.0.0.2","57552","23.52.120.63","443","0","826","252317"
"43.668323","43.668323000","43.313825000","2241","296","23.52.120.63","443","10.0.0.2","57552","244","271349","826"
"43.668397","43.668397000","43.313899000","2242","296","23.52.120.63","443","10.0.0.2","57552","244","271593","826"
"43.668411","43.668411000","43.313913000","2243","296","23.52.120.63","443","10.0.0.2","57552","244","271837","826"
"43.668510","43.668510000","43.314012000","2244","296","23.52.120.63","443","10.0.0.2","57552","244","272081","826"
"43.729216","43.729216000","43.374718000","2245","52","10.0.0.2","57552","23.52.120.63","443","0","826","252317"
"43.729244","43.729244000","43.374746000","2246","52","10.0.0.2","57552","23.52.120.63","443","0","826","252317"
"43.729261","43.729261000","43.374763000","2247","52","10.0.0.2","57552","23.52.120.63","443","0","826","252317"
"43.729276","43.729276000","43.374778000","2248","52","10.0.0.2","57552","23.52.120.63","443","0","826","252317"
"43.729290","43.729290000","43.374792000","2249","52","10.0.0.2","57552","23.52.120.63","443","0","826","252317"
"43.729739","43.729739000","43.375241000","2250","296","23.52.120.63","443","10.0.0.2","57552","244","272325","826"
"43.729772","43.729772000","43.375274000","2251","296","23.52.120.63","443","10.0.0.2","57552","244","272569","826"
"43.729999","43.729999000","43.375501000","2252","296","23.52.120.63","443","10.0.0.2","57552","244","272813","826"
"43.792227","43.792227000","43.437729000","2253","52","10.0.0.2","57552","23.52.120.63","443","0","826","252317"
"43.792259","43.792259000","43.437761000","2254","52","10.0.0.2","57552","23.52.120.63","443","0","826","252317"
"43.792277","43.792277000","43.437779000","2255","52","10.0.0.2","57552","23.52.120.63","443","0","826","252317"
"43.792294","43.792294000","43.437796000","2256","52","10.0.0.2","57552","23.52.120.63","443","0","826","252317"
"43.792311","43.792311000","43.437813000","2257","52","10.0.0.2","57552","23.52.120.63","443","0","826","252317"
"43.792731","43.792731000","43.438233000","2258","296","23.52.120.63","443","10.0.0.2","57552","244","273057","826"
"43.792768","43.792768000","43.438270000","2259","296","23.52.120.63","443","10.0.0.2","57552","244","273301","826"
"43.792850","43.792850000","43.438352000","2260","296","23.52.120.63","443","10.0.0.2","57552","244","273545","826"
"43.793037","43.793037000","43.438539000","2261","296","23.52.120.63","443","10.0.0.2","57552","244","273789","826"
"43.854203","43.854203000","43.499705000","2262","52","10.0.0.2","57552","23.52.120.63","443","0","826","252317"
"43.854231","43.854231000","43.499733000","2263","52","10.0.0.2","57552","23.52.120.63","443","0","826","252317"
"43.854248","43.854248000","43.499750000","2264","52","10.0.0.2","57552","23.52.120.63","443","0","826","252317"
"43.854265","43.854265000","43.499767000","2265","52","10.0.0.2","57552","23.52.120.63","443","0","826","252317"
"43.854281","43.854281000","43.499783000","2266","52","10.0.0.2","57552","23.52.120.63","443","0","826","252317"
"43.854801","43.854801000","43.500303000","2267","296","23.52.120.63","443","10.0.0.2","57552","244","274033","826"
"43.854837","43.854837000","43.500339000","2268","296","23.52.120.63","443","10.0.0.2","57552","244","274277","826"
"43.854906","43.854906000","43.500408000","2269","296","23.52.120.63","443","10.0.0.2","57552","244","274521","826"
"43.917690","43.917690000","43.563192000","2270","52","10.0.0.2","57552","23.52.120.63","443","0","826","252317"
"43.917720","43.917720000","43.563222000","2271","52","10.0.0.2","57552","23.52.120.63","443","0","826","252317"
"43.917737","43.917737000","43.563239000","2272","52","10.0.0.2","57552","23.52.120.63","443","0","826","252317"
"43.917752","43.917752000","43.563254000","2273","52","10.0.0.2","57552","23.52.120.63","443","0","826","252317"
"43.917766","43.917766000","43.563268000","2274","52","10.0.0.2","57552","23.52.120.63","443","0","826","252317"
"43.917781","43.917781000","43.563283000","2275","52","10.0.0.2","57552","23.52.120.63","443","0","826","252317"
"43.918195","43.918195000","43.563697000","2276","296","23.52.120.63","443","10.0.0.2","57552","244","274765","826"
"43.918274","43.918274000","43.563776000","2277","296","23.52.120.63","443","10.0.0.2","57552","244","275009","826"
"43.918287","43.918287000","43.563789000","2278","296","23.52.120.63","443","10.0.0.2","57552","244","275253","826"
"43.918508","43.918508000","43.564010000","2279","296","23.52.120.63","443","10.0.0.2","57552","244","275497","826"
"43.979760","43.979760000","43.625262000","2280","52","10.0.0.2","57552","23.52.120.63","443","0","826","252317"
"43.979789","43.979789000","43.625291000","2281","52","10.0.0.2","57552","23.52.120.63","443","0","826","252317"
"43.979812","43.979812000","43.625314000","2282","52","10.0.0.2","57552","23.52.120.63","443","0","826","252317"
"43.979831","43.979831000","43.625333000","2283","52","10.0.0.2","57552","23.52.120.63","443","0","826","252317"
"43.979847","43.979847000","43.625349000","2284","52","10.0.0.2","57552","23.52.120.63","443","0","826","252317"
"43.980380","43.980380000","43.625882000","2285","296","23.52.120.63","443","10.0.0.2","57552","244","275741","826"
"43.980415","43.980415000","43.625917000","2286","296","23.52.120.63","443","10.0.0.2","57552","244","275985","826"
"43.980466","43.980466000","43.625968000","2287","296","23.52.120.63","443","10.0.0.2","57552","244","276229","826"
"43.980478","43.980478000","43.625980000","2288","296","23.52.120.63","443","10.0.0.2","57552","244","276473","826"
"44.042657","44.042657000","43.688159000","2289","52","10.0.0.2","57552","23.52.120.63","443","0","826","252317"
"44.042688","44.042688000","43.688190000","2290","52","10.0.0.2","57552","23.52.120.63","443","0","826","252317"
"44.042705","44.042705000","43.688207000","2291","52","10.0.0.2","57552","23.52.120.63","443","0","826","252317"
"44.042722","44.042722000","43.688224000","2292","52","10.0.0.2","57552","23.52.120.63","443","0","826","252317"
"44.042740","44.042740000","43.688242000","2293","52","10.0.0.2","57552","23.52.120.63","443","0","826","252317"
"44.104451","44.104451000","43.749953000","2294","52","10.0.0.2","57552","23.52.120.63","443","0","826","255001"
"44.104480","44.104480000","43.749982000","2295","52","10.0.0.2","57552","23.52.120.63","443","0","826","255001"
"44.104498","44.104498000","43.750000000","2296","52","10.0.0.2","57552","23.52.120.63","443","0","826","255001"
"44.104512","44.104512000","43.750014000","2297","52","10.0.0.2","57552","23.52.120.63","443","0","826","255001"
"44.104526","44.104526000","43.750028000","2298","52","10.0.0.2","57552","23.52.120.63","443","0","826","255001"
"44.104995","44.104995000","43.750497000","2299","296","23.52.120.63","443","10.0.0.2","57552","244","255001","826"
"44.105030","44.105030000","43.750532000","2300","296","23.52.120.63","443","10.0.0.2","57552","244","276717","826"
"44.105082","44.105082000","43.750584000","2301","296","23.52.120.63","443","10.0.0.2","57552","244","276961","826"
"44.105094","44.105094000","43.750596000","2302","296","23.52.120.63","443","10.0.0.2","57552","244","277205","826"
"44.105139","44.105139000","43.750641000","2303","296","23.52.120.63","443","10.0.0.2","57552","244","277449","826"
"44.105151","44.105151000","43.750653000","2304","296","23.52.120.63","443","10.0.0.2","57552","244","277693","826"
"44.167153","44.167153000","43.812655000","2305","52","10.0.0.2","57552","23.52.120.63","443","0","826","255001"
"44.167180","44.167180000","43.812682000","2306","52","10.0.0.2","57552","23.52.120.63","443","0","826","255001"
"44.167197","44.167197000","43.812699000","2307","52","10.0.0.2","57552","23.52.120.63","443","0","826","255001"
"44.167212","44.167212000","43.812714000","2308","52","10.0.0.2","57552","23.52.120.63","443","0","826","255001"
"44.167226","44.167226000","43.812728000","2309","52","10.0.0.2","57552","23.52.120.63","443","0","826","255001"
"44.167668","44.167668000","43.813170000","2310","296","23.52.120.63","443","10.0.0.2","57552","244","277937","826"
"44.167705","44.167705000","43.813207000","2311","296","23.52.120.63","443","10.0.0.2","57552","244","278181","826"
"44.167756","44.167756000","43.813258000","2312","296","23.52.120.63","443","10.0.0.2","57552","244","278425","826"
"44.167768","44.167768000","43.813270000","2313","296","23.52.120.63","443","10.0.0.2","57552","244","278669","826"
"44.167832","44.167832000","43.813334000","2314","296","23.52.120.63","443","10.0.0.2","57552","244","278913","826"
"44.229436","44.229436000","43.874938000","2315","52","10.0.0.2","57552","23.52.120.63","443","0","826","255001"
"44.229466","44.229466000","43.874968000","2316","52","10.0.0.2","57552","23.52.120.63","443","0","826","255001"
"44.229484","44.229484000","43.874986000","2317","52","10.0.0.2","57552","23.52.120.63","443","0","826","255001"
"44.229499","44.229499000","43.875001000","2318","52","10.0.0.2","57552","23.52.120.63","443","0","826","255001"
"44.229513","44.229513000","43.875015000","2319","52","10.0.0.2","57552","23.52.120.63","443","0","826","255001"
"44.229977","44.229977000","43.875479000","2320","296","23.52.120.63","443","10.0.0.2","57552","244","279157","826"
"44.230012","44.230012000","43.875514000","2321","296","23.52.120.63","443","10.0.0.2","57552","244","279401","826"
"44.230064","44.230064000","43.875566000","2322","296","23.52.120.63","443","10.0.0.2","57552","244","279645","826"
"44.230076","44.230076000","43.875578000","2323","296","23.52.120.63","443","10.0.0.2","57552","244","279889","826"
"44.230108","44.230108000","43.875610000","2324","296","23.52.120.63","443","10.0.0.2","57552","244","280133","826"
"44.292752","44.292752000","43.938254000","2325","52","10.0.0.2","57552","23.52.120.63","443","0","826","255001"
"44.292779","44.292779000","43.938281000","2326","52","10.0.0.2","57552","23.52.120.63","443","0","826","255001"
"44.292797","44.292797000","43.938299000","2327","52","10.0.0.2","57552","23.52.120.63","443","0","826","255001"
"44.292810","44.292810000","43.938312000","2328","52","10.0.0.2","57552","23.52.120.63","443","0","826","255001"
"44.292821","44.292821000","43.938323000","2329","52","10.0.0.2","57552","23.52.120.63","443","0","826","255001"
"44.293273","44.293273000","43.938775000","2330","296","23.52.120.63","443","10.0.0.2","57552","244","280377","826"
"44.293310","44.293310000","43.938812000","2331","296","23.52.120.63","443","10.0.0.2","57552","244","280621","826"
"44.293361","44.293361000","43.938863000","2332","296","23.52.120.63","443","10.0.0.2","57552","244","280865","826"
"44.293372","44.293372000","43.938874000","2333","296","23.52.120.63","443","10.0.0.2","57552","244","281109","826"
"44.293465","44.293465000","43.938967000","2334","296","23.52.120.63","443","10.0.0.2","57552","244","281353","826"
"44.354343","44.354343000","43.999845000","2335","52","10.0.0.2","57552","23.52.120.63","443","0","826","255001"
"44.354372","44.354372000","43.999874000","2336","52","10.0.0.2","57552","23.52.120.63","443","0","826","255001"
"44.354389","44.354389000","43.999891000","2337","52","10.0.0.2","57552","23.52.120.63","443","0","826","255001"
"44.354404","44.354404000","43.999906000","2338","52","10.0.0.2","57552","23.52.120.63","443","0","826","255001"
"44.354418","44.354418000","43.999920000","2339","52","10.0.0.2","57552","23.52.120.63","443","0","826","255001"
"44.354892","44.354892000","44.000394000","2340","296","23.52.120.63","443","10.0.0.2","57552","244","281597","826"
"44.354972","44.354972000","44.000474000","2341","296","23.52.120.63","443","10.0.0.2","57552","244","281841","826"
"44.355025","44.355025000","44.000527000","2342","296","23.52.120.63","443","10.0.0.2","57552","244","282085","826"
"44.355037","44.355037000","44.000539000","2343","296","23.52.120.63","443","10.0.0.2","57552","244","282329","826"
"44.355073","44.355073000","44.000575000","2344","296","23.52.120.63","443","10.0.0.2","57552","244","282573","826"
"44.417817","44.417817000","44.063319000","2345","52","10.0.0.2","57552","23.52.120.63","443","0","826","255001"
"44.417845","44.417845000","44.063347000","2346","52","10.0.0.2","57552","23.52.120.63","443","0","826","255001"
"44.417864","44.417864000","44.063366000","2347","52","10.0.0.2","57552","23.52.120.63","443","0","826","255001"
"44.417880","44.417880000","44.063382000","2348","52","10.0.0.2","57552","23.52.120.63","443","0","826","255001"
"44.417895","44.417895000","44.063397000","2349","52","10.0.0.2","57552","23.52.120.63","443","0","826","255001"
"44.418373","44.418373000","44.063875000","2350","296","23.52.120.63","443","10.0.0.2","57552","244","282817","826"
"44.418410","44.418410000","44.063912000","2351","296","23.52.120.63","443","10.0.0.2","57552","244","283061","826"
"44.418461","44.418461000","44.063963000","2352","296","23.52.120.63","443","10.0.0.2","57552","244","283305","826"
"44.418473","44.418473000","44.063975000","2353","296","23.52.120.63","443","10.0.0.2","57552","244","283549","826"
"44.418507","44.418507000","44.064009000","2354","296","23.52.120.63","443","10.0.0.2","57552","244","283793","826"
"44.480039","44.480039000","44.125541000","2355","52","10.0.0.2","57552","23.52.120.63","443","0","826","255001"
"44.480068","44.480068000","44.125570000","2356","52","10.0.0.2","57552","23.52.120.63","443","0","826","255001"
"44.480080","44.480080000","44.125582000","2357","52","10.0.0.2","57552","23.52.120.63","443","0","826","255001"
"44.480092","44.480092000","44.125594000","2358","52","10.0.0.2","57552","23.52.120.63","443","0","826","255001"
"44.480104","44.480104000","44.125606000","2359","52","10.0.0.2","57552","23.52.120.63","443","0","826","256465"
"44.480512","44.480512000","44.126014000","2360","296","23.52.120.63","443","10.0.0.2","57552","244","284037","826"
"44.480589","44.480589000","44.126091000","2361","296","23.52.120.63","443","10.0.0.2","57552","244","284281","826"
"44.480602","44.480602000","44.126104000","2362","296","23.52.120.63","443","10.0.0.2","57552","244","284525","826"
"44.480636","44.480636000","44.126138000","2363","296","23.52.120.63","443","10.0.0.2","57552","244","284769","826"
"44.480682","44.480682000","44.126184000","2364","296","23.52.120.63","443","10.0.0.2","57552","244","256465","826"
"44.480694","44.480694000","44.126196000","2365","296","23.52.120.63","443","10.0.0.2","57552","244","285013","826"
"44.542778","44.542778000","44.188280000","2366","52","10.0.0.2","57552","23.52.120.63","443","0","826","256465"
"44.542808","44.542808000","44.188310000","2367","52","10.0.0.2","57552","23.52.120.63","443","0","826","256465"
"44.542827","44.542827000","44.188329000","2368","52","10.0.0.2","57552","23.52.120.63","443","0","826","256465"
"44.542843","44.542843000","44.188345000","2369","52","10.0.0.2","57552","23.52.120.63","443","0","826","256465"
"44.542858","44.542858000","44.188360000","2370","52","10.0.0.2","57552","23.52.120.63","443","0","826","256465"
"44.543346","44.543346000","44.188848000","2371","296","23.52.120.63","443","10.0.0.2","57552","244","285257","826"
"44.543383","44.543383000","44.188885000","2372","296","23.52.120.63","443","10.0.0.2","57552","244","285501","826"
"44.543433","44.543433000","44.188935000","2373","296","23.52.120.63","443","10.0.0.2","57552","244","285745","826"
"44.543445","44.543445000","44.188947000","2374","296","23.52.120.63","443","10.0.0.2","57552","244","285989","826"
"44.543478","44.543478000","44.188980000","2375","296","23.52.120.63","443","10.0.0.2","57552","244","286233","826"
"44.604283","44.604283000","44.249785000","2376","52","10.0.0.2","57552","23.52.120.63","443","0","826","256465"
"44.604311","44.604311000","44.249813000","2377","52","10.0.0.2","57552","23.52.120.63","443","0","826","256465"
"44.604328","44.604328000","44.249830000","2378","52","10.0.0.2","57552","23.52.120.63","443","0","826","256465"
"44.604342","44.604342000","44.249844000","2379","52","10.0.0.2","57552","23.52.120.63","443","0","826","256465"
"44.604357","44.604357000","44.249859000","2380","52","10.0.0.2","57552","23.52.120.63","443","0","826","256465"
"44.604806","44.604806000","44.250308000","2381","296","23.52.120.63","443","10.0.0.2","57552","244","286477","826"
"44.604842","44.604842000","44.250344000","2382","296","23.52.120.63","443","10.0.0.2","57552","244","286721","826"
"44.604895","44.604895000","44.250397000","2383","296","23.52.120.63","443","10.0.0.2","57552","244","286965","826"
"44.604940","44.604940000","44.250442000","2384","296","23.52.120.63","443","10.0.0.2","57552","244","287209","826"
"44.604976","44.604976000","44.250478000","2385","296","23.52.120.63","443","10.0.0.2","57552","244","287453","826"
"44.667296","44.667296000","44.312798000","2386","52","10.0.0.2","57552","23.52.120.63","443","0","826","256465"
"44.667328","44.667328000","44.312830000","2387","52","10.0.0.2","57552","23.52.120.63","443","0","826","256465"
"44.667347","44.667347000","44.312849000","2388","52","10.0.0.2","57552","23.52.120.63","443","0","826","256465"
"44.667363","44.667363000","44.312865000","2389","52","10.0.0.2","57552","23.52.120.63","443","0","826","256465"
"44.667380","44.667380000","44.312882000","2390","52","10.0.0.2","57552","23.52.120.63","443","0","826","256465"
"44.667804","44.667804000","44.313306000","2391","296","23.52.120.63","443","10.0.0.2","57552","244","287697","826"
"44.667841","44.667841000","44.313343000","2392","296","23.52.120.63","443","10.0.0.2","57552","244","287941","826"
"44.667892","44.667892000","44.313394000","2393","296","23.52.120.63","443","10.0.0.2","57552","244","288185","826"
"44.667905","44.667905000","44.313407000","2394","296","23.52.120.63","443","10.0.0.2","57552","244","288429","826"
"44.667966","44.667966000","44.313468000","2395","296","23.52.120.63","443","10.0.0.2","57552","244","288673","826"
"44.730049","44.730049000","44.375551000","2396","52","10.0.0.2","57552","23.52.120.63","443","0","826","256465"
"44.730071","44.730071000","44.375573000","2397","52","10.0.0.2","57552","23.52.120.63","443","0","826","256465"
"44.730083","44.730083000","44.375585000","2398","52","10.0.0.2","57552","23.52.120.63","443","0","826","256465"
"44.730095","44.730095000","44.375597000","2399","52","10.0.0.2","57552","23.52.120.63","443","0","826","256465"
"44.730107","44.730107000","44.375609000","2400","52","10.0.0.2","57552","23.52.120.63","443","0","826","256465"
"44.730523","44.730523000","44.376025000","2401","296","23.52.120.63","443","10.0.0.2","57552","244","288917","826"
"44.792894","44.792894000","44.438396000","2402","52","10.0.0.2","57552","23.52.120.63","443","0","826","256465"
"44.792958","44.792958000","44.438460000","2403","52","10.0.0.2","57552","23.52.120.63","443","0","826","256465"
"44.792978","44.792978000","44.438480000","2404","52","10.0.0.2","57552","23.52.120.63","443","0","826","256465"
"44.792996","44.792996000","44.438498000","2405","52","10.0.0.2","57552","23.52.120.63","443","0","826","256465"
"44.793013","44.793013000","44.438515000","2406","52","10.0.0.2","57552","23.52.120.63","443","0","826","256465"
"44.854830","44.854830000","44.500332000","2407","52","10.0.0.2","57552","23.52.120.63","443","0","826","256465"
"44.854859","44.854859000","44.500361000","2408","52","10.0.0.2","57552","23.52.120.63","443","0","826","256465"
"44.854877","44.854877000","44.500379000","2409","52","10.0.0.2","57552","23.52.120.63","443","0","826","256465"
"44.854892","44.854892000","44.500394000","2410","52","10.0.0.2","57552","23.52.120.63","443","0","826","256465"
"44.854927","44.854927000","44.500429000","2411","52","10.0.0.2","57552","23.52.120.63","443","0","826","256465"
"44.917477","44.917477000","44.562979000","2412","52","10.0.0.2","57552","23.52.120.63","443","0","826","256465"
"44.917508","44.917508000","44.563010000","2413","52","10.0.0.2","57552","23.52.120.63","443","0","826","256465"
"44.917528","44.917528000","44.563030000","2414","52","10.0.0.2","57552","23.52.120.63","443","0","826","256465"
"44.917545","44.917545000","44.563047000","2415","52","10.0.0.2","57552","23.52.120.63","443","0","826","256465"
"44.917563","44.917563000","44.563065000","2416","52","10.0.0.2","57552","23.52.120.63","443","0","826","257929"
"44.918242","44.918242000","44.563744000","2417","296","23.52.120.63","443","10.0.0.2","57552","244","257929","826"
"44.979641","44.979641000","44.625143000","2418","52","10.0.0.2","57552","23.52.120.63","443","0","826","257929"
"44.979674","44.979674000","44.625176000","2419","52","10.0.0.2","57552","23.52.120.63","443","0","826","257929"
"44.979693","44.979693000","44.625195000","2420","52","10.0.0.2","57552","23.52.120.63","443","0","826","257929"
"44.979712","44.979712000","44.625214000","2421","52","10.0.0.2","57552","23.52.120.63","443","0","826","257929"
"44.979729","44.979729000","44.625231000","2422","52","10.0.0.2","57552","23.52.120.63","443","0","826","257929"
"45.043015","45.043015000","44.688517000","2423","52","10.0.0.2","57552","23.52.120.63","443","0","826","257929"
"45.043044","45.043044000","44.688546000","2424","52","10.0.0.2","57552","23.52.120.63","443","0","826","257929"
"45.043061","45.043061000","44.688563000","2425","52","10.0.0.2","57552","23.52.120.63","443","0","826","257929"
"45.043076","45.043076000","44.688578000","2426","52","10.0.0.2","57552","23.52.120.63","443","0","826","257929"
"45.043091","45.043091000","44.688593000","2427","52","10.0.0.2","57552","23.52.120.63","443","0","826","257929"
"45.104872","45.104872000","44.750374000","2428","52","10.0.0.2","57552","23.52.120.63","443","0","826","257929"
"45.104902","45.104902000","44.750404000","2429","52","10.0.0.2","57552","23.52.120.63","443","0","826","257929"
"45.104951","45.104951000","44.750453000","2430","52","10.0.0.2","57552","23.52.120.63","443","0","826","257929"
"45.104970","45.104970000","44.750472000","2431","52","10.0.0.2","57552","23.52.120.63","443","0","826","257929"
"45.104990","45.104990000","44.750492000","2432","52","10.0.0.2","57552","23.52.120.63","443","0","826","257929"
"45.168086","45.168086000","44.813588000","2433","52","10.0.0.2","57552","23.52.120.63","443","0","826","257929"
"45.168116","45.168116000","44.813618000","2434","52","10.0.0.2","57552","23.52.120.63","443","0","826","257929"
"45.229378","45.229378000","44.874880000","2435","52","10.0.0.2","57552","23.52.120.63","443","0","826","259393"
"45.230035","45.230035000","44.875537000","2436","296","23.52.120.63","443","10.0.0.2","57552","244","259393","826"
"45.542678","45.542678000","45.188180000","2437","52","10.0.0.2","57552","23.52.120.63","443","0","826","260857"
"45.543307","45.543307000","45.188809000","2438","296","23.52.120.63","443","10.0.0.2","57552","244","260857","826"
"45.854855","45.854855000","45.500357000","2439","52","10.0.0.2","57552","23.52.120.63","443","0","826","262321"
"45.855498","45.855498000","45.501000000","2440","296","23.52.120.63","443","10.0.0.2","57552","244","262321","826"
"46.168116","46.168116000","45.813618000","2441","52","10.0.0.2","57552","23.52.120.63","443","0","826","263785"
"46.168736","46.168736000","45.814238000","2442","296","23.52.120.63","443","10.0.0.2","57552","244","263785","826"
"46.479387","46.479387000","46.124889000","2443","52","10.0.0.2","57552","23.52.120.63","443","0","826","265249"
"46.480089","46.480089000","46.125591000","2444","296","23.52.120.63","443","10.0.0.2","57552","244","265249","826"
"46.792712","46.792712000","46.438214000","2445","52","10.0.0.2","57552","23.52.120.63","443","0","826","266713"
"46.793605","46.793605000","46.439107000","2446","296","23.52.120.63","443","10.0.0.2","57552","244","266713","826"
"46.793653","46.793653000","46.439155000","2447","296","23.52.120.63","443","10.0.0.2","57552","244","289161","826"
"46.793717","46.793717000","46.439219000","2448","296","23.52.120.63","443","10.0.0.2","57552","244","289405","826"
"46.793731","46.793731000","46.439233000","2449","296","23.52.120.63","443","10.0.0.2","57552","244","289649","826"
"46.793776","46.793776000","46.439278000","2450","296","23.52.120.63","443","10.0.0.2","57552","244","289893","826"
"46.793788","46.793788000","46.439290000","2451","296","23.52.120.63","443","10.0.0.2","57552","244","290137","826"
"46.793833","46.793833000","46.439335000","2452","296","23.52.120.63","443","10.0.0.2","57552","244","290381","826"
"46.793845","46.793845000","46.439347000","2453","296","23.52.120.63","443","10.0.0.2","57552","244","290625","826"
"46.793888","46.793888000","46.439390000","2454","296","23.52.120.63","443","10.0.0.2","57552","244","290869","826"
"46.793900","46.793900000","46.439402000","2455","296","23.52.120.63","443","10.0.0.2","57552","244","291113","826"
"46.793980","46.793980000","46.439482000","2456","296","23.52.120.63","443","10.0.0.2","57552","244","291357","826"
"46.793996","46.793996000","46.439498000","2457","296","23.52.120.63","443","10.0.0.2","57552","244","291601","826"
"46.794041","46.794041000","46.439543000","2458","296","23.52.120.63","443","10.0.0.2","57552","244","291845","826"
"46.794052","46.794052000","46.439554000","2459","296","23.52.120.63","443","10.0.0.2","57552","244","292089","826"
"46.794096","46.794096000","46.439598000","2460","296","23.52.120.63","443","10.0.0.2","57552","244","292333","826"
"46.794109","46.794109000","46.439611000","2461","296","23.52.120.63","443","10.0.0.2","57552","244","292577","826"
"46.794154","46.794154000","46.439656000","2462","296","23.52.120.63","443","10.0.0.2","57552","244","292821","826"
"46.794165","46.794165000","46.439667000","2463","296","23.52.120.63","443","10.0.0.2","57552","244","293065","826"
"46.794209","46.794209000","46.439711000","2464","296","23.52.120.63","443","10.0.0.2","57552","244","293309","826"
"46.794221","46.794221000","46.439723000","2465","296","23.52.120.63","443","10.0.0.2","57552","244","293553","826"
"46.794265","46.794265000","46.439767000","2466","296","23.52.120.63","443","10.0.0.2","57552","244","293797","826"
"46.794278","46.794278000","46.439780000","2467","296","23.52.120.63","443","10.0.0.2","57552","244","294041","826"
"46.794322","46.794322000","46.439824000","2468","296","23.52.120.63","443","10.0.0.2","57552","244","294285","826"
"46.794335","46.794335000","46.439837000","2469","296","23.52.120.63","443","10.0.0.2","57552","244","294529","826"
"46.794381","46.794381000","46.439883000","2470","296","23.52.120.63","443","10.0.0.2","57552","244","294773","826"
"46.794395","46.794395000","46.439897000","2471","296","23.52.120.63","443","10.0.0.2","57552","244","295017","826"
"46.794440","46.794440000","46.439942000","2472","296","23.52.120.63","443","10.0.0.2","57552","244","295261","826"
"46.794451","46.794451000","46.439953000","2473","296","23.52.120.63","443","10.0.0.2","57552","244","295505","826"
"46.794495","46.794495000","46.439997000","2474","296","23.52.120.63","443","10.0.0.2","57552","244","295749","826"
"46.794508","46.794508000","46.440010000","2475","296","23.52.120.63","443","10.0.0.2","57552","244","295993","826"
"46.794552","46.794552000","46.440054000","2476","296","23.52.120.63","443","10.0.0.2","57552","244","296237","826"
"46.794564","46.794564000","46.440066000","2477","296","23.52.120.63","443","10.0.0.2","57552","244","296481","826"
"46.794607","46.794607000","46.440109000","2478","296","23.52.120.63","443","10.0.0.2","57552","244","296725","826"
"46.794619","46.794619000","46.440121000","2479","296","23.52.120.63","443","10.0.0.2","57552","244","296969","826"
"46.794663","46.794663000","46.440165000","2480","296","23.52.120.63","443","10.0.0.2","57552","244","297213","826"
"46.794676","46.794676000","46.440178000","2481","296","23.52.120.63","443","10.0.0.2","57552","244","297457","826"
"46.794721","46.794721000","46.440223000","2482","296","23.52.120.63","443","10.0.0.2","57552","244","297701","826"
"46.794734","46.794734000","46.440236000","2483","296","23.52.120.63","443","10.0.0.2","57552","244","297945","826"
"46.794778","46.794778000","46.440280000","2484","296","23.52.120.63","443","10.0.0.2","57552","244","298189","826"
"46.794791","46.794791000","46.440293000","2485","296","23.52.120.63","443","10.0.0.2","57552","244","298433","826"
"46.794836","46.794836000","46.440338000","2486","296","23.52.120.63","443","10.0.0.2","57552","244","298677","826"
"46.794848","46.794848000","46.440350000","2487","296","23.52.120.63","443","10.0.0.2","57552","244","298921","826"
"46.794882","46.794882000","46.440384000","2488","296","23.52.120.63","443","10.0.0.2","57552","244","299165","826"
"47.104412","47.104412000","46.749914000","2489","52","10.0.0.2","57552","23.52.120.63","443","0","826","289161"
"47.104443","47.104443000","46.749945000","2490","52","10.0.0.2","57552","23.52.120.63","443","0","826","289893"
"47.104463","47.104463000","46.749965000","2491","52","10.0.0.2","57552","23.52.120.63","443","0","826","290137"
"47.105057","47.105057000","46.750559000","2492","296","23.52.120.63","443","10.0.0.2","57552","244","299409","826"
"47.105093","47.105093000","46.750595000","2493","296","23.52.120.63","443","10.0.0.2","57552","244","299653","826"
"47.105147","47.105147000","46.750649000","2494","296","23.52.120.63","443","10.0.0.2","57552","244","299897","826"
"47.105159","47.105159000","46.750661000","2495","296","23.52.120.63","443","10.0.0.2","57552","244","300141","826"
"47.105207","47.105207000","46.750709000","2496","296","23.52.120.63","443","10.0.0.2","57552","244","300385","826"
"47.105219","47.105219000","46.750721000","2497","296","23.52.120.63","443","10.0.0.2","57552","244","300629","826"
"47.105255","47.105255000","46.750757000","2498","296","23.52.120.63","443","10.0.0.2","57552","244","300873","826"
"47.167650","47.167650000","46.813152000","2499","52","10.0.0.2","57552","23.52.120.63","443","0","826","290625"
"47.167684","47.167684000","46.813186000","2500","52","10.0.0.2","57552","23.52.120.63","443","0","826","291357"
"47.168249","47.168249000","46.813751000","2501","296","23.52.120.63","443","10.0.0.2","57552","244","301117","826"
"47.168284","47.168284000","46.813786000","2502","296","23.52.120.63","443","10.0.0.2","57552","244","301361","826"
"47.168334","47.168334000","46.813836000","2503","296","23.52.120.63","443","10.0.0.2","57552","244","301605","826"
"47.168346","47.168346000","46.813848000","2504","296","23.52.120.63","443","10.0.0.2","57552","244","301849","826"
"47.168391","47.168391000","46.813893000","2505","296","23.52.120.63","443","10.0.0.2","57552","244","302093","826"
"47.168404","47.168404000","46.813906000","2506","296","23.52.120.63","443","10.0.0.2","57552","244","302337","826"
"47.229607","47.229607000","46.875109000","2507","52","10.0.0.2","57552","23.52.120.63","443","0","826","291845"
"47.229632","47.229632000","46.875134000","2508","52","10.0.0.2","57552","23.52.120.63","443","0","826","292577"
"47.230206","47.230206000","46.875708000","2509","296","23.52.120.63","443","10.0.0.2","57552","244","302581","826"
"47.230241","47.230241000","46.875743000","2510","296","23.52.120.63","443","10.0.0.2","57552","244","302825","826"
"47.230295","47.230295000","46.875797000","2511","296","23.52.120.63","443","10.0.0.2","57552","244","303069","826"
"47.230307","47.230307000","46.875809000","2512","296","23.52.120.63","443","10.0.0.2","57552","244","303313","826"
"47.230353","47.230353000","46.875855000","2513","296","23.52.120.63","443","10.0.0.2","57552","244","303557","826"
"47.230366","47.230366000","46.875868000","2514","296","23.52.120.63","443","10.0.0.2","57552","244","303801","826"
"47.292794","47.292794000","46.938296000","2515","52","10.0.0.2","57552","23.52.120.63","443","0","826","293065"
"47.292828","47.292828000","46.938330000","2516","52","10.0.0.2","57552","23.52.120.63","443","0","826","293797"
"47.293441","47.293441000","46.938943000","2517","296","23.52.120.63","443","10.0.0.2","57552","244","304045","826"
"47.293477","47.293477000","46.938979000","2518","296","23.52.120.63","443","10.0.0.2","57552","244","304289","826"
"47.293527","47.293527000","46.939029000","2519","296","23.52.120.63","443","10.0.0.2","57552","244","304533","826"
"47.293539","47.293539000","46.939041000","2520","296","23.52.120.63","443","10.0.0.2","57552","244","304777","826"
"47.293573","47.293573000","46.939075000","2521","296","23.52.120.63","443","10.0.0.2","57552","244","305021","826"
"47.354898","47.354898000","47.000400000","2522","52","10.0.0.2","57552","23.52.120.63","443","0","826","294285"
"47.354969","47.354969000","47.000471000","2523","52","10.0.0.2","57552","23.52.120.63","443","0","826","295017"
"47.355550","47.355550000","47.001052000","2524","296","23.52.120.63","443","10.0.0.2","57552","244","305265","826"
"47.355586","47.355586000","47.001088000","2525","296","23.52.120.63","443","10.0.0.2","57552","244","305509","826"
"47.355635","47.355635000","47.001137000","2526","296","23.52.120.63","443","10.0.0.2","57552","244","305753","826"
"47.355648","47.355648000","47.001150000","2527","296","23.52.120.63","443","10.0.0.2","57552","244","305997","826"
"47.355694","47.355694000","47.001196000","2528","296","23.52.120.63","443","10.0.0.2","57552","244","306241","826"
"47.355707","47.355707000","47.001209000","2529","296","23.52.120.63","443","10.0.0.2","57552","244","306485","826"
"47.417968","47.417968000","47.063470000","2530","52","10.0.0.2","57552","23.52.120.63","443","0","826","295505"
"47.418017","47.418017000","47.063519000","2531","52","10.0.0.2","57552","23.52.120.63","443","0","826","296237"
"47.418558","47.418558000","47.064060000","2532","296","23.52.120.63","443","10.0.0.2","57552","244","306729","826"
"47.418595","47.418595000","47.064097000","2533","296","23.52.120.63","443","10.0.0.2","57552","244","306973","826"
"47.418646","47.418646000","47.064148000","2534","296","23.52.120.63","443","10.0.0.2","57552","244","307217","826"
"47.418658","47.418658000","47.064160000","2535","296","23.52.120.63","443","10.0.0.2","57552","244","307461","826"
"47.418703","47.418703000","47.064205000","2536","296","23.52.120.63","443","10.0.0.2","57552","244","307705","826"
"47.418715","47.418715000","47.064217000","2537","296","23.52.120.63","443","10.0.0.2","57552","244","307949","826"
"47.479359","47.479359000","47.124861000","2538","52","10.0.0.2","57552","23.52.120.63","443","0","826","296725"
"47.479389","47.479389000","47.124891000","2539","52","10.0.0.2","57552","23.52.120.63","443","0","826","296969"
"47.479406","47.479406000","47.124908000","2540","52","10.0.0.2","57552","23.52.120.63","443","0","826","296969"
"47.479950","47.479950000","47.125452000","2541","296","23.52.120.63","443","10.0.0.2","57552","244","308193","826"
"47.479983","47.479983000","47.125485000","2542","296","23.52.120.63","443","10.0.0.2","57552","244","308437","826"
"47.480033","47.480033000","47.125535000","2543","296","23.52.120.63","443","10.0.0.2","57552","244","308681","826"
"47.480046","47.480046000","47.125548000","2544","296","23.52.120.63","443","10.0.0.2","57552","244","308925","826"
"47.542353","47.542353000","47.187855000","2545","52","10.0.0.2","57552","23.52.120.63","443","0","826","296969"
"47.542383","47.542383000","47.187885000","2546","52","10.0.0.2","57552","23.52.120.63","443","0","826","296969"
"47.542404","47.542404000","47.187906000","2547","52","10.0.0.2","57552","23.52.120.63","443","0","826","296969"
"47.542421","47.542421000","47.187923000","2548","52","10.0.0.2","57552","23.52.120.63","443","0","826","296969"
"47.542437","47.542437000","47.187939000","2549","52","10.0.0.2","57552","23.52.120.63","443","0","826","296969"
"47.542846","47.542846000","47.188348000","2550","296","23.52.120.63","443","10.0.0.2","57552","244","309169","826"
"47.542882","47.542882000","47.188384000","2551","296","23.52.120.63","443","10.0.0.2","57552","244","296969","826"
"47.542967","47.542967000","47.188469000","2552","296","23.52.120.63","443","10.0.0.2","57552","244","309413","826"
"47.542981","47.542981000","47.188483000","2553","296","23.52.120.63","443","10.0.0.2","57552","244","309657","826"
"47.604308","47.604308000","47.249810000","2554","52","10.0.0.2","57552","23.52.120.63","443","0","826","296969"
"47.604340","47.604340000","47.249842000","2555","52","10.0.0.2","57552","23.52.120.63","443","0","826","296969"
"47.604361","47.604361000","47.249863000","2556","52","10.0.0.2","57552","23.52.120.63","443","0","826","296969"
"47.604377","47.604377000","47.249879000","2557","52","10.0.0.2","57552","23.52.120.63","443","0","826","296969"
"47.604396","47.604396000","47.249898000","2558","52","10.0.0.2","57552","23.52.120.63","443","0","826","296969"
"47.604825","47.604825000","47.250327000","2559","296","23.52.120.63","443","10.0.0.2","57552","244","309901","826"
"47.604860","47.604860000","47.250362000","2560","296","23.52.120.63","443","10.0.0.2","57552","244","310145","826"
"47.604897","47.604897000","47.250399000","2561","296","23.52.120.63","443","10.0.0.2","57552","244","310389","826"
"47.604966","47.604966000","47.250468000","2562","296","23.52.120.63","443","10.0.0.2","57552","244","310633","826"
"47.667695","47.667695000","47.313197000","2563","52","10.0.0.2","57552","23.52.120.63","443","0","826","296969"
"47.667724","47.667724000","47.313226000","2564","52","10.0.0.2","57552","23.52.120.63","443","0","826","296969"
"47.667742","47.667742000","47.313244000","2565","52","10.0.0.2","57552","23.52.120.63","443","0","826","296969"
"47.667755","47.667755000","47.313257000","2566","52","10.0.0.2","57552","23.52.120.63","443","0","826","296969"
"47.667766","47.667766000","47.313268000","2567","52","10.0.0.2","57552","23.52.120.63","443","0","826","296969"
"47.668198","47.668198000","47.313700000","2568","296","23.52.120.63","443","10.0.0.2","57552","244","310877","826"
"47.668272","47.668272000","47.313774000","2569","296","23.52.120.63","443","10.0.0.2","57552","244","311121","826"
"47.668286","47.668286000","47.313788000","2570","296","23.52.120.63","443","10.0.0.2","57552","244","311365","826"
"47.729633","47.729633000","47.375135000","2571","52","10.0.0.2","57552","23.52.120.63","443","0","826","296969"
"47.729665","47.729665000","47.375167000","2572","52","10.0.0.2","57552","23.52.120.63","443","0","826","296969"
"47.729683","47.729683000","47.375185000","2573","52","10.0.0.2","57552","23.52.120.63","443","0","826","296969"
"47.729700","47.729700000","47.375202000","2574","52","10.0.0.2","57552","23.52.120.63","443","0","826","296969"
"47.729718","47.729718000","47.375220000","2575","52","10.0.0.2","57552","23.52.120.63","443","0","826","296969"
"47.730178","47.730178000","47.375680000","2576","296","23.52.120.63","443","10.0.0.2","57552","244","311609","826"
"47.730213","47.730213000","47.375715000","2577","296","23.52.120.63","443","10.0.0.2","57552","244","311853","826"
"47.730251","47.730251000","47.375753000","2578","296","23.52.120.63","443","10.0.0.2","57552","244","312097","826"
"47.730285","47.730285000","47.375787000","2579","296","23.52.120.63","443","10.0.0.2","57552","244","312341","826"
"47.792856","47.792856000","47.438358000","2580","52","10.0.0.2","57552","23.52.120.63","443","0","826","296969"
"47.792889","47.792889000","47.438391000","2581","52","10.0.0.2","57552","23.52.120.63","443","0","826","296969"
"47.792903","47.792903000","47.438405000","2582","52","10.0.0.2","57552","23.52.120.63","443","0","826","296969"
"47.792955","47.792955000","47.438457000","2583","52","10.0.0.2","57552","23.52.120.63","443","0","826","296969"
"47.792967","47.792967000","47.438469000","2584","52","10.0.0.2","57552","23.52.120.63","443","0","826","296969"
"47.793348","47.793348000","47.438850000","2585","296","23.52.120.63","443","10.0.0.2","57552","244","312585","826"
"47.793384","47.793384000","47.438886000","2586","296","23.52.120.63","443","10.0.0.2","57552","244","312829","826"
"47.793564","47.793564000","47.439066000","2587","296","23.52.120.63","443","10.0.0.2","57552","244","313073","826"
"47.854976","47.854976000","47.500478000","2588","52","10.0.0.2","57552","23.52.120.63","443","0","826","296969"
"47.855006","47.855006000","47.500508000","2589","52","10.0.0.2","57552","23.52.120.63","443","0","826","296969"
"47.855023","47.855023000","47.500525000","2590","52","10.0.0.2","57552","23.52.120.63","443","0","826","296969"
"47.855039","47.855039000","47.500541000","2591","52","10.0.0.2","57552","23.52.120.63","443","0","826","296969"
"47.855055","47.855055000","47.500557000","2592","52","10.0.0.2","57552","23.52.120.63","443","0","826","296969"
"47.855458","47.855458000","47.500960000","2593","296","23.52.120.63","443","10.0.0.2","57552","244","313317","826"
"47.855495","47.855495000","47.500997000","2594","296","23.52.120.63","443","10.0.0.2","57552","244","313561","826"
"47.855534","47.855534000","47.501036000","2595","296","23.52.120.63","443","10.0.0.2","57552","244","313805","826"
"47.855598","47.855598000","47.501100000","2596","296","23.52.120.63","443","10.0.0.2","57552","244","314049","826"
"47.917993","47.917993000","47.563495000","2597","52","10.0.0.2","57552","23.52.120.63","443","0","826","296969"
"47.918026","47.918026000","47.563528000","2598","52","10.0.0.2","57552","23.52.120.63","443","0","826","296969"
"47.918045","47.918045000","47.563547000","2599","52","10.0.0.2","57552","23.52.120.63","443","0","826","296969"
"47.918063","47.918063000","47.563565000","2600","52","10.0.0.2","57552","23.52.120.63","443","0","826","296969"
"47.918080","47.918080000","47.563582000","2601","52","10.0.0.2","57552","23.52.120.63","443","0","826","296969"
"47.918483","47.918483000","47.563985000","2602","296","23.52.120.63","443","10.0.0.2","57552","244","314293","826"
"47.918518","47.918518000","47.564020000","2603","296","23.52.120.63","443","10.0.0.2","57552","244","314537","826"
"47.918716","47.918716000","47.564218000","2604","296","23.52.120.63","443","10.0.0.2","57552","244","314781","826"
"47.979264","47.979264000","47.624766000","2605","52","10.0.0.2","57552","23.52.120.63","443","0","826","296969"
"47.979293","47.979293000","47.624795000","2606","52","10.0.0.2","57552","23.52.120.63","443","0","826","296969"
"47.979311","47.979311000","47.624813000","2607","52","10.0.0.2","57552","23.52.120.63","443","0","826","296969"
"47.979325","47.979325000","47.624827000","2608","52","10.0.0.2","57552","23.52.120.63","443","0","826","296969"
"47.979339","47.979339000","47.624841000","2609","52","10.0.0.2","57552","23.52.120.63","443","0","826","297213"
"47.979798","47.979798000","47.625300000","2610","296","23.52.120.63","443","10.0.0.2","57552","244","315025","826"
"47.979837","47.979837000","47.625339000","2611","296","23.52.120.63","443","10.0.0.2","57552","244","315269","826"
"47.979886","47.979886000","47.625388000","2612","296","23.52.120.63","443","10.0.0.2","57552","244","315513","826"
"47.979898","47.979898000","47.625400000","2613","296","23.52.120.63","443","10.0.0.2","57552","244","297213","826"
"48.042316","48.042316000","47.687818000","2614","52","10.0.0.2","57552","23.52.120.63","443","0","826","297213"
"48.042344","48.042344000","47.687846000","2615","52","10.0.0.2","57552","23.52.120.63","443","0","826","297213"
"48.042363","48.042363000","47.687865000","2616","52","10.0.0.2","57552","23.52.120.63","443","0","826","297213"
"48.042379","48.042379000","47.687881000","2617","52","10.0.0.2","57552","23.52.120.63","443","0","826","297213"
"48.042395","48.042395000","47.687897000","2618","52","10.0.0.2","57552","23.52.120.63","443","0","826","297213"
"48.043035","48.043035000","47.688537000","2619","296","23.52.120.63","443","10.0.0.2","57552","244","315757","826"
"48.043071","48.043071000","47.688573000","2620","296","23.52.120.63","443","10.0.0.2","57552","244","316001","826"
"48.043109","48.043109000","47.688611000","2621","296","23.52.120.63","443","10.0.0.2","57552","244","316245","826"
"48.104306","48.104306000","47.749808000","2622","52","10.0.0.2","57552","23.52.120.63","443","0","826","297213"
"48.104328","48.104328000","47.749830000","2623","52","10.0.0.2","57552","23.52.120.63","443","0","826","297213"
"48.104340","48.104340000","47.749842000","2624","52","10.0.0.2","57552","23.52.120.63","443","0","826","297213"
"48.104352","48.104352000","47.749854000","2625","52","10.0.0.2","57552","23.52.120.63","443","0","826","297213"
"48.104364","48.104364000","47.749866000","2626","52","10.0.0.2","57552","23.52.120.63","443","0","826","297213"
"48.104809","48.104809000","47.750311000","2627","296","23.52.120.63","443","10.0.0.2","57552","244","316489","826"
"48.104845","48.104845000","47.750347000","2628","296","23.52.120.63","443","10.0.0.2","57552","244","316733","826"
"48.104897","48.104897000","47.750399000","2629","296","23.52.120.63","443","10.0.0.2","57552","244","316977","826"
"48.104934","48.104934000","47.750436000","2630","296","23.52.120.63","443","10.0.0.2","57552","244","317221","826"
"48.104970","48.104970000","47.750472000","2631","296","23.52.120.63","443","10.0.0.2","57552","244","317465","826"
"48.167586","48.167586000","47.813088000","2632","52","10.0.0.2","57552","23.52.120.63","443","0","826","297213"
"48.167613","48.167613000","47.813115000","2633","52","10.0.0.2","57552","23.52.120.63","443","0","826","297213"
"48.167630","48.167630000","47.813132000","2634","52","10.0.0.2","57552","23.52.120.63","443","0","826","297213"
"48.167642","48.167642000","47.813144000","2635","52","10.0.0.2","57552","23.52.120.63","443","0","826","297213"
"48.167654","48.167654000","47.813156000","2636","52","10.0.0.2","57552","23.52.120.63","443","0","826","297213"
"48.168051","48.168051000","47.813553000","2637","296","23.52.120.63","443","10.0.0.2","57552","244","317709","826"
"48.168088","48.168088000","47.813590000","2638","296","23.52.120.63","443","10.0.0.2","57552","244","317953","826"
"48.168141","48.168141000","47.813643000","2639","296","23.52.120.63","443","10.0.0.2","57552","244","318197","826"
"48.168153","48.168153000","47.813655000","2640","296","23.52.120.63","443","10.0.0.2","57552","244","318441","826"
"48.168326","48.168326000","47.813828000","2641","296","23.52.120.63","443","10.0.0.2","57552","244","318685","826"
"48.229711","48.229711000","47.875213000","2642","52","10.0.0.2","57552","23.52.120.63","443","0","826","297213"
"48.229743","48.229743000","47.875245000","2643","52","10.0.0.2","57552","23.52.120.63","443","0","826","297213"
"48.229762","48.229762000","47.875264000","2644","52","10.0.0.2","57552","23.52.120.63","443","0","826","297213"
"48.229781","48.229781000","47.875283000","2645","52","10.0.0.2","57552","23.52.120.63","443","0","826","297213"
"48.229798","48.229798000","47.875300000","2646","52","10.0.0.2","57552","23.52.120.63","443","0","826","297213"
"48.230226","48.230226000","47.875728000","2647","296","23.52.120.63","443","10.0.0.2","57552","244","318929","826"
"48.230262","48.230262000","47.875764000","2648","296","23.52.120.63","443","10.0.0.2","57552","244","319173","826"
"48.230313","48.230313000","47.875815000","2649","296","23.52.120.63","443","10.0.0.2","57552","244","319417","826"
"48.230325","48.230325000","47.875827000","2650","296","23.52.120.63","443","10.0.0.2","57552","244","319661","826"
"48.230422","48.230422000","47.875924000","2651","296","23.52.120.63","443","10.0.0.2","57552","244","319905","826"
"48.292610","48.292610000","47.938112000","2652","52","10.0.0.2","57552","23.52.120.63","443","0","826","297213"
"48.292643","48.292643000","47.938145000","2653","52","10.0.0.2","57552","23.52.120.63","443","0","826","297213"
"48.292664","48.292664000","47.938166000","2654","52","10.0.0.2","57552","23.52.120.63","443","0","826","297213"
"48.292681","48.292681000","47.938183000","2655","52","10.0.0.2","57552","23.52.120.63","443","0","826","297213"
"48.292697","48.292697000","47.938199000","2656","52","10.0.0.2","57552","23.52.120.63","443","0","826","297213"
"48.293164","48.293164000","47.938666000","2657","296","23.52.120.63","443","10.0.0.2","57552","244","320149","826"
"48.293201","48.293201000","47.938703000","2658","296","23.52.120.63","443","10.0.0.2","57552","244","320393","826"
"48.293251","48.293251000","47.938753000","2659","296","23.52.120.63","443","10.0.0.2","57552","244","320637","826"
"48.293263","48.293263000","47.938765000","2660","296","23.52.120.63","443","10.0.0.2","57552","244","320881","826"
"48.293358","48.293358000","47.938860000","2661","296","23.52.120.63","443","10.0.0.2","57552","244","321125","826"
"48.354323","48.354323000","47.999825000","2662","52","10.0.0.2","57552","23.52.120.63","443","0","826","297213"
"48.354352","48.354352000","47.999854000","2663","52","10.0.0.2","57552","23.52.120.63","443","0","826","297457"
"48.354370","48.354370000","47.999872000","2664","52","10.0.0.2","57552","23.52.120.63","443","0","826","297457"
"48.354385","48.354385000","47.999887000","2665","52","10.0.0.2","57552","23.52.120.63","443","0","826","297457"
"48.354399","48.354399000","47.999901000","2666","52","10.0.0.2","57552","23.52.120.63","443","0","826","297457"
"48.354852","48.354852000","48.000354000","2667","296","23.52.120.63","443","10.0.0.2","57552","244","321369","826"
"48.354889","48.354889000","48.000391000","2668","296","23.52.120.63","443","10.0.0.2","57552","244","297457","826"
"48.354987","48.354987000","48.000489000","2669","296","23.52.120.63","443","10.0.0.2","57552","244","321613","826"
"48.355003","48.355003000","48.000505000","2670","296","23.52.120.63","443","10.0.0.2","57552","244","321857","826"
"48.355049","48.355049000","48.000551000","2671","296","23.52.120.63","443","10.0.0.2","57552","244","322101","826"
"48.355063","48.355063000","48.000565000","2672","296","23.52.120.63","443","10.0.0.2","57552","244","322345","826"
"48.417215","48.417215000","48.062717000","2673","52","10.0.0.2","57552","23.52.120.63","443","0","826","297457"
"48.417246","48.417246000","48.062748000","2674","52","10.0.0.2","57552","23.52.120.63","443","0","826","297457"
"48.417266","48.417266000","48.062768000","2675","52","10.0.0.2","57552","23.52.120.63","443","0","826","297457"
"48.417284","48.417284000","48.062786000","2676","52","10.0.0.2","57552","23.52.120.63","443","0","826","297457"
"48.417300","48.417300000","48.062802000","2677","52","10.0.0.2","57552","23.52.120.63","443","0","826","297457"
"48.417764","48.417764000","48.063266000","2678","296","23.52.120.63","443","10.0.0.2","57552","244","322589","826"
"48.417801","48.417801000","48.063303000","2679","296","23.52.120.63","443","10.0.0.2","57552","244","322833","826"
"48.417851","48.417851000","48.063353000","2680","296","23.52.120.63","443","10.0.0.2","57552","244","323077","826"
"48.417863","48.417863000","48.063365000","2681","296","23.52.120.63","443","10.0.0.2","57552","244","323321","826"
"48.417897","48.417897000","48.063399000","2682","296","23.52.120.63","443","10.0.0.2","57552","244","323565","826"
"48.479154","48.479154000","48.124656000","2683","52","10.0.0.2","57552","23.52.120.63","443","0","826","297457"
"48.479194","48.479194000","48.124696000","2684","52","10.0.0.2","57552","23.52.120.63","443","0","826","297457"
"48.479206","48.479206000","48.124708000","2685","52","10.0.0.2","57552","23.52.120.63","443","0","826","297457"
"48.479218","48.479218000","48.124720000","2686","52","10.0.0.2","57552","23.52.120.63","443","0","826","297457"
"48.479229","48.479229000","48.124731000","2687","52","10.0.0.2","57552","23.52.120.63","443","0","826","297457"
"48.479720","48.479720000","48.125222000","2688","296","23.52.120.63","443","10.0.0.2","57552","244","323809","826"
"48.479755","48.479755000","48.125257000","2689","296","23.52.120.63","443","10.0.0.2","57552","244","324053","826"
"48.542686","48.542686000","48.188188000","2690","52","10.0.0.2","57552","23.52.120.63","443","0","826","297457"
"48.542714","48.542714000","48.188216000","2691","52","10.0.0.2","57552","23.52.120.63","443","0","826","297457"
"48.542731","48.542731000","48.188233000","2692","52","10.0.0.2","57552","23.52.120.63","443","0","826","297457"
"48.542746","48.542746000","48.188248000","2693","52","10.0.0.2","57552","23.52.120.63","443","0","826","297457"
"48.542760","48.542760000","48.188262000","2694","52","10.0.0.2","57552","23.52.120.63","443","0","826","297457"
"48.604466","48.604466000","48.249968000","2695","52","10.0.0.2","57552","23.52.120.63","443","0","826","297457"
"48.604494","48.604494000","48.249996000","2696","52","10.0.0.2","57552","23.52.120.63","443","0","826","297457"
"48.604509","48.604509000","48.250011000","2697","52","10.0.0.2","57552","23.52.120.63","443","0","826","297457"
"48.604523","48.604523000","48.250025000","2698","52","10.0.0.2","57552","23.52.120.63","443","0","826","297457"
"48.604537","48.604537000","48.250039000","2699","52","10.0.0.2","57552","23.52.120.63","443","0","826","297457"
"48.667382","48.667382000","48.312884000","2700","52","10.0.0.2","57552","23.52.120.63","443","0","826","297457"
"48.667414","48.667414000","48.312916000","2701","52","10.0.0.2","57552","23.52.120.63","443","0","826","297701"
"48.667434","48.667434000","48.312936000","2702","52","10.0.0.2","57552","23.52.120.63","443","0","826","297701"
"48.667449","48.667449000","48.312951000","2703","52","10.0.0.2","57552","23.52.120.63","443","0","826","297701"
"48.667468","48.667468000","48.312970000","2704","52","10.0.0.2","57552","23.52.120.63","443","0","826","297701"
"48.667954","48.667954000","48.313456000","2705","296","23.52.120.63","443","10.0.0.2","57552","244","297701","826"
"48.729673","48.729673000","48.375175000","2706","52","10.0.0.2","57552","23.52.120.63","443","0","826","297701"
"48.729700","48.729700000","48.375202000","2707","52","10.0.0.2","57552","23.52.120.63","443","0","826","297701"
"48.729717","48.729717000","48.375219000","2708","52","10.0.0.2","57552","23.52.120.63","443","0","826","297701"
"48.729731","48.729731000","48.375233000","2709","52","10.0.0.2","57552","23.52.120.63","443","0","826","297701"
"48.729746","48.729746000","48.375248000","2710","52","10.0.0.2","57552","23.52.120.63","443","0","826","297701"
"48.793035","48.793035000","48.438537000","2711","52","10.0.0.2","57552","23.52.120.63","443","0","826","297701"
"48.793064","48.793064000","48.438566000","2712","52","10.0.0.2","57552","23.52.120.63","443","0","826","297701"
"48.793081","48.793081000","48.438583000","2713","52","10.0.0.2","57552","23.52.120.63","443","0","826","297701"
"48.979476","48.979476000","48.624978000","2714","52","10.0.0.2","57552","23.52.120.63","443","0","826","297945"
"48.980148","48.980148000","48.625650000","2715","296","23.52.120.63","443","10.0.0.2","57552","244","297945","826"
"49.292804","49.292804000","48.938306000","2716","52","10.0.0.2","57552","23.52.120.63","443","0","826","298189"
"49.293493","49.293493000","48.938995000","2717","296","23.52.120.63","443","10.0.0.2","57552","244","298189","826"
"49.604129","49.604129000","49.249631000","2718","52","10.0.0.2","57552","23.52.120.63","443","0","826","298433"
"49.604668","49.604668000","49.250170000","2719","296","23.52.120.63","443","10.0.0.2","57552","244","298433","826"
"49.918037","49.918037000","49.563539000","2720","52","10.0.0.2","57552","23.52.120.63","443","0","826","298677"
"49.918680","49.918680000","49.564182000","2721","296","23.52.120.63","443","10.0.0.2","57552","244","298677","826"
"50.229301","50.229301000","49.874803000","2722","52","10.0.0.2","57552","23.52.120.63","443","0","826","298921"
"50.229893","50.229893000","49.875395000","2723","296","23.52.120.63","443","10.0.0.2","57552","244","298921","826"
"50.542471","50.542471000","50.187973000","2724","52","10.0.0.2","57552","23.52.120.63","443","0","826","299165"
"50.542976","50.542976000","50.188478000","2725","296","23.52.120.63","443","10.0.0.2","57552","244","299165","826"
"50.854626","50.854626000","50.500128000","2726","52","10.0.0.2","57552","23.52.120.63","443","0","826","324297"
"50.855499","50.855499000","50.501001000","2727","296","23.52.120.63","443","10.0.0.2","57552","244","324297","826"
"50.855536","50.855536000","50.501038000","2728","296","23.52.120.63","443","10.0.0.2","57552","244","324541","826"
"50.855586","50.855586000","50.501088000","2729","296","23.52.120.63","443","10.0.0.2","57552","244","324785","826"
"50.855598","50.855598000","50.501100000","2730","296","23.52.120.63","443","10.0.0.2","57552","244","325029","826"
"50.855644","50.855644000","50.501146000","2731","296","23.52.120.63","443","10.0.0.2","57552","244","325273","826"
"50.855656","50.855656000","50.501158000","2732","296","23.52.120.63","443","10.0.0.2","57552","244","325517","826"
"50.855701","50.855701000","50.501203000","2733","296","23.52.120.63","443","10.0.0.2","57552","244","325761","826"
"50.855713","50.855713000","50.501215000","2734","296","23.52.120.63","443","10.0.0.2","57552","244","326005","826"
"50.855758","50.855758000","50.501260000","2735","296","23.52.120.63","443","10.0.0.2","57552","244","326249","826"
"50.855771","50.855771000","50.501273000","2736","296","23.52.120.63","443","10.0.0.2","57552","244","326493","826"
"50.855816","50.855816000","50.501318000","2737","296","23.52.120.63","443","10.0.0.2","57552","244","326737","826"
"50.855829","50.855829000","50.501331000","2738","296","23.52.120.63","443","10.0.0.2","57552","244","326981","826"
"50.855874","50.855874000","50.501376000","2739","296","23.52.120.63","443","10.0.0.2","57552","244","327225","826"
"50.855886","50.855886000","50.501388000","2740","296","23.52.120.63","443","10.0.0.2","57552","244","327469","826"
"50.855970","50.855970000","50.501472000","2741","296","23.52.120.63","443","10.0.0.2","57552","244","327713","826"
"50.855986","50.855986000","50.501488000","2742","296","23.52.120.63","443","10.0.0.2","57552","244","327957","826"
"50.856035","50.856035000","50.501537000","2743","296","23.52.120.63","443","10.0.0.2","57552","244","328201","826"
"50.856047","50.856047000","50.501549000","2744","296","23.52.120.63","443","10.0.0.2","57552","244","328445","826"
"50.856091","50.856091000","50.501593000","2745","296","23.52.120.63","443","10.0.0.2","57552","244","328689","826"
"50.856105","50.856105000","50.501607000","2746","296","23.52.120.63","443","10.0.0.2","57552","244","328933","826"
"50.856152","50.856152000","50.501654000","2747","296","23.52.120.63","443","10.0.0.2","57552","244","329177","826"
"50.856165","50.856165000","50.501667000","2748","296","23.52.120.63","443","10.0.0.2","57552","244","329421","826"
"50.856210","50.856210000","50.501712000","2749","296","23.52.120.63","443","10.0.0.2","57552","244","329665","826"
"50.856221","50.856221000","50.501723000","2750","296","23.52.120.63","443","10.0.0.2","57552","244","329909","826"
"50.856266","50.856266000","50.501768000","2751","296","23.52.120.63","443","10.0.0.2","57552","244","330153","826"
"50.856277","50.856277000","50.501779000","2752","296","23.52.120.63","443","10.0.0.2","57552","244","330397","826"
"50.856323","50.856323000","50.501825000","2753","296","23.52.120.63","443","10.0.0.2","57552","244","330641","826"
"50.856336","50.856336000","50.501838000","2754","296","23.52.120.63","443","10.0.0.2","57552","244","330885","826"
"50.856395","50.856395000","50.501897000","2755","296","23.52.120.63","443","10.0.0.2","57552","244","331129","826"
"50.856407","50.856407000","50.501909000","2756","296","23.52.120.63","443","10.0.0.2","57552","244","331373","826"
"50.856451","50.856451000","50.501953000","2757","296","23.52.120.63","443","10.0.0.2","57552","244","331617","826"
"50.856464","50.856464000","50.501966000","2758","296","23.52.120.63","443","10.0.0.2","57552","244","331861","826"
"50.856510","50.856510000","50.502012000","2759","296","23.52.120.63","443","10.0.0.2","57552","244","332105","826"
"50.856523","50.856523000","50.502025000","2760","296","23.52.120.63","443","10.0.0.2","57552","244","332349","826"
"51.167670","51.167670000","50.813172000","2761","52","10.0.0.2","57552","23.52.120.63","443","0","826","324785"
"51.167701","51.167701000","50.813203000","2762","52","10.0.0.2","57552","23.52.120.63","443","0","826","325517"
"51.168268","51.168268000","50.813770000","2763","296","23.52.120.63","443","10.0.0.2","57552","244","332593","826"
"51.168306","51.168306000","50.813808000","2764","296","23.52.120.63","443","10.0.0.2","57552","244","332837","826"
"51.168355","51.168355000","50.813857000","2765","296","23.52.120.63","443","10.0.0.2","57552","244","333081","826"
"51.168368","51.168368000","50.813870000","2766","296","23.52.120.63","443","10.0.0.2","57552","244","333325","826"
"51.168401","51.168401000","50.813903000","2767","296","23.52.120.63","443","10.0.0.2","57552","244","333569","826"
"51.229902","51.229902000","50.875404000","2768","52","10.0.0.2","57552","23.52.120.63","443","0","826","326005"
"51.229976","51.229976000","50.875478000","2769","52","10.0.0.2","57552","23.52.120.63","443","0","826","326737"
"51.230428","51.230428000","50.875930000","2770","296","23.52.120.63","443","10.0.0.2","57552","244","333813","826"
"51.230463","51.230463000","50.875965000","2771","296","23.52.120.63","443","10.0.0.2","57552","244","334057","826"
"51.230513","51.230513000","50.876015000","2772","296","23.52.120.63","443","10.0.0.2","57552","244","334301","826"
"51.230525","51.230525000","50.876027000","2773","296","23.52.120.63","443","10.0.0.2","57552","244","334545","826"
"51.230570","51.230570000","50.876072000","2774","296","23.52.120.63","443","10.0.0.2","57552","244","334789","826"
"51.230582","51.230582000","50.876084000","2775","296","23.52.120.63","443","10.0.0.2","57552","244","335033","826"
"51.292346","51.292346000","50.937848000","2776","52","10.0.0.2","57552","23.52.120.63","443","0","826","327225"
"51.292375","51.292375000","50.937877000","2777","52","10.0.0.2","57552","23.52.120.63","443","0","826","327957"
"51.292925","51.292925000","50.938427000","2778","296","23.52.120.63","443","10.0.0.2","57552","244","335277","826"
"51.292972","51.292972000","50.938474000","2779","296","23.52.120.63","443","10.0.0.2","57552","244","335521","826"
"51.293024","51.293024000","50.938526000","2780","296","23.52.120.63","443","10.0.0.2","57552","244","335765","826"
"51.293037","51.293037000","50.938539000","2781","296","23.52.120.63","443","10.0.0.2","57552","244","336009","826"
"51.293083","51.293083000","50.938585000","2782","296","23.52.120.63","443","10.0.0.2","57552","244","336253","826"
"51.293095","51.293095000","50.938597000","2783","296","23.52.120.63","443","10.0.0.2","57552","244","336497","826"
"51.354259","51.354259000","50.999761000","2784","52","10.0.0.2","57552","23.52.120.63","443","0","826","328445"
"51.354292","51.354292000","50.999794000","2785","52","10.0.0.2","57552","23.52.120.63","443","0","826","328933"
"51.354314","51.354314000","50.999816000","2786","52","10.0.0.2","57552","23.52.120.63","443","0","826","329177"
"51.354792","51.354792000","51.000294000","2787","296","23.52.120.63","443","10.0.0.2","57552","244","336741","826"
"51.354829","51.354829000","51.000331000","2788","296","23.52.120.63","443","10.0.0.2","57552","244","336985","826"
"51.354880","51.354880000","51.000382000","2789","296","23.52.120.63","443","10.0.0.2","57552","244","337229","826"
"51.354892","51.354892000","51.000394000","2790","296","23.52.120.63","443","10.0.0.2","57552","244","337473","826"
"51.354950","51.354950000","51.000452000","2791","296","23.52.120.63","443","10.0.0.2","57552","244","337717","826"
"51.417496","51.417496000","51.062998000","2792","52","10.0.0.2","57552","23.52.120.63","443","0","826","329665"
"51.417528","51.417528000","51.063030000","2793","52","10.0.0.2","57552","23.52.120.63","443","0","826","330397"
"51.418063","51.418063000","51.063565000","2794","296","23.52.120.63","443","10.0.0.2","57552","244","337961","826"
"51.418099","51.418099000","51.063601000","2795","296","23.52.120.63","443","10.0.0.2","57552","244","338205","826"
"51.418148","51.418148000","51.063650000","2796","296","23.52.120.63","443","10.0.0.2","57552","244","338449","826"
"51.418160","51.418160000","51.063662000","2797","296","23.52.120.63","443","10.0.0.2","57552","244","338693","826"
"51.418204","51.418204000","51.063706000","2798","296","23.52.120.63","443","10.0.0.2","57552","244","338937","826"
"51.418216","51.418216000","51.063718000","2799","296","23.52.120.63","443","10.0.0.2","57552","244","339181","826"
"51.479528","51.479528000","51.125030000","2800","52","10.0.0.2","57552","23.52.120.63","443","0","826","330885"
"51.479567","51.479567000","51.125069000","2801","52","10.0.0.2","57552","23.52.120.63","443","0","826","331617"
"51.480142","51.480142000","51.125644000","2802","296","23.52.120.63","443","10.0.0.2","57552","244","339425","826"
"51.480178","51.480178000","51.125680000","2803","296","23.52.120.63","443","10.0.0.2","57552","244","339669","826"
"51.480229","51.480229000","51.125731000","2804","296","23.52.120.63","443","10.0.0.2","57552","244","339913","826"
"51.480241","51.480241000","51.125743000","2805","296","23.52.120.63","443","10.0.0.2","57552","244","340157","826"
"51.480275","51.480275000","51.125777000","2806","296","23.52.120.63","443","10.0.0.2","57552","244","340401","826"
"51.542606","51.542606000","51.188108000","2807","52","10.0.0.2","57552","23.52.120.63","443","0","826","332105"
"51.542638","51.542638000","51.188140000","2808","52","10.0.0.2","57552","23.52.120.63","443","0","826","332349"
"51.542657","51.542657000","51.188159000","2809","52","10.0.0.2","57552","23.52.120.63","443","0","826","332349"
"51.543202","51.543202000","51.188704000","2810","296","23.52.120.63","443","10.0.0.2","57552","244","340645","826"
"51.543237","51.543237000","51.188739000","2811","296","23.52.120.63","443","10.0.0.2","57552","244","340889","826"
"51.543287","51.543287000","51.188789000","2812","296","23.52.120.63","443","10.0.0.2","57552","244","341133","826"
"51.543299","51.543299000","51.188801000","2813","296","23.52.120.63","443","10.0.0.2","57552","244","341377","826"
"51.604849","51.604849000","51.250351000","2814","52","10.0.0.2","57552","23.52.120.63","443","0","826","332349"
"51.604878","51.604878000","51.250380000","2815","52","10.0.0.2","57552","23.52.120.63","443","0","826","332349"
"51.604897","51.604897000","51.250399000","2816","52","10.0.0.2","57552","23.52.120.63","443","0","826","332349"
"51.604931","51.604931000","51.250433000","2817","52","10.0.0.2","57552","23.52.120.63","443","0","826","332349"
"51.604961","51.604961000","51.250463000","2818","52","10.0.0.2","57552","23.52.120.63","443","0","826","332349"
"51.605410","51.605410000","51.250912000","2819","296","23.52.120.63","443","10.0.0.2","57552","244","341621","826"
"51.605445","51.605445000","51.250947000","2820","296","23.52.120.63","443","10.0.0.2","57552","244","332349","826"
"51.605497","51.605497000","51.250999000","2821","296","23.52.120.63","443","10.0.0.2","57552","244","341865","826"
"51.605509","51.605509000","51.251011000","2822","296","23.52.120.63","443","10.0.0.2","57552","244","342109","826"
"51.667904","51.667904000","51.313406000","2823","52","10.0.0.2","57552","23.52.120.63","443","0","826","332349"
"51.667972","51.667972000","51.313474000","2824","52","10.0.0.2","57552","23.52.120.63","443","0","826","332349"
"51.667991","51.667991000","51.313493000","2825","52","10.0.0.2","57552","23.52.120.63","443","0","826","332349"
"51.668008","51.668008000","51.313510000","2826","52","10.0.0.2","57552","23.52.120.63","443","0","826","332349"
"51.668021","51.668021000","51.313523000","2827","52","10.0.0.2","57552","23.52.120.63","443","0","826","332349"
"51.668462","51.668462000","51.313964000","2828","296","23.52.120.63","443","10.0.0.2","57552","244","342353","826"
"51.668498","51.668498000","51.314000000","2829","296","23.52.120.63","443","10.0.0.2","57552","244","342597","826"
"51.668548","51.668548000","51.314050000","2830","296","23.52.120.63","443","10.0.0.2","57552","244","342841","826"
"51.668560","51.668560000","51.314062000","2831","296","23.52.120.63","443","10.0.0.2","57552","244","343085","826"
"51.729928","51.729928000","51.375430000","2832","52","10.0.0.2","57552","23.52.120.63","443","0","826","332349"
"51.729973","51.729973000","51.375475000","2833","52","10.0.0.2","57552","23.52.120.63","443","0","826","332349"
"51.729990","51.729990000","51.375492000","2834","52","10.0.0.2","57552","23.52.120.63","443","0","826","332349"
"51.730006","51.730006000","51.375508000","2835","52","10.0.0.2","57552","23.52.120.63","443","0","826","332349"
"51.730022","51.730022000","51.375524000","2836","52","10.0.0.2","57552","23.52.120.63","443","0","826","332349"
"51.730413","51.730413000","51.375915000","2837","296","23.52.120.63","443","10.0.0.2","57552","244","343329","826"
"51.730489","51.730489000","51.375991000","2838","296","23.52.120.63","443","10.0.0.2","57552","244","343573","826"
"51.730502","51.730502000","51.376004000","2839","296","23.52.120.63","443","10.0.0.2","57552","244","343817","826"
"51.792192","51.792192000","51.437694000","2840","52","10.0.0.2","57552","23.52.120.63","443","0","826","332349"
"51.792222","51.792222000","51.437724000","2841","52","10.0.0.2","57552","23.52.120.63","443","0","826","332349"
"51.792240","51.792240000","51.437742000","2842","52","10.0.0.2","57552","23.52.120.63","443","0","826","332349"
"51.792254","51.792254000","51.437756000","2843","52","10.0.0.2","57552","23.52.120.63","443","0","826","332349"
"51.792268","51.792268000","51.437770000","2844","52","10.0.0.2","57552","23.52.120.63","443","0","826","332349"
"51.792740","51.792740000","51.438242000","2845","296","23.52.120.63","443","10.0.0.2","57552","244","344061","826"
"51.792812","51.792812000","51.438314000","2846","296","23.52.120.63","443","10.0.0.2","57552","244","344305","826"
"51.792824","51.792824000","51.438326000","2847","296","23.52.120.63","443","10.0.0.2","57552","244","344549","826"
"51.854246","51.854246000","51.499748000","2848","52","10.0.0.2","57552","23.52.120.63","443","0","826","332349"
"51.854276","51.854276000","51.499778000","2849","52","10.0.0.2","57552","23.52.120.63","443","0","826","332349"
"51.854298","51.854298000","51.499800000","2850","52","10.0.0.2","57552","23.52.120.63","443","0","826","332349"
"51.854314","51.854314000","51.499816000","2851","52","10.0.0.2","57552","23.52.120.63","443","0","826","332349"
"51.854330","51.854330000","51.499832000","2852","52","10.0.0.2","57552","23.52.120.63","443","0","826","332349"
"51.854798","51.854798000","51.500300000","2853","296","23.52.120.63","443","10.0.0.2","57552","244","344793","826"
"51.854833","51.854833000","51.500335000","2854","296","23.52.120.63","443","10.0.0.2","57552","244","345037","826"
"51.854872","51.854872000","51.500374000","2855","234","23.52.120.63","443","10.0.0.2","57552","182","345281","826"
"51.918106","51.918106000","51.563608000","2856","52","10.0.0.2","57552","23.52.120.63","443","0","826","332349"
"51.918137","51.918137000","51.563639000","2857","52","10.0.0.2","57552","23.52.120.63","443","0","826","332349"
"51.918155","51.918155000","51.563657000","2858","52","10.0.0.2","57552","23.52.120.63","443","0","826","332349"
"51.918170","51.918170000","51.563672000","2859","52","10.0.0.2","57552","23.52.120.63","443","0","826","332349"
"51.918185","51.918185000","51.563687000","2860","52","10.0.0.2","57552","23.52.120.63","443","0","826","332349"
"51.979733","51.979733000","51.625235000","2861","52","10.0.0.2","57552","23.52.120.63","443","0","826","332349"
"51.979763","51.979763000","51.625265000","2862","52","10.0.0.2","57552","23.52.120.63","443","0","826","332349"
"51.979783","51.979783000","51.625285000","2863","52","10.0.0.2","57552","23.52.120.63","443","0","826","332349"
"51.979800","51.979800000","51.625302000","2864","52","10.0.0.2","57552","23.52.120.63","443","0","826","332349"
"51.979814","51.979814000","51.625316000","2865","52","10.0.0.2","57552","23.52.120.63","443","0","826","332349"
"52.042781","52.042781000","51.688283000","2866","52","10.0.0.2","57552","23.52.120.63","443","0","826","332349"
"52.042813","52.042813000","51.688315000","2867","52","10.0.0.2","57552","23.52.120.63","443","0","826","341865"
"52.042834","52.042834000","51.688336000","2868","52","10.0.0.2","57552","23.52.120.63","443","0","826","342597"
"52.104850","52.104850000","51.750352000","2869","52","10.0.0.2","57552","23.52.120.63","443","0","826","343085"
"52.104863","52.104863000","51.750365000","2870","52","10.0.0.2","57552","23.52.120.63","443","0","826","343817"
"52.167211","52.167211000","51.812713000","2871","52","10.0.0.2","57552","23.52.120.63","443","0","826","344305"
"52.167243","52.167243000","51.812745000","2872","52","10.0.0.2","57552","23.52.120.63","443","0","826","345037"
"52.229843","52.229843000","51.875345000","2873","52","10.0.0.2","57552","23.52.120.63","443","0","826","345463"
"52.229872","52.229872000","51.875374000","2874","52","10.0.0.2","57552","23.52.120.63","443","0","826","345463"
"52.230512","52.230512000","51.876014000","2875","52","23.52.120.63","443","10.0.0.2","57552","0","345463","827"
"52.542197","52.542197000","52.187699000","2876","52","10.0.0.2","57552","23.52.120.63","443","0","827","345464"
