_ws.col.cls_time,frame.time_relative,tcp.time_relative,frame.number,frame.len,ip.src,tcp.srcport,ip.dst,tcp.dstport,tcp.len,tcp.seq,tcp.ack
,"0.000000000",,"1","76",,,,,,,
,"0.000019000",,"2","48",,,,,,,
,"0.002940000",,"3","76",,,,,,,
,"0.091153000","0.000000000","4","60","10.0.0.2","32834","192.168.178.95","8081","0","0","0"
,"0.095638000","0.004485000","5","60","192.168.178.95","8081","10.0.0.2","32834","0","0","1"
,"0.376414000",,"6","76",,,,,,,
,"0.376440000",,"7","48",,,,,,,
,"0.378992000",,"8","76",,,,,,,
,"0.403248000","0.312095000","9","52","10.0.0.2","32834","192.168.178.95","8081","0","1","1"
,"0.410311000","0.319158000","10","296","192.168.178.95","8081","10.0.0.2","32834","244","1","1"
,"0.410347000","0.319194000","11","296","192.168.178.95","8081","10.0.0.2","32834","244","245","1"
,"0.410387000","0.319234000","12","296","192.168.178.95","8081","10.0.0.2","32834","244","489","1"
,"0.410397000","0.319244000","13","296","192.168.178.95","8081","10.0.0.2","32834","244","733","1"
,"0.410432000","0.319279000","14","296","192.168.178.95","8081","10.0.0.2","32834","244","977","1"
,"0.410442000","0.319289000","15","296","192.168.178.95","8081","10.0.0.2","32834","244","1221","1"
,"0.410477000","0.319324000","16","296","192.168.178.95","8081","10.0.0.2","32834","244","1465","1"
,"0.410488000","0.319335000","17","296","192.168.178.95","8081","10.0.0.2","32834","244","1709","1"
,"0.410523000","0.319370000","18","296","192.168.178.95","8081","10.0.0.2","32834","244","1953","1"
,"0.410533000","0.319380000","19","296","192.168.178.95","8081","10.0.0.2","32834","244","2197","1"
,"0.716192000","0.625039000","20","52","10.0.0.2","32834","192.168.178.95","8081","0","1","245"
,"0.716223000","0.625070000","21","52","10.0.0.2","32834","192.168.178.95","8081","0","1","489"
,"0.716238000","0.625085000","22","52","10.0.0.2","32834","192.168.178.95","8081","0","1","733"
,"0.716254000","0.625101000","23","52","10.0.0.2","32834","192.168.178.95","8081","0","1","977"
,"0.716267000","0.625114000","24","52","10.0.0.2","32834","192.168.178.95","8081","0","1","1221"
,"0.717184000","0.626031000","25","296","192.168.178.95","8081","10.0.0.2","32834","244","2441","1"
,"0.717217000","0.626064000","26","296","192.168.178.95","8081","10.0.0.2","32834","244","2685","1"
,"0.717257000","0.626104000","27","296","192.168.178.95","8081","10.0.0.2","32834","244","2929","1"
,"0.717268000","0.626115000","28","296","192.168.178.95","8081","10.0.0.2","32834","244","3173","1"
,"0.717303000","0.626150000","29","296","192.168.178.95","8081","10.0.0.2","32834","244","3417","1"
,"0.717317000","0.626164000","30","296","192.168.178.95","8081","10.0.0.2","32834","244","3661","1"
,"0.717353000","0.626200000","31","296","192.168.178.95","8081","10.0.0.2","32834","244","3905","1"
,"0.717365000","0.626212000","32","296","192.168.178.95","8081","10.0.0.2","32834","244","4149","1"
,"0.717401000","0.626248000","33","296","192.168.178.95","8081","10.0.0.2","32834","244","4393","1"
,"0.717412000","0.626259000","34","296","192.168.178.95","8081","10.0.0.2","32834","244","4637","1"
,"0.759861000",,"35","76",,,,,,,
,"0.759868000",,"36","76",,,,,,,
,"0.777481000","0.686328000","37","52","10.0.0.2","32834","192.168.178.95","8081","0","1","1465"
,"0.777493000","0.686340000","38","52","10.0.0.2","32834","192.168.178.95","8081","0","1","1709"
,"0.777498000","0.686345000","39","52","10.0.0.2","32834","192.168.178.95","8081","0","1","1953"
,"0.777505000","0.686352000","40","52","10.0.0.2","32834","192.168.178.95","8081","0","1","2197"
,"0.777510000","0.686357000","41","52","10.0.0.2","32834","192.168.178.95","8081","0","1","2441"
,"0.778378000","0.687225000","42","296","192.168.178.95","8081","10.0.0.2","32834","244","4881","1"
,"0.778393000","0.687240000","43","296","192.168.178.95","8081","10.0.0.2","32834","244","5125","1"
,"0.778408000","0.687255000","44","296","192.168.178.95","8081","10.0.0.2","32834","244","5369","1"
,"0.778412000","0.687259000","45","296","192.168.178.95","8081","10.0.0.2","32834","244","5613","1"
,"0.778426000","0.687273000","46","296","192.168.178.95","8081","10.0.0.2","32834","244","5857","1"
,"0.778430000","0.687277000","47","296","192.168.178.95","8081","10.0.0.2","32834","244","6101","1"
,"0.778443000","0.687290000","48","296","192.168.178.95","8081","10.0.0.2","32834","244","6345","1"
,"0.778447000","0.687294000","49","296","192.168.178.95","8081","10.0.0.2","32834","244","6589","1"
,"0.778461000","0.687308000","50","296","192.168.178.95","8081","10.0.0.2","32834","244","6833","1"
,"0.778465000","0.687312000","51","296","192.168.178.95","8081","10.0.0.2","32834","244","7077","1"
,"1.027497000","0.936344000","52","52","10.0.0.2","32834","192.168.178.95","8081","0","1","2685"
,"1.027524000","0.936371000","53","52","10.0.0.2","32834","192.168.178.95","8081","0","1","2929"
,"1.027538000","0.936385000","54","52","10.0.0.2","32834","192.168.178.95","8081","0","1","3173"
,"1.027552000","0.936399000","55","52","10.0.0.2","32834","192.168.178.95","8081","0","1","3417"
,"1.027565000","0.936412000","56","52","10.0.0.2","32834","192.168.178.95","8081","0","1","3661"
,"1.028538000","0.937385000","57","296","192.168.178.95","8081","10.0.0.2","32834","244","7321","1"
,"1.028570000","0.937417000","58","296","192.168.178.95","8081","10.0.0.2","32834","244","7565","1"
,"1.028605000","0.937452000","59","296","192.168.178.95","8081","10.0.0.2","32834","244","7809","1"
,"1.028614000","0.937461000","60","296","192.168.178.95","8081","10.0.0.2","32834","244","8053","1"
,"1.028647000","0.937494000","61","296","192.168.178.95","8081","10.0.0.2","32834","244","8297","1"
,"1.028657000","0.937504000","62","296","192.168.178.95","8081","10.0.0.2","32834","244","8541","1"
,"1.028689000","0.937536000","63","296","192.168.178.95","8081","10.0.0.2","32834","244","8785","1"
,"1.028699000","0.937546000","64","296","192.168.178.95","8081","10.0.0.2","32834","244","9029","1"
,"1.028731000","0.937578000","65","296","192.168.178.95","8081","10.0.0.2","32834","244","9273","1"
,"1.028741000","0.937588000","66","296","192.168.178.95","8081","10.0.0.2","32834","244","9517","1"
,"1.091195000","1.000042000","67","52","10.0.0.2","32834","192.168.178.95","8081","0","1","3905"
,"1.091220000","1.000067000","68","52","10.0.0.2","32834","192.168.178.95","8081","0","1","4393"
,"1.091234000","1.000081000","69","52","10.0.0.2","32834","192.168.178.95","8081","0","1","4881"
,"1.092145000","1.000992000","70","296","192.168.178.95","8081","10.0.0.2","32834","244","9761","1"
,"1.092173000","1.001020000","71","296","192.168.178.95","8081","10.0.0.2","32834","244","10005","1"
,"1.092208000","1.001055000","72","296","192.168.178.95","8081","10.0.0.2","32834","244","10249","1"
,"1.092217000","1.001064000","73","296","192.168.178.95","8081","10.0.0.2","32834","244","10493","1"
,"1.092248000","1.001095000","74","296","192.168.178.95","8081","10.0.0.2","32834","244","10737","1"
,"1.092257000","1.001104000","75","296","192.168.178.95","8081","10.0.0.2","32834","244","10981","1"
,"1.092288000","1.001135000","76","296","192.168.178.95","8081","10.0.0.2","32834","244","11225","1"
,"1.092297000","1.001144000","77","296","192.168.178.95","8081","10.0.0.2","32834","244","11469","1"
,"1.092327000","1.001174000","78","296","192.168.178.95","8081","10.0.0.2","32834","244","11713","1"
,"1.092337000","1.001184000","79","296","192.168.178.95","8081","10.0.0.2","32834","244","11957","1"
,"1.144084000",,"80","76",,,,,,,
,"1.144104000",,"81","76",,,,,,,
,"1.153215000","1.062062000","82","52","10.0.0.2","32834","192.168.178.95","8081","0","1","5369"
,"1.153245000","1.062092000","83","52","10.0.0.2","32834","192.168.178.95","8081","0","1","6101"
,"1.154298000","1.063145000","84","296","192.168.178.95","8081","10.0.0.2","32834","244","12201","1"
,"1.154334000","1.063181000","85","296","192.168.178.95","8081","10.0.0.2","32834","244","12445","1"
,"1.154374000","1.063221000","86","296","192.168.178.95","8081","10.0.0.2","32834","244","12689","1"
,"1.154385000","1.063232000","87","296","192.168.178.95","8081","10.0.0.2","32834","244","12933","1"
,"1.154420000","1.063267000","88","296","192.168.178.95","8081","10.0.0.2","32834","244","13177","1"
,"1.154430000","1.063277000","89","296","192.168.178.95","8081","10.0.0.2","32834","244","13421","1"
,"1.154465000","1.063312000","90","296","192.168.178.95","8081","10.0.0.2","32834","244","13665","1"
,"1.154476000","1.063323000","91","296","192.168.178.95","8081","10.0.0.2","32834","244","13909","1"
,"1.154512000","1.063359000","92","296","192.168.178.95","8081","10.0.0.2","32834","244","14153","1"
,"1.154523000","1.063370000","93","296","192.168.178.95","8081","10.0.0.2","32834","244","14397","1"
,"1.215519000","1.124366000","94","52","10.0.0.2","32834","192.168.178.95","8081","0","1","6589"
,"1.215550000","1.124397000","95","52","10.0.0.2","32834","192.168.178.95","8081","0","1","7321"
,"1.216604000","1.125451000","96","296","192.168.178.95","8081","10.0.0.2","32834","244","14641","1"
,"1.216640000","1.125487000","97","296","192.168.178.95","8081","10.0.0.2","32834","244","14885","1"
,"1.216678000","1.125525000","98","296","192.168.178.95","8081","10.0.0.2","32834","244","15129","1"
,"1.216689000","1.125536000","99","296","192.168.178.95","8081","10.0.0.2","32834","244","15373","1"
,"1.216724000","1.125571000","100","296","192.168.178.95","8081","10.0.0.2","32834","244","15617","1"
,"1.216735000","1.125582000","101","296","192.168.178.95","8081","10.0.0.2","32834","244","15861","1"
,"1.216809000","1.125656000","102","296","192.168.178.95","8081","10.0.0.2","32834","244","16105","1"
,"1.216822000","1.125669000","103","296","192.168.178.95","8081","10.0.0.2","32834","244","16349","1"
,"1.216858000","1.125705000","104","296","192.168.178.95","8081","10.0.0.2","32834","244","16593","1"
,"1.216867000","1.125714000","105","296","192.168.178.95","8081","10.0.0.2","32834","244","16837","1"
,"1.341015000","1.249862000","106","52","10.0.0.2","32834","192.168.178.95","8081","0","1","8053"
,"1.341045000","1.249892000","107","52","10.0.0.2","32834","192.168.178.95","8081","0","1","8541"
,"1.341889000","1.250736000","108","296","192.168.178.95","8081","10.0.0.2","32834","244","17081","1"
,"1.341921000","1.250768000","109","296","192.168.178.95","8081","10.0.0.2","32834","244","17325","1"
,"1.341959000","1.250806000","110","296","192.168.178.95","8081","10.0.0.2","32834","244","17569","1"
,"1.341970000","1.250817000","111","296","192.168.178.95","8081","10.0.0.2","32834","244","17813","1"
,"1.342006000","1.250853000","112","296","192.168.178.95","8081","10.0.0.2","32834","244","18057","1"
,"1.342016000","1.250863000","113","296","192.168.178.95","8081","10.0.0.2","32834","244","18301","1"
,"1.342051000","1.250898000","114","296","192.168.178.95","8081","10.0.0.2","32834","244","18545","1"
,"1.342061000","1.250908000","115","296","192.168.178.95","8081","10.0.0.2","32834","244","18789","1"
,"1.342096000","1.250943000","116","296","192.168.178.95","8081","10.0.0.2","32834","244","19033","1"
,"1.342107000","1.250954000","117","296","192.168.178.95","8081","10.0.0.2","32834","244","19277","1"
,"1.402496000","1.311343000","118","52","10.0.0.2","32834","192.168.178.95","8081","0","1","9029"
,"1.402525000","1.311372000","119","52","10.0.0.2","32834","192.168.178.95","8081","0","1","9761"
,"1.403445000","1.312292000","120","296","192.168.178.95","8081","10.0.0.2","32834","244","19521","1"
,"1.403481000","1.312328000","121","296","192.168.178.95","8081","10.0.0.2","32834","244","19765","1"
,"1.403521000","1.312368000","122","296","192.168.178.95","8081","10.0.0.2","32834","244","20009","1"
,"1.403532000","1.312379000","123","296","192.168.178.95","8081","10.0.0.2","32834","244","20253","1"
,"1.403568000","1.312415000","124","296","192.168.178.95","8081","10.0.0.2","32834","244","20497","1"
,"1.403579000","1.312426000","125","296","192.168.178.95","8081","10.0.0.2","32834","244","20741","1"
,"1.403614000","1.312461000","126","296","192.168.178.95","8081","10.0.0.2","32834","244","20985","1"
,"1.403625000","1.312472000","127","296","192.168.178.95","8081","10.0.0.2","32834","244","21229","1"
,"1.403660000","1.312507000","128","296","192.168.178.95","8081","10.0.0.2","32834","244","21473","1"
,"1.403672000","1.312519000","129","296","192.168.178.95","8081","10.0.0.2","32834","244","21717","1"
,"1.465831000","1.374678000","130","52","10.0.0.2","32834","192.168.178.95","8081","0","1","10493"
,"1.465860000","1.374707000","131","52","10.0.0.2","32834","192.168.178.95","8081","0","1","10981"
,"1.466921000","1.375768000","132","296","192.168.178.95","8081","10.0.0.2","32834","244","21961","1"
,"1.466953000","1.375800000","133","296","192.168.178.95","8081","10.0.0.2","32834","244","22205","1"
,"1.466992000","1.375839000","134","296","192.168.178.95","8081","10.0.0.2","32834","244","22449","1"
,"1.467004000","1.375851000","135","296","192.168.178.95","8081","10.0.0.2","32834","244","22693","1"
,"1.467041000","1.375888000","136","296","192.168.178.95","8081","10.0.0.2","32834","244","22937","1"
,"1.467057000","1.375904000","137","296","192.168.178.95","8081","10.0.0.2","32834","244","23181","1"
,"1.467093000","1.375940000","138","296","192.168.178.95","8081","10.0.0.2","32834","244","23425","1"
,"1.467104000","1.375951000","139","296","192.168.178.95","8081","10.0.0.2","32834","244","23669","1"
,"1.467140000","1.375987000","140","296","192.168.178.95","8081","10.0.0.2","32834","244","23913","1"
,"1.467152000","1.375999000","141","296","192.168.178.95","8081","10.0.0.2","32834","244","24157","1"
,"1.527656000","1.436503000","142","52","10.0.0.2","32834","192.168.178.95","8081","0","1","11713"
,"1.527684000","1.436531000","143","52","10.0.0.2","32834","192.168.178.95","8081","0","1","12201"
,"1.528602000","1.437449000","144","296","192.168.178.95","8081","10.0.0.2","32834","244","24401","1"
,"1.528637000","1.437484000","145","296","192.168.178.95","8081","10.0.0.2","32834","244","24645","1"
,"1.528676000","1.437523000","146","296","192.168.178.95","8081","10.0.0.2","32834","244","24889","1"
,"1.528687000","1.437534000","147","296","192.168.178.95","8081","10.0.0.2","32834","244","25133","1"
,"1.528723000","1.437570000","148","296","192.168.178.95","8081","10.0.0.2","32834","244","25377","1"
,"1.528734000","1.437581000","149","296","192.168.178.95","8081","10.0.0.2","32834","244","25621","1"
,"1.528795000","1.437642000","150","296","192.168.178.95","8081","10.0.0.2","32834","244","25865","1"
,"1.528808000","1.437655000","151","296","192.168.178.95","8081","10.0.0.2","32834","244","26109","1"
,"1.528844000","1.437691000","152","296","192.168.178.95","8081","10.0.0.2","32834","244","26353","1"
,"1.528856000","1.437703000","153","296","192.168.178.95","8081","10.0.0.2","32834","244","26597","1"
,"1.591274000","1.500121000","154","52","10.0.0.2","32834","192.168.178.95","8081","0","1","12689"
,"1.591304000","1.500151000","155","52","10.0.0.2","32834","192.168.178.95","8081","0","1","13421"
,"1.592302000","1.501149000","156","296","192.168.178.95","8081","10.0.0.2","32834","244","26841","1"
,"1.592338000","1.501185000","157","296","192.168.178.95","8081","10.0.0.2","32834","244","27085","1"
,"1.592378000","1.501225000","158","296","192.168.178.95","8081","10.0.0.2","32834","244","27329","1"
,"1.592388000","1.501235000","159","296","192.168.178.95","8081","10.0.0.2","32834","244","27573","1"
,"1.592424000","1.501271000","160","296","192.168.178.95","8081","10.0.0.2","32834","244","27817","1"
,"1.592435000","1.501282000","161","296","192.168.178.95","8081","10.0.0.2","32834","244","28061","1"
,"1.592470000","1.501317000","162","296","192.168.178.95","8081","10.0.0.2","32834","244","28305","1"
,"1.592482000","1.501329000","163","296","192.168.178.95","8081","10.0.0.2","32834","244","28549","1"
,"1.592516000","1.501363000","164","296","192.168.178.95","8081","10.0.0.2","32834","244","28793","1"
,"1.592528000","1.501375000","165","296","192.168.178.95","8081","10.0.0.2","32834","244","29037","1"
,"1.652801000","1.561648000","166","52","10.0.0.2","32834","192.168.178.95","8081","0","1","13909"
,"1.652842000","1.561689000","167","52","10.0.0.2","32834","192.168.178.95","8081","0","1","14641"
,"1.653738000","1.562585000","168","296","192.168.178.95","8081","10.0.0.2","32834","244","29281","1"
,"1.653795000","1.562642000","169","296","192.168.178.95","8081","10.0.0.2","32834","244","29525","1"
,"1.653838000","1.562685000","170","296","192.168.178.95","8081","10.0.0.2","32834","244","29769","1"
,"1.653849000","1.562696000","171","296","192.168.178.95","8081","10.0.0.2","32834","244","30013","1"
,"1.653886000","1.562733000","172","296","192.168.178.95","8081","10.0.0.2","32834","244","30257","1"
,"1.653905000","1.562752000","173","296","192.168.178.95","8081","10.0.0.2","32834","244","30501","1"
,"1.653941000","1.562788000","174","296","192.168.178.95","8081","10.0.0.2","32834","244","30745","1"
,"1.653953000","1.562800000","175","296","192.168.178.95","8081","10.0.0.2","32834","244","30989","1"
,"1.653988000","1.562835000","176","296","192.168.178.95","8081","10.0.0.2","32834","244","31233","1"
,"1.653999000","1.562846000","177","296","192.168.178.95","8081","10.0.0.2","32834","244","31477","1"
,"1.715543000","1.624390000","178","52","10.0.0.2","32834","192.168.178.95","8081","0","1","15129"
,"1.715576000","1.624423000","179","52","10.0.0.2","32834","192.168.178.95","8081","0","1","15861"
,"1.716641000","1.625488000","180","296","192.168.178.95","8081","10.0.0.2","32834","244","31721","1"
,"1.716680000","1.625527000","181","296","192.168.178.95","8081","10.0.0.2","32834","244","31965","1"
,"1.716722000","1.625569000","182","296","192.168.178.95","8081","10.0.0.2","32834","244","32209","1"
,"1.716734000","1.625581000","183","296","192.168.178.95","8081","10.0.0.2","32834","244","32453","1"
,"1.716798000","1.625645000","184","296","192.168.178.95","8081","10.0.0.2","32834","244","32697","1"
,"1.716812000","1.625659000","185","296","192.168.178.95","8081","10.0.0.2","32834","244","32941","1"
,"1.716851000","1.625698000","186","296","192.168.178.95","8081","10.0.0.2","32834","244","33185","1"
,"1.716862000","1.625709000","187","296","192.168.178.95","8081","10.0.0.2","32834","244","33429","1"
,"1.716900000","1.625747000","188","296","192.168.178.95","8081","10.0.0.2","32834","244","33673","1"
,"1.716912000","1.625759000","189","296","192.168.178.95","8081","10.0.0.2","32834","244","33917","1"
,"1.777920000","1.686767000","190","52","10.0.0.2","32834","192.168.178.95","8081","0","1","16349"
,"1.777943000","1.686790000","191","52","10.0.0.2","32834","192.168.178.95","8081","0","1","17081"
,"1.778908000","1.687755000","192","296","192.168.178.95","8081","10.0.0.2","32834","244","34161","1"
,"1.778938000","1.687785000","193","296","192.168.178.95","8081","10.0.0.2","32834","244","34405","1"
,"1.778972000","1.687819000","194","296","192.168.178.95","8081","10.0.0.2","32834","244","34649","1"
,"1.778981000","1.687828000","195","296","192.168.178.95","8081","10.0.0.2","32834","244","34893","1"
,"1.779010000","1.687857000","196","296","192.168.178.95","8081","10.0.0.2","32834","244","35137","1"
,"1.779019000","1.687866000","197","296","192.168.178.95","8081","10.0.0.2","32834","244","35381","1"
,"1.779048000","1.687895000","198","296","192.168.178.95","8081","10.0.0.2","32834","244","35625","1"
,"1.779057000","1.687904000","199","296","192.168.178.95","8081","10.0.0.2","32834","244","35869","1"
,"1.779086000","1.687933000","200","296","192.168.178.95","8081","10.0.0.2","32834","244","36113","1"
,"1.779094000","1.687941000","201","296","192.168.178.95","8081","10.0.0.2","32834","244","36357","1"
,"1.841117000","1.749964000","202","52","10.0.0.2","32834","192.168.178.95","8081","0","1","17569"
,"1.841148000","1.749995000","203","52","10.0.0.2","32834","192.168.178.95","8081","0","1","18301"
,"1.842062000","1.750909000","204","296","192.168.178.95","8081","10.0.0.2","32834","244","36601","1"
,"1.842093000","1.750940000","205","296","192.168.178.95","8081","10.0.0.2","32834","244","36845","1"
,"1.842131000","1.750978000","206","296","192.168.178.95","8081","10.0.0.2","32834","244","37089","1"
,"1.842142000","1.750989000","207","296","192.168.178.95","8081","10.0.0.2","32834","244","37333","1"
,"1.842177000","1.751024000","208","296","192.168.178.95","8081","10.0.0.2","32834","244","37577","1"
,"1.842188000","1.751035000","209","296","192.168.178.95","8081","10.0.0.2","32834","244","37821","1"
,"1.842223000","1.751070000","210","296","192.168.178.95","8081","10.0.0.2","32834","244","38065","1"
,"1.842234000","1.751081000","211","296","192.168.178.95","8081","10.0.0.2","32834","244","38309","1"
,"1.842268000","1.751115000","212","296","192.168.178.95","8081","10.0.0.2","32834","244","38553","1"
,"1.842278000","1.751125000","213","296","192.168.178.95","8081","10.0.0.2","32834","244","38797","1"
,"1.903192000","1.812039000","214","52","10.0.0.2","32834","192.168.178.95","8081","0","1","18789"
,"1.903221000","1.812068000","215","52","10.0.0.2","32834","192.168.178.95","8081","0","1","19521"
,"1.904137000","1.812984000","216","296","192.168.178.95","8081","10.0.0.2","32834","244","39041","1"
,"1.904171000","1.813018000","217","296","192.168.178.95","8081","10.0.0.2","32834","244","39285","1"
,"1.904210000","1.813057000","218","296","192.168.178.95","8081","10.0.0.2","32834","244","39529","1"
,"1.904221000","1.813068000","219","296","192.168.178.95","8081","10.0.0.2","32834","244","39773","1"
,"1.904257000","1.813104000","220","296","192.168.178.95","8081","10.0.0.2","32834","244","40017","1"
,"1.904268000","1.813115000","221","296","192.168.178.95","8081","10.0.0.2","32834","244","40261","1"
,"1.904302000","1.813149000","222","296","192.168.178.95","8081","10.0.0.2","32834","244","40505","1"
,"1.904313000","1.813160000","223","296","192.168.178.95","8081","10.0.0.2","32834","244","40749","1"
,"1.904350000","1.813197000","224","296","192.168.178.95","8081","10.0.0.2","32834","244","40993","1"
,"1.904362000","1.813209000","225","296","192.168.178.95","8081","10.0.0.2","32834","244","41237","1"
,"1.965716000","1.874563000","226","52","10.0.0.2","32834","192.168.178.95","8081","0","1","20009"
,"1.965746000","1.874593000","227","52","10.0.0.2","32834","192.168.178.95","8081","0","1","20741"
,"1.966712000","1.875559000","228","296","192.168.178.95","8081","10.0.0.2","32834","244","41481","1"
,"1.966746000","1.875593000","229","296","192.168.178.95","8081","10.0.0.2","32834","244","41725","1"
,"1.966812000","1.875659000","230","296","192.168.178.95","8081","10.0.0.2","32834","244","41969","1"
,"1.966826000","1.875673000","231","296","192.168.178.95","8081","10.0.0.2","32834","244","42213","1"
,"1.966862000","1.875709000","232","296","192.168.178.95","8081","10.0.0.2","32834","244","42457","1"
,"1.966874000","1.875721000","233","296","192.168.178.95","8081","10.0.0.2","32834","244","42701","1"
,"1.966909000","1.875756000","234","296","192.168.178.95","8081","10.0.0.2","32834","244","42945","1"
,"1.966922000","1.875769000","235","296","192.168.178.95","8081","10.0.0.2","32834","244","43189","1"
,"1.966959000","1.875806000","236","296","192.168.178.95","8081","10.0.0.2","32834","244","43433","1"
,"1.966972000","1.875819000","237","296","192.168.178.95","8081","10.0.0.2","32834","244","43677","1"
,"2.027690000","1.936537000","238","52","10.0.0.2","32834","192.168.178.95","8081","0","1","21717"
,"2.027719000","1.936566000","239","52","10.0.0.2","32834","192.168.178.95","8081","0","1","21961"
,"2.028545000","1.937392000","240","296","192.168.178.95","8081","10.0.0.2","32834","244","43921","1"
,"2.028577000","1.937424000","241","296","192.168.178.95","8081","10.0.0.2","32834","244","44165","1"
,"2.028617000","1.937464000","242","296","192.168.178.95","8081","10.0.0.2","32834","244","44409","1"
,"2.028627000","1.937474000","243","296","192.168.178.95","8081","10.0.0.2","32834","244","44653","1"
,"2.028663000","1.937510000","244","296","192.168.178.95","8081","10.0.0.2","32834","244","44897","1"
,"2.028674000","1.937521000","245","296","192.168.178.95","8081","10.0.0.2","32834","244","45141","1"
,"2.028710000","1.937557000","246","296","192.168.178.95","8081","10.0.0.2","32834","244","45385","1"
,"2.028720000","1.937567000","247","296","192.168.178.95","8081","10.0.0.2","32834","244","45629","1"
,"2.028756000","1.937603000","248","296","192.168.178.95","8081","10.0.0.2","32834","244","45873","1"
,"2.028785000","1.937632000","249","296","192.168.178.95","8081","10.0.0.2","32834","244","46117","1"
,"2.090832000","1.999679000","250","52","10.0.0.2","32834","192.168.178.95","8081","0","1","22449"
,"2.090862000","1.999709000","251","52","10.0.0.2","32834","192.168.178.95","8081","0","1","23181"
,"2.091825000","2.000672000","252","296","192.168.178.95","8081","10.0.0.2","32834","244","46361","1"
,"2.091852000","2.000699000","253","296","192.168.178.95","8081","10.0.0.2","32834","244","46605","1"
,"2.091890000","2.000737000","254","296","192.168.178.95","8081","10.0.0.2","32834","244","46849","1"
,"2.091901000","2.000748000","255","296","192.168.178.95","8081","10.0.0.2","32834","244","47093","1"
,"2.091935000","2.000782000","256","296","192.168.178.95","8081","10.0.0.2","32834","244","47337","1"
,"2.091945000","2.000792000","257","296","192.168.178.95","8081","10.0.0.2","32834","244","47581","1"
,"2.091980000","2.000827000","258","296","192.168.178.95","8081","10.0.0.2","32834","244","47825","1"
,"2.091992000","2.000839000","259","296","192.168.178.95","8081","10.0.0.2","32834","244","48069","1"
,"2.092043000","2.000890000","260","296","192.168.178.95","8081","10.0.0.2","32834","244","48313","1"
,"2.092063000","2.000910000","261","296","192.168.178.95","8081","10.0.0.2","32834","244","48557","1"
,"2.152923000","2.061770000","262","52","10.0.0.2","32834","192.168.178.95","8081","0","1","24157"
,"2.152953000","2.061800000","263","52","10.0.0.2","32834","192.168.178.95","8081","0","1","24157"
,"2.153905000","2.062752000","264","296","192.168.178.95","8081","10.0.0.2","32834","244","48801","1"
,"2.153929000","2.062776000","265","296","192.168.178.95","8081","10.0.0.2","32834","244","49045","1"
,"2.153966000","2.062813000","266","296","192.168.178.95","8081","10.0.0.2","32834","244","49289","1"
,"2.153976000","2.062823000","267","296","192.168.178.95","8081","10.0.0.2","32834","244","49533","1"
,"2.154010000","2.062857000","268","296","192.168.178.95","8081","10.0.0.2","32834","244","49777","1"
,"2.154020000","2.062867000","269","296","192.168.178.95","8081","10.0.0.2","32834","244","50021","1"
,"2.154054000","2.062901000","270","296","192.168.178.95","8081","10.0.0.2","32834","244","50265","1"
,"2.154065000","2.062912000","271","296","192.168.178.95","8081","10.0.0.2","32834","244","50509","1"
,"2.216130000","2.124977000","272","52","10.0.0.2","32834","192.168.178.95","8081","0","1","24157"
,"2.216141000","2.124988000","273","52","10.0.0.2","32834","192.168.178.95","8081","0","1","24157"
,"2.216145000","2.124992000","274","52","10.0.0.2","32834","192.168.178.95","8081","0","1","24157"
,"2.216150000","2.124997000","275","52","10.0.0.2","32834","192.168.178.95","8081","0","1","24157"
,"2.216155000","2.125002000","276","52","10.0.0.2","32834","192.168.178.95","8081","0","1","24157"
,"2.216838000","2.125685000","277","296","192.168.178.95","8081","10.0.0.2","32834","244","50753","1"
,"2.216845000","2.125692000","278","296","192.168.178.95","8081","10.0.0.2","32834","244","50997","1"
,"2.216858000","2.125705000","279","296","192.168.178.95","8081","10.0.0.2","32834","244","24157","1"
,"2.216861000","2.125708000","280","296","192.168.178.95","8081","10.0.0.2","32834","244","51241","1"
,"2.277696000","2.186543000","281","52","10.0.0.2","32834","192.168.178.95","8081","0","1","24157"
,"2.277720000","2.186567000","282","52","10.0.0.2","32834","192.168.178.95","8081","0","1","24157"
,"2.277733000","2.186580000","283","52","10.0.0.2","32834","192.168.178.95","8081","0","1","24157"
,"2.277745000","2.186592000","284","52","10.0.0.2","32834","192.168.178.95","8081","0","1","24157"
,"2.277756000","2.186603000","285","52","10.0.0.2","32834","192.168.178.95","8081","0","1","24157"
,"2.278668000","2.187515000","286","296","192.168.178.95","8081","10.0.0.2","32834","244","51485","1"
,"2.278691000","2.187538000","287","296","192.168.178.95","8081","10.0.0.2","32834","244","51729","1"
,"2.278715000","2.187562000","288","296","192.168.178.95","8081","10.0.0.2","32834","244","51973","1"
,"2.340541000","2.249388000","289","52","10.0.0.2","32834","192.168.178.95","8081","0","1","24157"
,"2.340570000","2.249417000","290","52","10.0.0.2","32834","192.168.178.95","8081","0","1","24157"
,"2.340585000","2.249432000","291","52","10.0.0.2","32834","192.168.178.95","8081","0","1","24157"
,"2.340601000","2.249448000","292","52","10.0.0.2","32834","192.168.178.95","8081","0","1","24157"
,"2.340615000","2.249462000","293","52","10.0.0.2","32834","192.168.178.95","8081","0","1","24157"
,"2.341610000","2.250457000","294","296","192.168.178.95","8081","10.0.0.2","32834","244","52217","1"
,"2.341637000","2.250484000","295","296","192.168.178.95","8081","10.0.0.2","32834","244","52461","1"
,"2.403040000","2.311887000","296","52","10.0.0.2","32834","192.168.178.95","8081","0","1","24157"
,"2.403070000","2.311917000","297","52","10.0.0.2","32834","192.168.178.95","8081","0","1","24157"
,"2.403087000","2.311934000","298","52","10.0.0.2","32834","192.168.178.95","8081","0","1","24157"
,"2.403103000","2.311950000","299","52","10.0.0.2","32834","192.168.178.95","8081","0","1","24157"
,"2.403117000","2.311964000","300","52","10.0.0.2","32834","192.168.178.95","8081","0","1","24157"
,"2.403975000","2.312822000","301","296","192.168.178.95","8081","10.0.0.2","32834","244","52705","1"
,"2.403997000","2.312844000","302","296","192.168.178.95","8081","10.0.0.2","32834","244","52949","1"
,"2.404029000","2.312876000","303","296","192.168.178.95","8081","10.0.0.2","32834","244","53193","1"
,"2.466185000","2.375032000","304","52","10.0.0.2","32834","192.168.178.95","8081","0","1","24157"
,"2.466216000","2.375063000","305","52","10.0.0.2","32834","192.168.178.95","8081","0","1","24157"
,"2.466233000","2.375080000","306","52","10.0.0.2","32834","192.168.178.95","8081","0","1","24157"
,"2.466252000","2.375099000","307","52","10.0.0.2","32834","192.168.178.95","8081","0","1","24157"
,"2.466267000","2.375114000","308","52","10.0.0.2","32834","192.168.178.95","8081","0","1","24157"
,"2.467095000","2.375942000","309","296","192.168.178.95","8081","10.0.0.2","32834","244","53437","1"
,"2.467119000","2.375966000","310","296","192.168.178.95","8081","10.0.0.2","32834","244","53681","1"
,"2.528367000","2.437214000","311","52","10.0.0.2","32834","192.168.178.95","8081","0","1","24157"
,"2.528398000","2.437245000","312","52","10.0.0.2","32834","192.168.178.95","8081","0","1","24157"
,"2.528415000","2.437262000","313","52","10.0.0.2","32834","192.168.178.95","8081","0","1","24157"
,"2.528433000","2.437280000","314","52","10.0.0.2","32834","192.168.178.95","8081","0","1","24157"
,"2.528448000","2.437295000","315","52","10.0.0.2","32834","192.168.178.95","8081","0","1","24157"
,"2.529361000","2.438208000","316","296","192.168.178.95","8081","10.0.0.2","32834","244","53925","1"
,"2.529391000","2.438238000","317","296","192.168.178.95","8081","10.0.0.2","32834","244","54169","1"
,"2.529423000","2.438270000","318","296","192.168.178.95","8081","10.0.0.2","32834","244","54413","1"
,"2.590696000","2.499543000","319","52","10.0.0.2","32834","192.168.178.95","8081","0","1","24157"
,"2.590726000","2.499573000","320","52","10.0.0.2","32834","192.168.178.95","8081","0","1","24157"
,"2.590741000","2.499588000","321","52","10.0.0.2","32834","192.168.178.95","8081","0","1","24157"
,"2.590757000","2.499604000","322","52","10.0.0.2","32834","192.168.178.95","8081","0","1","24157"
,"2.590794000","2.499641000","323","52","10.0.0.2","32834","192.168.178.95","8081","0","1","24157"
,"2.591837000","2.500684000","324","296","192.168.178.95","8081","10.0.0.2","32834","244","54657","1"
,"2.591866000","2.500713000","325","296","192.168.178.95","8081","10.0.0.2","32834","244","54901","1"
,"2.652717000","2.561564000","326","52","10.0.0.2","32834","192.168.178.95","8081","0","1","24157"
,"2.652748000","2.561595000","327","52","10.0.0.2","32834","192.168.178.95","8081","0","1","24157"
,"2.652764000","2.561611000","328","52","10.0.0.2","32834","192.168.178.95","8081","0","1","24157"
,"2.652801000","2.561648000","329","52","10.0.0.2","32834","192.168.178.95","8081","0","1","24157"
,"2.652817000","2.561664000","330","52","10.0.0.2","32834","192.168.178.95","8081","0","1","24157"
,"2.653637000","2.562484000","331","296","192.168.178.95","8081","10.0.0.2","32834","244","55145","1"
,"2.653662000","2.562509000","332","296","192.168.178.95","8081","10.0.0.2","32834","244","55389","1"
,"2.653690000","2.562537000","333","296","192.168.178.95","8081","10.0.0.2","32834","244","55633","1"
,"2.715970000","2.624817000","334","52","10.0.0.2","32834","192.168.178.95","8081","0","1","24157"
,"2.716002000","2.624849000","335","52","10.0.0.2","32834","192.168.178.95","8081","0","1","24157"
,"2.716019000","2.624866000","336","52","10.0.0.2","32834","192.168.178.95","8081","0","1","24157"
,"2.716036000","2.624883000","337","52","10.0.0.2","32834","192.168.178.95","8081","0","1","24157"
,"2.716051000","2.624898000","338","52","10.0.0.2","32834","192.168.178.95","8081","0","1","24157"
,"2.717047000","2.625894000","339","296","192.168.178.95","8081","10.0.0.2","32834","244","55877","1"
,"2.717074000","2.625921000","340","296","192.168.178.95","8081","10.0.0.2","32834","244","56121","1"
,"2.778172000","2.687019000","341","52","10.0.0.2","32834","192.168.178.95","8081","0","1","24157"
,"2.778203000","2.687050000","342","52","10.0.0.2","32834","192.168.178.95","8081","0","1","24157"
,"2.778220000","2.687067000","343","52","10.0.0.2","32834","192.168.178.95","8081","0","1","24157"
,"2.778237000","2.687084000","344","52","10.0.0.2","32834","192.168.178.95","8081","0","1","24157"
,"2.778254000","2.687101000","345","52","10.0.0.2","32834","192.168.178.95","8081","0","1","24157"
,"2.779152000","2.687999000","346","296","192.168.178.95","8081","10.0.0.2","32834","244","56365","1"
,"2.779180000","2.688027000","347","296","192.168.178.95","8081","10.0.0.2","32834","244","56609","1"
,"2.779213000","2.688060000","348","296","192.168.178.95","8081","10.0.0.2","32834","244","56853","1"
,"2.840438000","2.749285000","349","52","10.0.0.2","32834","192.168.178.95","8081","0","1","24157"
,"2.840468000","2.749315000","350","52","10.0.0.2","32834","192.168.178.95","8081","0","1","24157"
,"2.840484000","2.749331000","351","52","10.0.0.2","32834","192.168.178.95","8081","0","1","24157"
,"2.840502000","2.749349000","352","52","10.0.0.2","32834","192.168.178.95","8081","0","1","24157"
,"2.840517000","2.749364000","353","52","10.0.0.2","32834","192.168.178.95","8081","0","1","24157"
,"2.841551000","2.750398000","354","296","192.168.178.95","8081","10.0.0.2","32834","244","57097","1"
,"2.841588000","2.750435000","355","296","192.168.178.95","8081","10.0.0.2","32834","244","57341","1"
,"2.902522000","2.811369000","356","52","10.0.0.2","32834","192.168.178.95","8081","0","1","24157"
,"2.902553000","2.811400000","357","52","10.0.0.2","32834","192.168.178.95","8081","0","1","25621"
,"2.902569000","2.811416000","358","52","10.0.0.2","32834","192.168.178.95","8081","0","1","25621"
,"2.902584000","2.811431000","359","52","10.0.0.2","32834","192.168.178.95","8081","0","1","25621"
,"2.902598000","2.811445000","360","52","10.0.0.2","32834","192.168.178.95","8081","0","1","25621"
,"2.903605000","2.812452000","361","296","192.168.178.95","8081","10.0.0.2","32834","244","57585","1"
,"2.903633000","2.812480000","362","296","192.168.178.95","8081","10.0.0.2","32834","244","25621","1"
,"2.903662000","2.812509000","363","296","192.168.178.95","8081","10.0.0.2","32834","244","57829","1"
,"2.965817000","2.874664000","364","52","10.0.0.2","32834","192.168.178.95","8081","0","1","25621"
,"2.965850000","2.874697000","365","52","10.0.0.2","32834","192.168.178.95","8081","0","1","25621"
,"2.965867000","2.874714000","366","52","10.0.0.2","32834","192.168.178.95","8081","0","1","25621"
,"2.965883000","2.874730000","367","52","10.0.0.2","32834","192.168.178.95","8081","0","1","25621"
,"2.965897000","2.874744000","368","52","10.0.0.2","32834","192.168.178.95","8081","0","1","25621"
,"2.966727000","2.875574000","369","296","192.168.178.95","8081","10.0.0.2","32834","244","58073","1"
,"2.966751000","2.875598000","370","296","192.168.178.95","8081","10.0.0.2","32834","244","58317","1"
,"3.028305000","2.937152000","371","52","10.0.0.2","32834","192.168.178.95","8081","0","1","25621"
,"3.028335000","2.937182000","372","52","10.0.0.2","32834","192.168.178.95","8081","0","1","25621"
,"3.028351000","2.937198000","373","52","10.0.0.2","32834","192.168.178.95","8081","0","1","25621"
,"3.028368000","2.937215000","374","52","10.0.0.2","32834","192.168.178.95","8081","0","1","25621"
,"3.028382000","2.937229000","375","52","10.0.0.2","32834","192.168.178.95","8081","0","1","25621"
,"3.029319000","2.938166000","376","296","192.168.178.95","8081","10.0.0.2","32834","244","58561","1"
,"3.029355000","2.938202000","377","296","192.168.178.95","8081","10.0.0.2","32834","244","58805","1"
,"3.029389000","2.938236000","378","296","192.168.178.95","8081","10.0.0.2","32834","244","59049","1"
,"3.091150000","2.999997000","379","52","10.0.0.2","32834","192.168.178.95","8081","0","1","25621"
,"3.091176000","3.000023000","380","52","10.0.0.2","32834","192.168.178.95","8081","0","1","25621"
,"3.091191000","3.000038000","381","52","10.0.0.2","32834","192.168.178.95","8081","0","1","25621"
,"3.091205000","3.000052000","382","52","10.0.0.2","32834","192.168.178.95","8081","0","1","25621"
,"3.091219000","3.000066000","383","52","10.0.0.2","32834","192.168.178.95","8081","0","1","25621"
,"3.092120000","3.000967000","384","296","192.168.178.95","8081","10.0.0.2","32834","244","59293","1"
,"3.092146000","3.000993000","385","296","192.168.178.95","8081","10.0.0.2","32834","244","59537","1"
,"3.152421000","3.061268000","386","52","10.0.0.2","32834","192.168.178.95","8081","0","1","25621"
,"3.152451000","3.061298000","387","52","10.0.0.2","32834","192.168.178.95","8081","0","1","25621"
,"3.152466000","3.061313000","388","52","10.0.0.2","32834","192.168.178.95","8081","0","1","25621"
,"3.152482000","3.061329000","389","52","10.0.0.2","32834","192.168.178.95","8081","0","1","25621"
,"3.152496000","3.061343000","390","52","10.0.0.2","32834","192.168.178.95","8081","0","1","25621"
,"3.153456000","3.062303000","391","296","192.168.178.95","8081","10.0.0.2","32834","244","59781","1"
,"3.153487000","3.062334000","392","296","192.168.178.95","8081","10.0.0.2","32834","244","60025","1"
,"3.153531000","3.062378000","393","296","192.168.178.95","8081","10.0.0.2","32834","244","60269","1"
,"3.215782000","3.124629000","394","52","10.0.0.2","32834","192.168.178.95","8081","0","1","25621"
,"3.215823000","3.124670000","395","52","10.0.0.2","32834","192.168.178.95","8081","0","1","25621"
,"3.215840000","3.124687000","396","52","10.0.0.2","32834","192.168.178.95","8081","0","1","25621"
,"3.215854000","3.124701000","397","52","10.0.0.2","32834","192.168.178.95","8081","0","1","25621"
,"3.215870000","3.124717000","398","52","10.0.0.2","32834","192.168.178.95","8081","0","1","25865"
,"3.216720000","3.125567000","399","296","192.168.178.95","8081","10.0.0.2","32834","244","60513","1"
,"3.216742000","3.125589000","400","296","192.168.178.95","8081","10.0.0.2","32834","244","60757","1"
,"3.277684000","3.186531000","401","52","10.0.0.2","32834","192.168.178.95","8081","0","1","25865"
,"3.277712000","3.186559000","402","52","10.0.0.2","32834","192.168.178.95","8081","0","1","25865"
,"3.277727000","3.186574000","403","52","10.0.0.2","32834","192.168.178.95","8081","0","1","25865"
,"3.278567000","3.187414000","404","296","192.168.178.95","8081","10.0.0.2","32834","244","25865","1"
,"3.278588000","3.187435000","405","296","192.168.178.95","8081","10.0.0.2","32834","244","61001","1"
,"3.341099000","3.249946000","406","52","10.0.0.2","32834","192.168.178.95","8081","0","1","25865"
,"3.341130000","3.249977000","407","52","10.0.0.2","32834","192.168.178.95","8081","0","1","25865"
,"3.341146000","3.249993000","408","52","10.0.0.2","32834","192.168.178.95","8081","0","1","25865"
,"3.341985000","3.250832000","409","296","192.168.178.95","8081","10.0.0.2","32834","244","61245","1"
,"3.402959000","3.311806000","410","52","10.0.0.2","32834","192.168.178.95","8081","0","1","25865"
,"3.402990000","3.311837000","411","52","10.0.0.2","32834","192.168.178.95","8081","0","1","25865"
,"3.403873000","3.312720000","412","296","192.168.178.95","8081","10.0.0.2","32834","244","61489","1"
,"3.466020000","3.374867000","413","52","10.0.0.2","32834","192.168.178.95","8081","0","1","25865"
,"3.466050000","3.374897000","414","52","10.0.0.2","32834","192.168.178.95","8081","0","1","25865"
,"3.466067000","3.374914000","415","52","10.0.0.2","32834","192.168.178.95","8081","0","1","25865"
,"3.466843000","3.375690000","416","296","192.168.178.95","8081","10.0.0.2","32834","244","61733","1"
,"3.466866000","3.375713000","417","296","192.168.178.95","8081","10.0.0.2","32834","244","61977","1"
,"3.527502000","3.436349000","418","52","10.0.0.2","32834","192.168.178.95","8081","0","1","25865"
,"3.527535000","3.436382000","419","52","10.0.0.2","32834","192.168.178.95","8081","0","1","25865"
,"3.528516000","3.437363000","420","296","192.168.178.95","8081","10.0.0.2","32834","244","62221","1"
,"3.591228000","3.500075000","421","52","10.0.0.2","32834","192.168.178.95","8081","0","1","26109"
,"3.591258000","3.500105000","422","52","10.0.0.2","32834","192.168.178.95","8081","0","1","26109"
,"3.592144000","3.500991000","423","296","192.168.178.95","8081","10.0.0.2","32834","244","26109","1"
,"3.639949000",,"424","48",,,,,,,
,"3.652843000","3.561690000","425","52","10.0.0.2","32834","192.168.178.95","8081","0","1","26109"
,"3.716141000","3.624988000","426","52","10.0.0.2","32834","192.168.178.95","8081","0","1","26109"
,"3.777586000","3.686433000","427","52","10.0.0.2","32834","192.168.178.95","8081","0","1","26109"
,"3.777614000","3.686461000","428","52","10.0.0.2","32834","192.168.178.95","8081","0","1","26109"
,"3.778450000","3.687297000","429","296","192.168.178.95","8081","10.0.0.2","32834","244","62465","1"
,"3.778474000","3.687321000","430","296","192.168.178.95","8081","10.0.0.2","32834","244","62709","1"
,"3.840842000","3.749689000","431","52","10.0.0.2","32834","192.168.178.95","8081","0","1","26109"
,"3.841831000","3.750678000","432","296","192.168.178.95","8081","10.0.0.2","32834","244","62953","1"
,"3.903018000","3.811865000","433","52","10.0.0.2","32834","192.168.178.95","8081","0","1","26353"
,"3.904086000","3.812933000","434","296","192.168.178.95","8081","10.0.0.2","32834","244","26353","1"
,"3.904112000","3.812959000","435","296","192.168.178.95","8081","10.0.0.2","32834","244","63197","1"
,"4.090431000","3.999278000","436","52","10.0.0.2","32834","192.168.178.95","8081","0","1","26353"
,"4.090463000","3.999310000","437","52","10.0.0.2","32834","192.168.178.95","8081","0","1","26353"
,"4.091378000","4.000225000","438","296","192.168.178.95","8081","10.0.0.2","32834","244","63441","1"
,"4.091412000","4.000259000","439","296","192.168.178.95","8081","10.0.0.2","32834","244","63685","1"
,"4.153003000","4.061850000","440","52","10.0.0.2","32834","192.168.178.95","8081","0","1","26353"
,"4.153932000","4.062779000","441","296","192.168.178.95","8081","10.0.0.2","32834","244","63929","1"
,"4.216272000","4.125119000","442","52","10.0.0.2","32834","192.168.178.95","8081","0","1","26597"
,"4.216293000","4.125140000","443","52","10.0.0.2","32834","192.168.178.95","8081","0","1","26597"
,"4.217330000","4.126177000","444","296","192.168.178.95","8081","10.0.0.2","32834","244","26597","1"
,"4.217364000","4.126211000","445","296","192.168.178.95","8081","10.0.0.2","32834","244","64173","1"
,"4.217395000","4.126242000","446","296","192.168.178.95","8081","10.0.0.2","32834","244","64417","1"
,"4.402864000","4.311711000","447","52","10.0.0.2","32834","192.168.178.95","8081","0","1","26597"
,"4.402890000","4.311737000","448","52","10.0.0.2","32834","192.168.178.95","8081","0","1","26597"
,"4.403857000","4.312704000","449","296","192.168.178.95","8081","10.0.0.2","32834","244","64661","1"
,"4.403889000","4.312736000","450","296","192.168.178.95","8081","10.0.0.2","32834","244","64905","1"
,"4.466192000","4.375039000","451","52","10.0.0.2","32834","192.168.178.95","8081","0","1","26597"
,"4.467267000","4.376114000","452","296","192.168.178.95","8081","10.0.0.2","32834","244","65149","1"
,"4.527429000","4.436276000","453","52","10.0.0.2","32834","192.168.178.95","8081","0","1","28061"
,"4.527463000","4.436310000","454","52","10.0.0.2","32834","192.168.178.95","8081","0","1","28061"
,"4.527474000","4.436321000","455","52","10.0.0.2","32834","192.168.178.95","8081","0","1","28061"
,"4.528373000","4.437220000","456","296","192.168.178.95","8081","10.0.0.2","32834","244","28061","1"
,"4.528419000","4.437266000","457","296","192.168.178.95","8081","10.0.0.2","32834","244","65393","1"
,"4.528475000","4.437322000","458","296","192.168.178.95","8081","10.0.0.2","32834","244","65637","1"
,"4.528492000","4.437339000","459","296","192.168.178.95","8081","10.0.0.2","32834","244","65881","1"
,"4.663985000",,"460","48",,,,,,,
,"4.716083000","4.624930000","461","52","10.0.0.2","32834","192.168.178.95","8081","0","1","28061"
,"4.716105000","4.624952000","462","52","10.0.0.2","32834","192.168.178.95","8081","0","1","28061"
,"4.717058000","4.625905000","463","296","192.168.178.95","8081","10.0.0.2","32834","244","66125","1"
,"4.717092000","4.625939000","464","296","192.168.178.95","8081","10.0.0.2","32834","244","66369","1"
,"4.777513000","4.686360000","465","52","10.0.0.2","32834","192.168.178.95","8081","0","1","28061"
,"4.778600000","4.687447000","466","296","192.168.178.95","8081","10.0.0.2","32834","244","66613","1"
,"4.840873000","4.749720000","467","52","10.0.0.2","32834","192.168.178.95","8081","0","1","28305"
,"4.840897000","4.749744000","468","52","10.0.0.2","32834","192.168.178.95","8081","0","1","28305"
,"4.840908000","4.749755000","469","52","10.0.0.2","32834","192.168.178.95","8081","0","1","28305"
,"4.840918000","4.749765000","470","52","10.0.0.2","32834","192.168.178.95","8081","0","1","28305"
,"4.841859000","4.750706000","471","296","192.168.178.95","8081","10.0.0.2","32834","244","28305","1"
,"4.841890000","4.750737000","472","296","192.168.178.95","8081","10.0.0.2","32834","244","66857","1"
,"4.841931000","4.750778000","473","296","192.168.178.95","8081","10.0.0.2","32834","244","67101","1"
,"4.841942000","4.750789000","474","296","192.168.178.95","8081","10.0.0.2","32834","244","67345","1"
,"4.841974000","4.750821000","475","296","192.168.178.95","8081","10.0.0.2","32834","244","67589","1"
,"5.027548000","4.936395000","476","52","10.0.0.2","32834","192.168.178.95","8081","0","1","28305"
,"5.027571000","4.936418000","477","52","10.0.0.2","32834","192.168.178.95","8081","0","1","28305"
,"5.028662000","4.937509000","478","296","192.168.178.95","8081","10.0.0.2","32834","244","67833","1"
,"5.028694000","4.937541000","479","296","192.168.178.95","8081","10.0.0.2","32834","244","68077","1"
,"5.090684000","4.999531000","480","52","10.0.0.2","32834","192.168.178.95","8081","0","1","28305"
,"5.091653000","5.000500000","481","296","192.168.178.95","8081","10.0.0.2","32834","244","68321","1"
,"5.153117000","5.061964000","482","52","10.0.0.2","32834","192.168.178.95","8081","0","1","28549"
,"5.153142000","5.061989000","483","52","10.0.0.2","32834","192.168.178.95","8081","0","1","28549"
,"5.153153000","5.062000000","484","52","10.0.0.2","32834","192.168.178.95","8081","0","1","28549"
,"5.153163000","5.062010000","485","52","10.0.0.2","32834","192.168.178.95","8081","0","1","28549"
,"5.153173000","5.062020000","486","52","10.0.0.2","32834","192.168.178.95","8081","0","1","28549"
,"5.154213000","5.063060000","487","296","192.168.178.95","8081","10.0.0.2","32834","244","28549","1"
,"5.154247000","5.063094000","488","296","192.168.178.95","8081","10.0.0.2","32834","244","68565","1"
,"5.154286000","5.063133000","489","296","192.168.178.95","8081","10.0.0.2","32834","244","68809","1"
,"5.154297000","5.063144000","490","296","192.168.178.95","8081","10.0.0.2","32834","244","69053","1"
,"5.154334000","5.063181000","491","296","192.168.178.95","8081","10.0.0.2","32834","244","69297","1"
,"5.154345000","5.063192000","492","296","192.168.178.95","8081","10.0.0.2","32834","244","69541","1"
,"5.341003000","5.249850000","493","52","10.0.0.2","32834","192.168.178.95","8081","0","1","28549"
,"5.341027000","5.249874000","494","52","10.0.0.2","32834","192.168.178.95","8081","0","1","28549"
,"5.342149000","5.250996000","495","296","192.168.178.95","8081","10.0.0.2","32834","244","69785","1"
,"5.342183000","5.251030000","496","296","192.168.178.95","8081","10.0.0.2","32834","244","70029","1"
,"5.403123000","5.311970000","497","52","10.0.0.2","32834","192.168.178.95","8081","0","1","28549"
,"5.404207000","5.313054000","498","296","192.168.178.95","8081","10.0.0.2","32834","244","70273","1"
,"5.465576000","5.374423000","499","52","10.0.0.2","32834","192.168.178.95","8081","0","1","28793"
,"5.465601000","5.374448000","500","52","10.0.0.2","32834","192.168.178.95","8081","0","1","28793"
,"5.465611000","5.374458000","501","52","10.0.0.2","32834","192.168.178.95","8081","0","1","28793"
,"5.465621000","5.374468000","502","52","10.0.0.2","32834","192.168.178.95","8081","0","1","28793"
,"5.465632000","5.374479000","503","52","10.0.0.2","32834","192.168.178.95","8081","0","1","28793"
,"5.466717000","5.375564000","504","296","192.168.178.95","8081","10.0.0.2","32834","244","28793","1"
,"5.466751000","5.375598000","505","296","192.168.178.95","8081","10.0.0.2","32834","244","70517","1"
,"5.466830000","5.375677000","506","296","192.168.178.95","8081","10.0.0.2","32834","244","70761","1"
,"5.466843000","5.375690000","507","296","192.168.178.95","8081","10.0.0.2","32834","244","71005","1"
,"5.466881000","5.375728000","508","296","192.168.178.95","8081","10.0.0.2","32834","244","71249","1"
,"5.466893000","5.375740000","509","296","192.168.178.95","8081","10.0.0.2","32834","244","71493","1"
,"5.527850000","5.436697000","510","52","10.0.0.2","32834","192.168.178.95","8081","0","1","28793"
,"5.528907000","5.437754000","511","296","192.168.178.95","8081","10.0.0.2","32834","244","71737","1"
,"5.653372000","5.562219000","512","52","10.0.0.2","32834","192.168.178.95","8081","0","1","28793"
,"5.653397000","5.562244000","513","52","10.0.0.2","32834","192.168.178.95","8081","0","1","28793"
,"5.654484000","5.563331000","514","296","192.168.178.95","8081","10.0.0.2","32834","244","71981","1"
,"5.654520000","5.563367000","515","296","192.168.178.95","8081","10.0.0.2","32834","244","72225","1"
,"5.715453000","5.624300000","516","52","10.0.0.2","32834","192.168.178.95","8081","0","1","28793"
,"5.716530000","5.625377000","517","296","192.168.178.95","8081","10.0.0.2","32834","244","72469","1"
,"5.777914000","5.686761000","518","52","10.0.0.2","32834","192.168.178.95","8081","0","1","29037"
,"5.777934000","5.686781000","519","52","10.0.0.2","32834","192.168.178.95","8081","0","1","29037"
,"5.777944000","5.686791000","520","52","10.0.0.2","32834","192.168.178.95","8081","0","1","29037"
,"5.777953000","5.686800000","521","52","10.0.0.2","32834","192.168.178.95","8081","0","1","29037"
,"5.777962000","5.686809000","522","52","10.0.0.2","32834","192.168.178.95","8081","0","1","29037"
,"5.778852000","5.687699000","523","296","192.168.178.95","8081","10.0.0.2","32834","244","29037","1"
,"5.778878000","5.687725000","524","296","192.168.178.95","8081","10.0.0.2","32834","244","72713","1"
,"5.778912000","5.687759000","525","296","192.168.178.95","8081","10.0.0.2","32834","244","72957","1"
,"5.778931000","5.687778000","526","296","192.168.178.95","8081","10.0.0.2","32834","244","73201","1"
,"5.778964000","5.687811000","527","296","192.168.178.95","8081","10.0.0.2","32834","244","73445","1"
,"5.778974000","5.687821000","528","296","192.168.178.95","8081","10.0.0.2","32834","244","73689","1"
,"5.841238000","5.750085000","529","52","10.0.0.2","32834","192.168.178.95","8081","0","1","29037"
,"5.841263000","5.750110000","530","52","10.0.0.2","32834","192.168.178.95","8081","0","1","29037"
,"5.842345000","5.751192000","531","296","192.168.178.95","8081","10.0.0.2","32834","244","73933","1"
,"5.842380000","5.751227000","532","296","192.168.178.95","8081","10.0.0.2","32834","244","74177","1"
,"5.965563000","5.874410000","533","52","10.0.0.2","32834","192.168.178.95","8081","0","1","29037"
,"5.965589000","5.874436000","534","52","10.0.0.2","32834","192.168.178.95","8081","0","1","29037"
,"5.966784000","5.875631000","535","296","192.168.178.95","8081","10.0.0.2","32834","244","74421","1"
,"5.966837000","5.875684000","536","296","192.168.178.95","8081","10.0.0.2","32834","244","74665","1"
,"6.027979000","5.936826000","537","52","10.0.0.2","32834","192.168.178.95","8081","0","1","29037"
,"6.028872000","5.937719000","538","296","192.168.178.95","8081","10.0.0.2","32834","244","74909","1"
,"6.090524000","5.999371000","539","52","10.0.0.2","32834","192.168.178.95","8081","0","1","30501"
,"6.090548000","5.999395000","540","52","10.0.0.2","32834","192.168.178.95","8081","0","1","30501"
,"6.090558000","5.999405000","541","52","10.0.0.2","32834","192.168.178.95","8081","0","1","30501"
,"6.090568000","5.999415000","542","52","10.0.0.2","32834","192.168.178.95","8081","0","1","30501"
,"6.090578000","5.999425000","543","52","10.0.0.2","32834","192.168.178.95","8081","0","1","30501"
,"6.091714000","6.000561000","544","296","192.168.178.95","8081","10.0.0.2","32834","244","30501","1"
,"6.091750000","6.000597000","545","296","192.168.178.95","8081","10.0.0.2","32834","244","75153","1"
,"6.091821000","6.000668000","546","296","192.168.178.95","8081","10.0.0.2","32834","244","75397","1"
,"6.091835000","6.000682000","547","296","192.168.178.95","8081","10.0.0.2","32834","244","75641","1"
,"6.091873000","6.000720000","548","296","192.168.178.95","8081","10.0.0.2","32834","244","75885","1"
,"6.091884000","6.000731000","549","296","192.168.178.95","8081","10.0.0.2","32834","244","76129","1"
,"6.152868000","6.061715000","550","52","10.0.0.2","32834","192.168.178.95","8081","0","1","30501"
,"6.152895000","6.061742000","551","52","10.0.0.2","32834","192.168.178.95","8081","0","1","30501"
,"6.152907000","6.061754000","552","52","10.0.0.2","32834","192.168.178.95","8081","0","1","30501"
,"6.153930000","6.062777000","553","296","192.168.178.95","8081","10.0.0.2","32834","244","76373","1"
,"6.153964000","6.062811000","554","296","192.168.178.95","8081","10.0.0.2","32834","244","76617","1"
,"6.153997000","6.062844000","555","296","192.168.178.95","8081","10.0.0.2","32834","244","76861","1"
,"6.278263000","6.187110000","556","52","10.0.0.2","32834","192.168.178.95","8081","0","1","30501"
,"6.278288000","6.187135000","557","52","10.0.0.2","32834","192.168.178.95","8081","0","1","30501"
,"6.279391000","6.188238000","558","296","192.168.178.95","8081","10.0.0.2","32834","244","77105","1"
,"6.279426000","6.188273000","559","296","192.168.178.95","8081","10.0.0.2","32834","244","77349","1"
,"6.340646000","6.249493000","560","52","10.0.0.2","32834","192.168.178.95","8081","0","1","30501"
,"6.341652000","6.250499000","561","296","192.168.178.95","8081","10.0.0.2","32834","244","77593","1"
,"6.403004000","6.311851000","562","52","10.0.0.2","32834","192.168.178.95","8081","0","1","30745"
,"6.403030000","6.311877000","563","52","10.0.0.2","32834","192.168.178.95","8081","0","1","30745"
,"6.403040000","6.311887000","564","52","10.0.0.2","32834","192.168.178.95","8081","0","1","30745"
,"6.403050000","6.311897000","565","52","10.0.0.2","32834","192.168.178.95","8081","0","1","30745"
,"6.404006000","6.312853000","566","296","192.168.178.95","8081","10.0.0.2","32834","244","30745","1"
,"6.404041000","6.312888000","567","296","192.168.178.95","8081","10.0.0.2","32834","244","77837","1"
,"6.404084000","6.312931000","568","296","192.168.178.95","8081","10.0.0.2","32834","244","78081","1"
,"6.404096000","6.312943000","569","296","192.168.178.95","8081","10.0.0.2","32834","244","78325","1"
,"6.404141000","6.312988000","570","296","192.168.178.95","8081","10.0.0.2","32834","244","78569","1"
,"6.465462000","6.374309000","571","52","10.0.0.2","32834","192.168.178.95","8081","0","1","30745"
,"6.465485000","6.374332000","572","52","10.0.0.2","32834","192.168.178.95","8081","0","1","30745"
,"6.465495000","6.374342000","573","52","10.0.0.2","32834","192.168.178.95","8081","0","1","30745"
,"6.465505000","6.374352000","574","52","10.0.0.2","32834","192.168.178.95","8081","0","1","30745"
,"6.466570000","6.375417000","575","296","192.168.178.95","8081","10.0.0.2","32834","244","78813","1"
,"6.466606000","6.375453000","576","296","192.168.178.95","8081","10.0.0.2","32834","244","79057","1"
,"6.466645000","6.375492000","577","296","192.168.178.95","8081","10.0.0.2","32834","244","79301","1"
,"6.466656000","6.375503000","578","296","192.168.178.95","8081","10.0.0.2","32834","244","79545","1"
,"6.590706000","6.499553000","579","52","10.0.0.2","32834","192.168.178.95","8081","0","1","30745"
,"6.590732000","6.499579000","580","52","10.0.0.2","32834","192.168.178.95","8081","0","1","30745"
,"6.591895000","6.500742000","581","296","192.168.178.95","8081","10.0.0.2","32834","244","79789","1"
,"6.591931000","6.500778000","582","296","192.168.178.95","8081","10.0.0.2","32834","244","80033","1"
,"6.653314000","6.562161000","583","52","10.0.0.2","32834","192.168.178.95","8081","0","1","30745"
,"6.654332000","6.563179000","584","296","192.168.178.95","8081","10.0.0.2","32834","244","80277","1"
,"6.715496000","6.624343000","585","52","10.0.0.2","32834","192.168.178.95","8081","0","1","30989"
,"6.715521000","6.624368000","586","52","10.0.0.2","32834","192.168.178.95","8081","0","1","30989"
,"6.715531000","6.624378000","587","52","10.0.0.2","32834","192.168.178.95","8081","0","1","30989"
,"6.715541000","6.624388000","588","52","10.0.0.2","32834","192.168.178.95","8081","0","1","30989"
,"6.715550000","6.624397000","589","52","10.0.0.2","32834","192.168.178.95","8081","0","1","30989"
,"6.716656000","6.625503000","590","296","192.168.178.95","8081","10.0.0.2","32834","244","30989","1"
,"6.716695000","6.625542000","591","296","192.168.178.95","8081","10.0.0.2","32834","244","80521","1"
,"6.716739000","6.625586000","592","296","192.168.178.95","8081","10.0.0.2","32834","244","80765","1"
,"6.716752000","6.625599000","593","296","192.168.178.95","8081","10.0.0.2","32834","244","81009","1"
,"6.716821000","6.625668000","594","296","192.168.178.95","8081","10.0.0.2","32834","244","81253","1"
,"6.716836000","6.625683000","595","296","192.168.178.95","8081","10.0.0.2","32834","244","81497","1"
,"6.777818000","6.686665000","596","52","10.0.0.2","32834","192.168.178.95","8081","0","1","30989"
,"6.777846000","6.686693000","597","52","10.0.0.2","32834","192.168.178.95","8081","0","1","30989"
,"6.777856000","6.686703000","598","52","10.0.0.2","32834","192.168.178.95","8081","0","1","30989"
,"6.777866000","6.686713000","599","52","10.0.0.2","32834","192.168.178.95","8081","0","1","30989"
,"6.902556000","6.811403000","600","52","10.0.0.2","32834","192.168.178.95","8081","0","1","30989"
,"6.902582000","6.811429000","601","52","10.0.0.2","32834","192.168.178.95","8081","0","1","30989"
,"6.965700000","6.874547000","602","52","10.0.0.2","32834","192.168.178.95","8081","0","1","30989"
,"7.028245000","6.937092000","603","52","10.0.0.2","32834","192.168.178.95","8081","0","1","31233"
,"7.028270000","6.937117000","604","52","10.0.0.2","32834","192.168.178.95","8081","0","1","31233"
,"7.028281000","6.937128000","605","52","10.0.0.2","32834","192.168.178.95","8081","0","1","31233"
,"7.028291000","6.937138000","606","52","10.0.0.2","32834","192.168.178.95","8081","0","1","31233"
,"7.028300000","6.937147000","607","52","10.0.0.2","32834","192.168.178.95","8081","0","1","31233"
,"7.029277000","6.938124000","608","296","192.168.178.95","8081","10.0.0.2","32834","244","31233","1"
,"7.090638000","6.999485000","609","52","10.0.0.2","32834","192.168.178.95","8081","0","1","31233"
,"7.340830000","7.249677000","610","52","10.0.0.2","32834","192.168.178.95","8081","0","1","31477"
,"7.341706000","7.250553000","611","296","192.168.178.95","8081","10.0.0.2","32834","244","31477","1"
,"7.653236000","7.562083000","612","52","10.0.0.2","32834","192.168.178.95","8081","0","1","32941"
,"7.654305000","7.563152000","613","296","192.168.178.95","8081","10.0.0.2","32834","244","32941","1"
,"7.966154000","7.875001000","614","52","10.0.0.2","32834","192.168.178.95","8081","0","1","33185"
,"7.967237000","7.876084000","615","296","192.168.178.95","8081","10.0.0.2","32834","244","33185","1"
,"8.277991000","8.186838000","616","52","10.0.0.2","32834","192.168.178.95","8081","0","1","33429"
,"8.279106000","8.187953000","617","296","192.168.178.95","8081","10.0.0.2","32834","244","33429","1"
,"8.590692000","8.499539000","618","52","10.0.0.2","32834","192.168.178.95","8081","0","1","33673"
,"8.591674000","8.500521000","619","296","192.168.178.95","8081","10.0.0.2","32834","244","33673","1"
,"8.903357000","8.812204000","620","52","10.0.0.2","32834","192.168.178.95","8081","0","1","33917"
,"8.904443000","8.813290000","621","296","192.168.178.95","8081","10.0.0.2","32834","244","33917","1"
,"9.216120000","9.124967000","622","52","10.0.0.2","32834","192.168.178.95","8081","0","1","35381"
,"9.217092000","9.125939000","623","296","192.168.178.95","8081","10.0.0.2","32834","244","35381","1"
,"9.527690000","9.436537000","624","52","10.0.0.2","32834","192.168.178.95","8081","0","1","35625"
,"9.528817000","9.437664000","625","296","192.168.178.95","8081","10.0.0.2","32834","244","35625","1"
,"9.841373000","9.750220000","626","52","10.0.0.2","32834","192.168.178.95","8081","0","1","35869"
,"9.842424000","9.751271000","627","296","192.168.178.95","8081","10.0.0.2","32834","244","35869","1"
,"10.153201000","10.062048000","628","52","10.0.0.2","32834","192.168.178.95","8081","0","1","36113"
,"10.154174000","10.063021000","629","296","192.168.178.95","8081","10.0.0.2","32834","244","36113","1"
,"10.465844000","10.374691000","630","52","10.0.0.2","32834","192.168.178.95","8081","0","1","36357"
,"10.466813000","10.375660000","631","296","192.168.178.95","8081","10.0.0.2","32834","244","36357","1"
,"10.778259000","10.687106000","632","52","10.0.0.2","32834","192.168.178.95","8081","0","1","37821"
,"10.779210000","10.688057000","633","296","192.168.178.95","8081","10.0.0.2","32834","244","37821","1"
,"11.091000000","10.999847000","634","52","10.0.0.2","32834","192.168.178.95","8081","0","1","38065"
,"11.092150000","11.000997000","635","296","192.168.178.95","8081","10.0.0.2","32834","244","38065","1"
,"11.319877000",,"636","48",,,,,,,
,"11.402717000","11.311564000","637","52","10.0.0.2","32834","192.168.178.95","8081","0","1","38309"
,"11.403665000","11.312512000","638","296","192.168.178.95","8081","10.0.0.2","32834","244","38309","1"
,"11.716155000","11.625002000","639","52","10.0.0.2","32834","192.168.178.95","8081","0","1","38553"
,"11.717145000","11.625992000","640","296","192.168.178.95","8081","10.0.0.2","32834","244","38553","1"
,"12.027863000","11.936710000","641","52","10.0.0.2","32834","192.168.178.95","8081","0","1","38797"
,"12.028935000","11.937782000","642","296","192.168.178.95","8081","10.0.0.2","32834","244","38797","1"
,"12.340341000","12.249188000","643","52","10.0.0.2","32834","192.168.178.95","8081","0","1","40261"
,"12.341416000","12.250263000","644","296","192.168.178.95","8081","10.0.0.2","32834","244","40261","1"
,"12.652940000","12.561787000","645","52","10.0.0.2","32834","192.168.178.95","8081","0","1","40505"
,"12.653910000","12.562757000","646","296","192.168.178.95","8081","10.0.0.2","32834","244","40505","1"
,"12.965575000","12.874422000","647","52","10.0.0.2","32834","192.168.178.95","8081","0","1","40749"
,"12.966680000","12.875527000","648","296","192.168.178.95","8081","10.0.0.2","32834","244","40749","1"
,"13.277436000","13.186283000","649","52","10.0.0.2","32834","192.168.178.95","8081","0","1","40993"
,"13.278529000","13.187376000","650","296","192.168.178.95","8081","10.0.0.2","32834","244","40993","1"
,"13.368058000",,"651","48",,,,,,,
,"13.591290000","13.500137000","652","52","10.0.0.2","32834","192.168.178.95","8081","0","1","41237"
,"13.592266000","13.501113000","653","296","192.168.178.95","8081","10.0.0.2","32834","244","41237","1"
,"13.903273000","13.812120000","654","52","10.0.0.2","32834","192.168.178.95","8081","0","1","42701"
,"13.904270000","13.813117000","655","296","192.168.178.95","8081","10.0.0.2","32834","244","42701","1"
,"14.215923000","14.124770000","656","52","10.0.0.2","32834","192.168.178.95","8081","0","1","42945"
,"14.216859000","14.125706000","657","296","192.168.178.95","8081","10.0.0.2","32834","244","42945","1"
,"14.216899000","14.125746000","658","296","192.168.178.95","8081","10.0.0.2","32834","244","81741","1"
,"14.216954000","14.125801000","659","296","192.168.178.95","8081","10.0.0.2","32834","244","81985","1"
,"14.216970000","14.125817000","660","296","192.168.178.95","8081","10.0.0.2","32834","244","82229","1"
,"14.217008000","14.125855000","661","296","192.168.178.95","8081","10.0.0.2","32834","244","82473","1"
,"14.527748000","14.436595000","662","52","10.0.0.2","32834","192.168.178.95","8081","0","1","43189"
,"14.527795000","14.436642000","663","52","10.0.0.2","32834","192.168.178.95","8081","0","1","43189"
,"14.527806000","14.436653000","664","52","10.0.0.2","32834","192.168.178.95","8081","0","1","43189"
,"14.527816000","14.436663000","665","52","10.0.0.2","32834","192.168.178.95","8081","0","1","43189"
,"14.527826000","14.436673000","666","52","10.0.0.2","32834","192.168.178.95","8081","0","1","43189"
,"14.528852000","14.437699000","667","296","192.168.178.95","8081","10.0.0.2","32834","244","43189","1"
,"14.528882000","14.437729000","668","296","192.168.178.95","8081","10.0.0.2","32834","244","82717","1"
,"14.528913000","14.437760000","669","120","192.168.178.95","8081","10.0.0.2","32834","68","82961","1"
,"14.840652000","14.749499000","670","52","10.0.0.2","32834","192.168.178.95","8081","0","1","43433"
,"14.840679000","14.749526000","671","52","10.0.0.2","32834","192.168.178.95","8081","0","1","43433"
,"14.840690000","14.749537000","672","52","10.0.0.2","32834","192.168.178.95","8081","0","1","43433"
,"14.841841000","14.750688000","673","296","192.168.178.95","8081","10.0.0.2","32834","244","43433","1"
,"15.152398000","15.061245000","674","52","10.0.0.2","32834","192.168.178.95","8081","0","1","43677"
,"15.153531000","15.062378000","675","296","192.168.178.95","8081","10.0.0.2","32834","244","43677","1"
,"15.466181000","15.375028000","676","52","10.0.0.2","32834","192.168.178.95","8081","0","1","45141"
,"15.467225000","15.376072000","677","296","192.168.178.95","8081","10.0.0.2","32834","244","45141","1"
,"15.467256000","15.376103000","678","296","192.168.178.95","8081","10.0.0.2","32834","244","83029","1"
,"15.467294000","15.376141000","679","296","192.168.178.95","8081","10.0.0.2","32834","244","83273","1"
,"15.467305000","15.376152000","680","296","192.168.178.95","8081","10.0.0.2","32834","244","83517","1"
,"15.467341000","15.376188000","681","296","192.168.178.95","8081","10.0.0.2","32834","244","83761","1"
,"15.467352000","15.376199000","682","296","192.168.178.95","8081","10.0.0.2","32834","244","84005","1"
,"15.467379000","15.376226000","683","296","192.168.178.95","8081","10.0.0.2","32834","244","84249","1"
,"15.777796000","15.686643000","684","52","10.0.0.2","32834","192.168.178.95","8081","0","1","45385"
,"15.777832000","15.686679000","685","52","10.0.0.2","32834","192.168.178.95","8081","0","1","45385"
,"15.777844000","15.686691000","686","52","10.0.0.2","32834","192.168.178.95","8081","0","1","45385"
,"15.777855000","15.686702000","687","52","10.0.0.2","32834","192.168.178.95","8081","0","1","45385"
,"15.777866000","15.686713000","688","52","10.0.0.2","32834","192.168.178.95","8081","0","1","45385"
,"15.778874000","15.687721000","689","296","192.168.178.95","8081","10.0.0.2","32834","244","45385","1"
,"15.778906000","15.687753000","690","296","192.168.178.95","8081","10.0.0.2","32834","244","84493","1"
,"15.778948000","15.687795000","691","296","192.168.178.95","8081","10.0.0.2","32834","244","84737","1"
,"15.778960000","15.687807000","692","296","192.168.178.95","8081","10.0.0.2","32834","244","84981","1"
,"15.778989000","15.687836000","693","292","192.168.178.95","8081","10.0.0.2","32834","240","85225","1"
,"15.841119000","15.749966000","694","52","10.0.0.2","32834","192.168.178.95","8081","0","1","45385"
,"15.841144000","15.749991000","695","52","10.0.0.2","32834","192.168.178.95","8081","0","1","45385"
,"16.090728000","15.999575000","696","52","10.0.0.2","32834","192.168.178.95","8081","0","1","45629"
,"16.090753000","15.999600000","697","52","10.0.0.2","32834","192.168.178.95","8081","0","1","45629"
,"16.090778000","15.999625000","698","52","10.0.0.2","32834","192.168.178.95","8081","0","1","45629"
,"16.090803000","15.999650000","699","52","10.0.0.2","32834","192.168.178.95","8081","0","1","45629"
,"16.091846000","16.000693000","700","296","192.168.178.95","8081","10.0.0.2","32834","244","45629","1"
,"16.402618000","16.311465000","701","52","10.0.0.2","32834","192.168.178.95","8081","0","1","45873"
,"16.403661000","16.312508000","702","296","192.168.178.95","8081","10.0.0.2","32834","244","45873","1"
,"16.715454000","16.624301000","703","52","10.0.0.2","32834","192.168.178.95","8081","0","1","46117"
,"16.716501000","16.625348000","704","296","192.168.178.95","8081","10.0.0.2","32834","244","46117","1"
,"17.028043000","16.936890000","705","52","10.0.0.2","32834","192.168.178.95","8081","0","1","47581"
,"17.029023000","16.937870000","706","296","192.168.178.95","8081","10.0.0.2","32834","244","47581","1"
,"17.029052000","16.937899000","707","296","192.168.178.95","8081","10.0.0.2","32834","244","85465","1"
,"17.029090000","16.937937000","708","296","192.168.178.95","8081","10.0.0.2","32834","244","85709","1"
,"17.029101000","16.937948000","709","296","192.168.178.95","8081","10.0.0.2","32834","244","85953","1"
,"17.029130000","16.937977000","710","76","192.168.178.95","8081","10.0.0.2","32834","24","86197","1"
,"17.340948000","17.249795000","711","52","10.0.0.2","32834","192.168.178.95","8081","0","1","47825"
,"17.340972000","17.249819000","712","52","10.0.0.2","32834","192.168.178.95","8081","0","1","47825"
,"17.340982000","17.249829000","713","52","10.0.0.2","32834","192.168.178.95","8081","0","1","47825"
,"17.340992000","17.249839000","714","52","10.0.0.2","32834","192.168.178.95","8081","0","1","47825"
,"17.341002000","17.249849000","715","52","10.0.0.2","32834","192.168.178.95","8081","0","1","47825"
,"17.342017000","17.250864000","716","296","192.168.178.95","8081","10.0.0.2","32834","244","47825","1"
,"17.342048000","17.250895000","717","296","192.168.178.95","8081","10.0.0.2","32834","244","86221","1"
,"17.342087000","17.250934000","718","296","192.168.178.95","8081","10.0.0.2","32834","244","86465","1"
,"17.342097000","17.250944000","719","296","192.168.178.95","8081","10.0.0.2","32834","244","86709","1"
,"17.342153000","17.251000000","720","284","192.168.178.95","8081","10.0.0.2","32834","232","86953","1"
,"17.652893000","17.561740000","721","52","10.0.0.2","32834","192.168.178.95","8081","0","1","48069"
,"17.652918000","17.561765000","722","52","10.0.0.2","32834","192.168.178.95","8081","0","1","48069"
,"17.652928000","17.561775000","723","52","10.0.0.2","32834","192.168.178.95","8081","0","1","48069"
,"17.652939000","17.561786000","724","52","10.0.0.2","32834","192.168.178.95","8081","0","1","48069"
,"17.652948000","17.561795000","725","52","10.0.0.2","32834","192.168.178.95","8081","0","1","48069"
,"17.653818000","17.562665000","726","296","192.168.178.95","8081","10.0.0.2","32834","244","48069","1"
,"17.965413000","17.874260000","727","52","10.0.0.2","32834","192.168.178.95","8081","0","1","48313"
,"17.966453000","17.875300000","728","296","192.168.178.95","8081","10.0.0.2","32834","244","48313","1"
,"18.278167000","18.187014000","729","52","10.0.0.2","32834","192.168.178.95","8081","0","1","48557"
,"18.279060000","18.187907000","730","296","192.168.178.95","8081","10.0.0.2","32834","244","48557","1"
,"18.590791000","18.499638000","731","52","10.0.0.2","32834","192.168.178.95","8081","0","1","50021"
,"18.591837000","18.500684000","732","296","192.168.178.95","8081","10.0.0.2","32834","244","50021","1"
,"18.591870000","18.500717000","733","296","192.168.178.95","8081","10.0.0.2","32834","244","87185","1"
,"18.591912000","18.500759000","734","296","192.168.178.95","8081","10.0.0.2","32834","244","87429","1"
,"18.591924000","18.500771000","735","296","192.168.178.95","8081","10.0.0.2","32834","244","87673","1"
,"18.591962000","18.500809000","736","296","192.168.178.95","8081","10.0.0.2","32834","244","87917","1"
,"18.591973000","18.500820000","737","296","192.168.178.95","8081","10.0.0.2","32834","244","88161","1"
,"18.592004000","18.500851000","738","296","192.168.178.95","8081","10.0.0.2","32834","244","88405","1"
,"18.903244000","18.812091000","739","52","10.0.0.2","32834","192.168.178.95","8081","0","1","50265"
,"18.903270000","18.812117000","740","52","10.0.0.2","32834","192.168.178.95","8081","0","1","50265"
,"18.903281000","18.812128000","741","52","10.0.0.2","32834","192.168.178.95","8081","0","1","50265"
,"18.903291000","18.812138000","742","52","10.0.0.2","32834","192.168.178.95","8081","0","1","50265"
,"18.903302000","18.812149000","743","52","10.0.0.2","32834","192.168.178.95","8081","0","1","50265"
,"18.904248000","18.813095000","744","296","192.168.178.95","8081","10.0.0.2","32834","244","50265","1"
,"18.904278000","18.813125000","745","296","192.168.178.95","8081","10.0.0.2","32834","244","88649","1"
,"18.904317000","18.813164000","746","296","192.168.178.95","8081","10.0.0.2","32834","244","88893","1"
,"18.904328000","18.813175000","747","296","192.168.178.95","8081","10.0.0.2","32834","244","89137","1"
,"18.904355000","18.813202000","748","296","192.168.178.95","8081","10.0.0.2","32834","244","89381","1"
,"18.965421000","18.874268000","749","52","10.0.0.2","32834","192.168.178.95","8081","0","1","50265"
,"18.965446000","18.874293000","750","52","10.0.0.2","32834","192.168.178.95","8081","0","1","50265"
,"19.216083000","19.124930000","751","52","10.0.0.2","32834","192.168.178.95","8081","0","1","50509"
,"19.216107000","19.124954000","752","52","10.0.0.2","32834","192.168.178.95","8081","0","1","50509"
,"19.216117000","19.124964000","753","52","10.0.0.2","32834","192.168.178.95","8081","0","1","50509"
,"19.216127000","19.124974000","754","52","10.0.0.2","32834","192.168.178.95","8081","0","1","50509"
,"19.216137000","19.124984000","755","52","10.0.0.2","32834","192.168.178.95","8081","0","1","50509"
,"19.217123000","19.125970000","756","296","192.168.178.95","8081","10.0.0.2","32834","244","50509","1"
,"19.527868000","19.436715000","757","52","10.0.0.2","32834","192.168.178.95","8081","0","1","89625"
,"19.529010000","19.437857000","758","296","192.168.178.95","8081","10.0.0.2","32834","244","89625","1"
,"19.529045000","19.437892000","759","296","192.168.178.95","8081","10.0.0.2","32834","244","89869","1"
,"19.529098000","19.437945000","760","296","192.168.178.95","8081","10.0.0.2","32834","244","90113","1"
,"19.529117000","19.437964000","761","296","192.168.178.95","8081","10.0.0.2","32834","244","90357","1"
,"19.529169000","19.438016000","762","296","192.168.178.95","8081","10.0.0.2","32834","244","90601","1"
,"19.529186000","19.438033000","763","296","192.168.178.95","8081","10.0.0.2","32834","244","90845","1"
,"19.529235000","19.438082000","764","296","192.168.178.95","8081","10.0.0.2","32834","244","91089","1"
,"19.529256000","19.438103000","765","296","192.168.178.95","8081","10.0.0.2","32834","244","91333","1"
,"19.529304000","19.438151000","766","296","192.168.178.95","8081","10.0.0.2","32834","244","91577","1"
,"19.529319000","19.438166000","767","296","192.168.178.95","8081","10.0.0.2","32834","244","91821","1"
,"19.529370000","19.438217000","768","296","192.168.178.95","8081","10.0.0.2","32834","244","92065","1"
,"19.529389000","19.438236000","769","296","192.168.178.95","8081","10.0.0.2","32834","244","92309","1"
,"19.529441000","19.438288000","770","296","192.168.178.95","8081","10.0.0.2","32834","244","92553","1"
,"19.529459000","19.438306000","771","296","192.168.178.95","8081","10.0.0.2","32834","244","92797","1"
,"19.529511000","19.438358000","772","296","192.168.178.95","8081","10.0.0.2","32834","244","93041","1"
,"19.529528000","19.438375000","773","296","192.168.178.95","8081","10.0.0.2","32834","244","93285","1"
,"19.529565000","19.438412000","774","296","192.168.178.95","8081","10.0.0.2","32834","244","93529","1"
,"19.529574000","19.438421000","775","296","192.168.178.95","8081","10.0.0.2","32834","244","93773","1"
,"19.529616000","19.438463000","776","296","192.168.178.95","8081","10.0.0.2","32834","244","94017","1"
,"19.529632000","19.438479000","777","296","192.168.178.95","8081","10.0.0.2","32834","244","94261","1"
,"19.529681000","19.438528000","778","296","192.168.178.95","8081","10.0.0.2","32834","244","94505","1"
,"19.529697000","19.438544000","779","296","192.168.178.95","8081","10.0.0.2","32834","244","94749","1"
,"19.529745000","19.438592000","780","296","192.168.178.95","8081","10.0.0.2","32834","244","94993","1"
,"19.529763000","19.438610000","781","296","192.168.178.95","8081","10.0.0.2","32834","244","95237","1"
,"19.529854000","19.438701000","782","296","192.168.178.95","8081","10.0.0.2","32834","244","95481","1"
,"19.529870000","19.438717000","783","296","192.168.178.95","8081","10.0.0.2","32834","244","95725","1"
,"19.529910000","19.438757000","784","296","192.168.178.95","8081","10.0.0.2","32834","244","95969","1"
,"19.529928000","19.438775000","785","296","192.168.178.95","8081","10.0.0.2","32834","244","96213","1"
,"19.529974000","19.438821000","786","296","192.168.178.95","8081","10.0.0.2","32834","244","96457","1"
,"19.529989000","19.438836000","787","296","192.168.178.95","8081","10.0.0.2","32834","244","96701","1"
,"19.530023000","19.438870000","788","296","192.168.178.95","8081","10.0.0.2","32834","244","96945","1"
,"19.530033000","19.438880000","789","296","192.168.178.95","8081","10.0.0.2","32834","244","97189","1"
,"19.530067000","19.438914000","790","296","192.168.178.95","8081","10.0.0.2","32834","244","97433","1"
,"19.530078000","19.438925000","791","296","192.168.178.95","8081","10.0.0.2","32834","244","97677","1"
,"19.530111000","19.438958000","792","296","192.168.178.95","8081","10.0.0.2","32834","244","97921","1"
,"19.530122000","19.438969000","793","296","192.168.178.95","8081","10.0.0.2","32834","244","98165","1"
,"19.530156000","19.439003000","794","296","192.168.178.95","8081","10.0.0.2","32834","244","98409","1"
,"19.530167000","19.439014000","795","296","192.168.178.95","8081","10.0.0.2","32834","244","98653","1"
,"19.530202000","19.439049000","796","296","192.168.178.95","8081","10.0.0.2","32834","244","98897","1"
,"19.530213000","19.439060000","797","296","192.168.178.95","8081","10.0.0.2","32834","244","99141","1"
,"19.530248000","19.439095000","798","220","192.168.178.95","8081","10.0.0.2","32834","168","99385","1"
,"19.530259000","19.439106000","799","296","192.168.178.95","8081","10.0.0.2","32834","244","99553","1"
,"19.530293000","19.439140000","800","296","192.168.178.95","8081","10.0.0.2","32834","244","99797","1"
,"19.530304000","19.439151000","801","296","192.168.178.95","8081","10.0.0.2","32834","244","100041","1"
,"19.530338000","19.439185000","802","296","192.168.178.95","8081","10.0.0.2","32834","244","100285","1"
,"19.530349000","19.439196000","803","296","192.168.178.95","8081","10.0.0.2","32834","244","100529","1"
,"19.530382000","19.439229000","804","296","192.168.178.95","8081","10.0.0.2","32834","244","100773","1"
,"19.530393000","19.439240000","805","296","192.168.178.95","8081","10.0.0.2","32834","244","101017","1"
,"19.530427000","19.439274000","806","296","192.168.178.95","8081","10.0.0.2","32834","244","101261","1"
,"19.530438000","19.439285000","807","296","192.168.178.95","8081","10.0.0.2","32834","244","101505","1"
,"19.530472000","19.439319000","808","296","192.168.178.95","8081","10.0.0.2","32834","244","101749","1"
,"19.530482000","19.439329000","809","296","192.168.178.95","8081","10.0.0.2","32834","244","101993","1"
,"19.530516000","19.439363000","810","296","192.168.178.95","8081","10.0.0.2","32834","244","102237","1"
,"19.530527000","19.439374000","811","296","192.168.178.95","8081","10.0.0.2","32834","244","102481","1"
,"19.840797000","19.749644000","812","52","10.0.0.2","32834","192.168.178.95","8081","0","1","90113"
,"19.840832000","19.749679000","813","52","10.0.0.2","32834","192.168.178.95","8081","0","1","90845"
,"19.841894000","19.750741000","814","296","192.168.178.95","8081","10.0.0.2","32834","244","102725","1"
,"19.841924000","19.750771000","815","296","192.168.178.95","8081","10.0.0.2","32834","244","102969","1"
,"19.841962000","19.750809000","816","296","192.168.178.95","8081","10.0.0.2","32834","244","103213","1"
,"19.841973000","19.750820000","817","296","192.168.178.95","8081","10.0.0.2","32834","244","103457","1"
,"19.903105000","19.811952000","818","52","10.0.0.2","32834","192.168.178.95","8081","0","1","92065"
,"19.904039000","19.812886000","819","296","192.168.178.95","8081","10.0.0.2","32834","244","103701","1"
,"19.904066000","19.812913000","820","296","192.168.178.95","8081","10.0.0.2","32834","244","103945","1"
,"19.904104000","19.812951000","821","296","192.168.178.95","8081","10.0.0.2","32834","244","104189","1"
,"19.904116000","19.812963000","822","296","192.168.178.95","8081","10.0.0.2","32834","244","104433","1"
,"19.904151000","19.812998000","823","296","192.168.178.95","8081","10.0.0.2","32834","244","104677","1"
,"19.904161000","19.813008000","824","296","192.168.178.95","8081","10.0.0.2","32834","244","104921","1"
,"19.966348000","19.875195000","825","52","10.0.0.2","32834","192.168.178.95","8081","0","1","93285"
,"19.967253000","19.876100000","826","296","192.168.178.95","8081","10.0.0.2","32834","244","105165","1"
,"19.967280000","19.876127000","827","296","192.168.178.95","8081","10.0.0.2","32834","244","105409","1"
,"19.967318000","19.876165000","828","296","192.168.178.95","8081","10.0.0.2","32834","244","105653","1"
,"19.967329000","19.876176000","829","296","192.168.178.95","8081","10.0.0.2","32834","244","105897","1"
,"20.027582000","19.936429000","830","52","10.0.0.2","32834","192.168.178.95","8081","0","1","94505"
,"20.028654000","19.937501000","831","296","192.168.178.95","8081","10.0.0.2","32834","244","106141","1"
,"20.028682000","19.937529000","832","296","192.168.178.95","8081","10.0.0.2","32834","244","106385","1"
,"20.028721000","19.937568000","833","296","192.168.178.95","8081","10.0.0.2","32834","244","106629","1"
,"20.028736000","19.937583000","834","296","192.168.178.95","8081","10.0.0.2","32834","244","106873","1"
,"20.028805000","19.937652000","835","296","192.168.178.95","8081","10.0.0.2","32834","244","107117","1"
,"20.028820000","19.937667000","836","296","192.168.178.95","8081","10.0.0.2","32834","244","107361","1"
,"20.090692000","19.999539000","837","52","10.0.0.2","32834","192.168.178.95","8081","0","1","95725"
,"20.091825000","20.000672000","838","296","192.168.178.95","8081","10.0.0.2","32834","244","107605","1"
,"20.091856000","20.000703000","839","296","192.168.178.95","8081","10.0.0.2","32834","244","107849","1"
,"20.091895000","20.000742000","840","296","192.168.178.95","8081","10.0.0.2","32834","244","108093","1"
,"20.091905000","20.000752000","841","296","192.168.178.95","8081","10.0.0.2","32834","244","108337","1"
,"20.152981000","20.061828000","842","52","10.0.0.2","32834","192.168.178.95","8081","0","1","96945"
,"20.154020000","20.062867000","843","296","192.168.178.95","8081","10.0.0.2","32834","244","108581","1"
,"20.154050000","20.062897000","844","296","192.168.178.95","8081","10.0.0.2","32834","244","108825","1"
,"20.154089000","20.062936000","845","296","192.168.178.95","8081","10.0.0.2","32834","244","109069","1"
,"20.154099000","20.062946000","846","296","192.168.178.95","8081","10.0.0.2","32834","244","109313","1"
,"20.154134000","20.062981000","847","296","192.168.178.95","8081","10.0.0.2","32834","244","109557","1"
,"20.154144000","20.062991000","848","296","192.168.178.95","8081","10.0.0.2","32834","244","109801","1"
,"20.216148000","20.124995000","849","52","10.0.0.2","32834","192.168.178.95","8081","0","1","97677"
,"20.216173000","20.125020000","850","52","10.0.0.2","32834","192.168.178.95","8081","0","1","97677"
,"20.217176000","20.126023000","851","296","192.168.178.95","8081","10.0.0.2","32834","244","110045","1"
,"20.217208000","20.126055000","852","296","192.168.178.95","8081","10.0.0.2","32834","244","110289","1"
,"20.277794000","20.186641000","853","52","10.0.0.2","32834","192.168.178.95","8081","0","1","97677"
,"20.277826000","20.186673000","854","52","10.0.0.2","32834","192.168.178.95","8081","0","1","97677"
,"20.277837000","20.186684000","855","52","10.0.0.2","32834","192.168.178.95","8081","0","1","97677"
,"20.277847000","20.186694000","856","52","10.0.0.2","32834","192.168.178.95","8081","0","1","97677"
,"20.277857000","20.186704000","857","52","10.0.0.2","32834","192.168.178.95","8081","0","1","97677"
,"20.278713000","20.187560000","858","296","192.168.178.95","8081","10.0.0.2","32834","244","110533","1"
,"20.278743000","20.187590000","859","296","192.168.178.95","8081","10.0.0.2","32834","244","110777","1"
,"20.278814000","20.187661000","860","296","192.168.178.95","8081","10.0.0.2","32834","244","97677","1"
,"20.278828000","20.187675000","861","296","192.168.178.95","8081","10.0.0.2","32834","244","111021","1"
,"20.340806000","20.249653000","862","52","10.0.0.2","32834","192.168.178.95","8081","0","1","97677"
,"20.340837000","20.249684000","863","52","10.0.0.2","32834","192.168.178.95","8081","0","1","97677"
,"20.340849000","20.249696000","864","52","10.0.0.2","32834","192.168.178.95","8081","0","1","97677"
,"20.340860000","20.249707000","865","52","10.0.0.2","32834","192.168.178.95","8081","0","1","97677"
,"20.340871000","20.249718000","866","52","10.0.0.2","32834","192.168.178.95","8081","0","1","97677"
,"20.341896000","20.250743000","867","296","192.168.178.95","8081","10.0.0.2","32834","244","111265","1"
,"20.341929000","20.250776000","868","296","192.168.178.95","8081","10.0.0.2","32834","244","111509","1"
,"20.402882000","20.311729000","869","52","10.0.0.2","32834","192.168.178.95","8081","0","1","97677"
,"20.402905000","20.311752000","870","52","10.0.0.2","32834","192.168.178.95","8081","0","1","97677"
,"20.402915000","20.311762000","871","52","10.0.0.2","32834","192.168.178.95","8081","0","1","97677"
,"20.402925000","20.311772000","872","52","10.0.0.2","32834","192.168.178.95","8081","0","1","97677"
,"20.402934000","20.311781000","873","52","10.0.0.2","32834","192.168.178.95","8081","0","1","97677"
,"20.403853000","20.312700000","874","296","192.168.178.95","8081","10.0.0.2","32834","244","111753","1"
,"20.403881000","20.312728000","875","296","192.168.178.95","8081","10.0.0.2","32834","244","111997","1"
,"20.403911000","20.312758000","876","296","192.168.178.95","8081","10.0.0.2","32834","244","112241","1"
,"20.465420000","20.374267000","877","52","10.0.0.2","32834","192.168.178.95","8081","0","1","97677"
,"20.465447000","20.374294000","878","52","10.0.0.2","32834","192.168.178.95","8081","0","1","97677"
,"20.465458000","20.374305000","879","52","10.0.0.2","32834","192.168.178.95","8081","0","1","97677"
,"20.465469000","20.374316000","880","52","10.0.0.2","32834","192.168.178.95","8081","0","1","97677"
,"20.465480000","20.374327000","881","52","10.0.0.2","32834","192.168.178.95","8081","0","1","97677"
,"20.466504000","20.375351000","882","296","192.168.178.95","8081","10.0.0.2","32834","244","112485","1"
,"20.466537000","20.375384000","883","296","192.168.178.95","8081","10.0.0.2","32834","244","112729","1"
,"20.527399000","20.436246000","884","52","10.0.0.2","32834","192.168.178.95","8081","0","1","97677"
,"20.527422000","20.436269000","885","52","10.0.0.2","32834","192.168.178.95","8081","0","1","97677"
,"20.527432000","20.436279000","886","52","10.0.0.2","32834","192.168.178.95","8081","0","1","97677"
,"20.527442000","20.436289000","887","52","10.0.0.2","32834","192.168.178.95","8081","0","1","97677"
,"20.527452000","20.436299000","888","52","10.0.0.2","32834","192.168.178.95","8081","0","1","97677"
,"20.528473000","20.437320000","889","296","192.168.178.95","8081","10.0.0.2","32834","244","112973","1"
,"20.528504000","20.437351000","890","296","192.168.178.95","8081","10.0.0.2","32834","244","113217","1"
,"20.528535000","20.437382000","891","296","192.168.178.95","8081","10.0.0.2","32834","244","113461","1"
,"20.591070000","20.499917000","892","52","10.0.0.2","32834","192.168.178.95","8081","0","1","97677"
,"20.591098000","20.499945000","893","52","10.0.0.2","32834","192.168.178.95","8081","0","1","97677"
,"20.591109000","20.499956000","894","52","10.0.0.2","32834","192.168.178.95","8081","0","1","97677"
,"20.591119000","20.499966000","895","52","10.0.0.2","32834","192.168.178.95","8081","0","1","97677"
,"20.591129000","20.499976000","896","52","10.0.0.2","32834","192.168.178.95","8081","0","1","97677"
,"20.592037000","20.500884000","897","296","192.168.178.95","8081","10.0.0.2","32834","244","113705","1"
,"20.592067000","20.500914000","898","296","192.168.178.95","8081","10.0.0.2","32834","244","113949","1"
,"20.653007000","20.561854000","899","52","10.0.0.2","32834","192.168.178.95","8081","0","1","97677"
,"20.653033000","20.561880000","900","52","10.0.0.2","32834","192.168.178.95","8081","0","1","97677"
,"20.653044000","20.561891000","901","52","10.0.0.2","32834","192.168.178.95","8081","0","1","97921"
,"20.653056000","20.561903000","902","52","10.0.0.2","32834","192.168.178.95","8081","0","1","97921"
,"20.653067000","20.561914000","903","52","10.0.0.2","32834","192.168.178.95","8081","0","1","97921"
,"20.653943000","20.562790000","904","296","192.168.178.95","8081","10.0.0.2","32834","244","114193","1"
,"20.653971000","20.562818000","905","296","192.168.178.95","8081","10.0.0.2","32834","244","97921","1"
,"20.654004000","20.562851000","906","296","192.168.178.95","8081","10.0.0.2","32834","244","114437","1"
,"20.716318000","20.625165000","907","52","10.0.0.2","32834","192.168.178.95","8081","0","1","97921"
,"20.716341000","20.625188000","908","52","10.0.0.2","32834","192.168.178.95","8081","0","1","97921"
,"20.716352000","20.625199000","909","52","10.0.0.2","32834","192.168.178.95","8081","0","1","97921"
,"20.716362000","20.625209000","910","52","10.0.0.2","32834","192.168.178.95","8081","0","1","97921"
,"20.717229000","20.626076000","911","296","192.168.178.95","8081","10.0.0.2","32834","244","114681","1"
,"20.717254000","20.626101000","912","296","192.168.178.95","8081","10.0.0.2","32834","244","114925","1"
,"20.777578000","20.686425000","913","52","10.0.0.2","32834","192.168.178.95","8081","0","1","97921"
,"20.777603000","20.686450000","914","52","10.0.0.2","32834","192.168.178.95","8081","0","1","97921"
,"20.778623000","20.687470000","915","296","192.168.178.95","8081","10.0.0.2","32834","244","115169","1"
,"20.840500000","20.749347000","916","52","10.0.0.2","32834","192.168.178.95","8081","0","1","97921"
,"20.840523000","20.749370000","917","52","10.0.0.2","32834","192.168.178.95","8081","0","1","97921"
,"20.840532000","20.749379000","918","52","10.0.0.2","32834","192.168.178.95","8081","0","1","97921"
,"20.841538000","20.750385000","919","296","192.168.178.95","8081","10.0.0.2","32834","244","115413","1"
,"20.902676000","20.811523000","920","52","10.0.0.2","32834","192.168.178.95","8081","0","1","97921"
,"20.902701000","20.811548000","921","52","10.0.0.2","32834","192.168.178.95","8081","0","1","97921"
,"20.903830000","20.812677000","922","296","192.168.178.95","8081","10.0.0.2","32834","244","115657","1"
,"20.965849000","20.874696000","923","52","10.0.0.2","32834","192.168.178.95","8081","0","1","97921"
,"20.965872000","20.874719000","924","52","10.0.0.2","32834","192.168.178.95","8081","0","1","98165"
,"20.965882000","20.874729000","925","52","10.0.0.2","32834","192.168.178.95","8081","0","1","98165"
,"20.966907000","20.875754000","926","296","192.168.178.95","8081","10.0.0.2","32834","244","115901","1"
,"20.966938000","20.875785000","927","296","192.168.178.95","8081","10.0.0.2","32834","244","98165","1"
,"21.027865000","20.936712000","928","52","10.0.0.2","32834","192.168.178.95","8081","0","1","98165"
,"21.027891000","20.936738000","929","52","10.0.0.2","32834","192.168.178.95","8081","0","1","98165"
,"21.029008000","20.937855000","930","296","192.168.178.95","8081","10.0.0.2","32834","244","116145","1"
,"21.029038000","20.937885000","931","296","192.168.178.95","8081","10.0.0.2","32834","244","116389","1"
,"21.091294000","21.000141000","932","52","10.0.0.2","32834","192.168.178.95","8081","0","1","98165"
,"21.092390000","21.001237000","933","296","192.168.178.95","8081","10.0.0.2","32834","244","116633","1"
,"21.153338000","21.062185000","934","52","10.0.0.2","32834","192.168.178.95","8081","0","1","98165"
,"21.154391000","21.063238000","935","296","192.168.178.95","8081","10.0.0.2","32834","244","116877","1"
,"21.215651000","21.124498000","936","52","10.0.0.2","32834","192.168.178.95","8081","0","1","98165"
,"21.216704000","21.125551000","937","296","192.168.178.95","8081","10.0.0.2","32834","244","117121","1"
,"21.277924000","21.186771000","938","52","10.0.0.2","32834","192.168.178.95","8081","0","1","98165"
,"21.277947000","21.186794000","939","52","10.0.0.2","32834","192.168.178.95","8081","0","1","98409"
,"21.278823000","21.187670000","940","296","192.168.178.95","8081","10.0.0.2","32834","244","117365","1"
,"21.278846000","21.187693000","941","296","192.168.178.95","8081","10.0.0.2","32834","244","98409","1"
,"21.278875000","21.187722000","942","296","192.168.178.95","8081","10.0.0.2","32834","244","117609","1"
,"21.340943000","21.249790000","943","52","10.0.0.2","32834","192.168.178.95","8081","0","1","98409"
,"21.340969000","21.249816000","944","52","10.0.0.2","32834","192.168.178.95","8081","0","1","98409"
,"21.342026000","21.250873000","945","296","192.168.178.95","8081","10.0.0.2","32834","244","117853","1"
,"21.342056000","21.250903000","946","296","192.168.178.95","8081","10.0.0.2","32834","244","118097","1"
,"21.403154000","21.312001000","947","52","10.0.0.2","32834","192.168.178.95","8081","0","1","98409"
,"21.404040000","21.312887000","948","296","192.168.178.95","8081","10.0.0.2","32834","244","118341","1"
,"21.465430000","21.374277000","949","52","10.0.0.2","32834","192.168.178.95","8081","0","1","98409"
,"21.466457000","21.375304000","950","296","192.168.178.95","8081","10.0.0.2","32834","244","118585","1"
,"21.527550000","21.436397000","951","52","10.0.0.2","32834","192.168.178.95","8081","0","1","98409"
,"21.528593000","21.437440000","952","296","192.168.178.95","8081","10.0.0.2","32834","244","118829","1"
,"21.590622000","21.499469000","953","52","10.0.0.2","32834","192.168.178.95","8081","0","1","98409"
,"21.590705000","21.499552000","954","52","10.0.0.2","32834","192.168.178.95","8081","0","1","98653"
,"21.590717000","21.499564000","955","52","10.0.0.2","32834","192.168.178.95","8081","0","1","98653"
,"21.591731000","21.500578000","956","296","192.168.178.95","8081","10.0.0.2","32834","244","119073","1"
,"21.591761000","21.500608000","957","296","192.168.178.95","8081","10.0.0.2","32834","244","98653","1"
,"21.591830000","21.500677000","958","296","192.168.178.95","8081","10.0.0.2","32834","244","119317","1"
,"21.591842000","21.500689000","959","296","192.168.178.95","8081","10.0.0.2","32834","244","119561","1"
,"21.652893000","21.561740000","960","52","10.0.0.2","32834","192.168.178.95","8081","0","1","98653"
,"21.652919000","21.561766000","961","52","10.0.0.2","32834","192.168.178.95","8081","0","1","98653"
,"21.654005000","21.562852000","962","296","192.168.178.95","8081","10.0.0.2","32834","244","119805","1"
,"21.654038000","21.562885000","963","296","192.168.178.95","8081","10.0.0.2","32834","244","120049","1"
,"21.716145000","21.624992000","964","52","10.0.0.2","32834","192.168.178.95","8081","0","1","98653"
,"21.717075000","21.625922000","965","296","192.168.178.95","8081","10.0.0.2","32834","244","120293","1"
,"21.778258000","21.687105000","966","52","10.0.0.2","32834","192.168.178.95","8081","0","1","98653"
,"21.779242000","21.688089000","967","296","192.168.178.95","8081","10.0.0.2","32834","244","120537","1"
,"21.840621000","21.749468000","968","52","10.0.0.2","32834","192.168.178.95","8081","0","1","98653"
,"21.841692000","21.750539000","969","296","192.168.178.95","8081","10.0.0.2","32834","244","120781","1"
,"21.902584000","21.811431000","970","52","10.0.0.2","32834","192.168.178.95","8081","0","1","98653"
,"21.902609000","21.811456000","971","52","10.0.0.2","32834","192.168.178.95","8081","0","1","98897"
,"21.902619000","21.811466000","972","52","10.0.0.2","32834","192.168.178.95","8081","0","1","98897"
,"21.902629000","21.811476000","973","52","10.0.0.2","32834","192.168.178.95","8081","0","1","98897"
,"21.903705000","21.812552000","974","296","192.168.178.95","8081","10.0.0.2","32834","244","121025","1"
,"21.903737000","21.812584000","975","296","192.168.178.95","8081","10.0.0.2","32834","244","98897","1"
,"21.903803000","21.812650000","976","296","192.168.178.95","8081","10.0.0.2","32834","244","121269","1"
,"21.903816000","21.812663000","977","296","192.168.178.95","8081","10.0.0.2","32834","244","121513","1"
,"21.903845000","21.812692000","978","296","192.168.178.95","8081","10.0.0.2","32834","244","121757","1"
,"21.965719000","21.874566000","979","52","10.0.0.2","32834","192.168.178.95","8081","0","1","98897"
,"21.965744000","21.874591000","980","52","10.0.0.2","32834","192.168.178.95","8081","0","1","98897"
,"21.966653000","21.875500000","981","296","192.168.178.95","8081","10.0.0.2","32834","244","122001","1"
,"21.966679000","21.875526000","982","296","192.168.178.95","8081","10.0.0.2","32834","244","122245","1"
,"22.028089000","21.936936000","983","52","10.0.0.2","32834","192.168.178.95","8081","0","1","98897"
,"22.028963000","21.937810000","984","296","192.168.178.95","8081","10.0.0.2","32834","244","122489","1"
,"22.091130000","21.999977000","985","52","10.0.0.2","32834","192.168.178.95","8081","0","1","98897"
,"22.091993000","22.000840000","986","296","192.168.178.95","8081","10.0.0.2","32834","244","122733","1"
,"22.153379000","22.062226000","987","52","10.0.0.2","32834","192.168.178.95","8081","0","1","98897"
,"22.154386000","22.063233000","988","296","192.168.178.95","8081","10.0.0.2","32834","244","122977","1"
,"22.215537000","22.124384000","989","52","10.0.0.2","32834","192.168.178.95","8081","0","1","98897"
,"22.215561000","22.124408000","990","52","10.0.0.2","32834","192.168.178.95","8081","0","1","99141"
,"22.215571000","22.124418000","991","52","10.0.0.2","32834","192.168.178.95","8081","0","1","99141"
,"22.215581000","22.124428000","992","52","10.0.0.2","32834","192.168.178.95","8081","0","1","99141"
,"22.215591000","22.124438000","993","52","10.0.0.2","32834","192.168.178.95","8081","0","1","99141"
,"22.216616000","22.125463000","994","296","192.168.178.95","8081","10.0.0.2","32834","244","123221","1"
,"22.216647000","22.125494000","995","296","192.168.178.95","8081","10.0.0.2","32834","244","99141","1"
,"22.216690000","22.125537000","996","296","192.168.178.95","8081","10.0.0.2","32834","244","123465","1"
,"22.216701000","22.125548000","997","296","192.168.178.95","8081","10.0.0.2","32834","244","123709","1"
,"22.216739000","22.125586000","998","296","192.168.178.95","8081","10.0.0.2","32834","244","123953","1"
,"22.216749000","22.125596000","999","296","192.168.178.95","8081","10.0.0.2","32834","244","124197","1"
,"22.277539000","22.186386000","1000","52","10.0.0.2","32834","192.168.178.95","8081","0","1","99141"
,"22.277562000","22.186409000","1001","52","10.0.0.2","32834","192.168.178.95","8081","0","1","99141"
,"22.278491000","22.187338000","1002","296","192.168.178.95","8081","10.0.0.2","32834","244","124441","1"
,"22.278519000","22.187366000","1003","296","192.168.178.95","8081","10.0.0.2","32834","244","124685","1"
,"22.340853000","22.249700000","1004","52","10.0.0.2","32834","192.168.178.95","8081","0","1","99141"
,"22.341887000","22.250734000","1005","296","192.168.178.95","8081","10.0.0.2","32834","244","124929","1"
,"22.402976000","22.311823000","1006","52","10.0.0.2","32834","192.168.178.95","8081","0","1","99141"
,"22.403918000","22.312765000","1007","296","192.168.178.95","8081","10.0.0.2","32834","244","125173","1"
,"22.466071000","22.374918000","1008","52","10.0.0.2","32834","192.168.178.95","8081","0","1","99141"
,"22.466995000","22.375842000","1009","296","192.168.178.95","8081","10.0.0.2","32834","244","125417","1"
,"22.528267000","22.437114000","1010","52","10.0.0.2","32834","192.168.178.95","8081","0","1","99141"
,"22.528293000","22.437140000","1011","52","10.0.0.2","32834","192.168.178.95","8081","0","1","99385"
,"22.528303000","22.437150000","1012","52","10.0.0.2","32834","192.168.178.95","8081","0","1","99385"
,"22.528314000","22.437161000","1013","52","10.0.0.2","32834","192.168.178.95","8081","0","1","99385"
,"22.528323000","22.437170000","1014","52","10.0.0.2","32834","192.168.178.95","8081","0","1","99385"
,"22.529256000","22.438103000","1015","296","192.168.178.95","8081","10.0.0.2","32834","244","125661","1"
,"22.529286000","22.438133000","1016","220","192.168.178.95","8081","10.0.0.2","32834","168","99385","1"
,"22.529325000","22.438172000","1017","296","192.168.178.95","8081","10.0.0.2","32834","244","125905","1"
,"22.529336000","22.438183000","1018","296","192.168.178.95","8081","10.0.0.2","32834","244","126149","1"
,"22.529371000","22.438218000","1019","296","192.168.178.95","8081","10.0.0.2","32834","244","126393","1"
,"22.529382000","22.438229000","1020","296","192.168.178.95","8081","10.0.0.2","32834","244","126637","1"
,"22.590487000","22.499334000","1021","52","10.0.0.2","32834","192.168.178.95","8081","0","1","99385"
,"22.590514000","22.499361000","1022","52","10.0.0.2","32834","192.168.178.95","8081","0","1","99385"
,"22.590524000","22.499371000","1023","52","10.0.0.2","32834","192.168.178.95","8081","0","1","99385"
,"22.591589000","22.500436000","1024","296","192.168.178.95","8081","10.0.0.2","32834","244","126881","1"
,"22.591617000","22.500464000","1025","296","192.168.178.95","8081","10.0.0.2","32834","244","127125","1"
,"22.591648000","22.500495000","1026","296","192.168.178.95","8081","10.0.0.2","32834","244","127369","1"
,"22.652559000","22.561406000","1027","52","10.0.0.2","32834","192.168.178.95","8081","0","1","99385"
,"22.653617000","22.562464000","1028","296","192.168.178.95","8081","10.0.0.2","32834","244","127613","1"
,"22.715884000","22.624731000","1029","52","10.0.0.2","32834","192.168.178.95","8081","0","1","99385"
,"22.716964000","22.625811000","1030","296","192.168.178.95","8081","10.0.0.2","32834","244","127857","1"
,"22.777998000","22.686845000","1031","52","10.0.0.2","32834","192.168.178.95","8081","0","1","99385"
,"22.779022000","22.687869000","1032","296","192.168.178.95","8081","10.0.0.2","32834","244","128101","1"
,"22.841380000","22.750227000","1033","52","10.0.0.2","32834","192.168.178.95","8081","0","1","99385"
,"22.841405000","22.750252000","1034","52","10.0.0.2","32834","192.168.178.95","8081","0","1","99553"
,"22.841416000","22.750263000","1035","52","10.0.0.2","32834","192.168.178.95","8081","0","1","99553"
,"22.841427000","22.750274000","1036","52","10.0.0.2","32834","192.168.178.95","8081","0","1","99553"
,"22.841454000","22.750301000","1037","52","10.0.0.2","32834","192.168.178.95","8081","0","1","99553"
,"22.842391000","22.751238000","1038","296","192.168.178.95","8081","10.0.0.2","32834","244","128345","1"
,"22.842422000","22.751269000","1039","296","192.168.178.95","8081","10.0.0.2","32834","244","99553","1"
,"22.842464000","22.751311000","1040","296","192.168.178.95","8081","10.0.0.2","32834","244","128589","1"
,"22.842476000","22.751323000","1041","296","192.168.178.95","8081","10.0.0.2","32834","244","128833","1"
,"22.842514000","22.751361000","1042","296","192.168.178.95","8081","10.0.0.2","32834","244","129077","1"
,"22.842525000","22.751372000","1043","296","192.168.178.95","8081","10.0.0.2","32834","244","129321","1"
,"22.902499000","22.811346000","1044","52","10.0.0.2","32834","192.168.178.95","8081","0","1","99553"
,"22.902524000","22.811371000","1045","52","10.0.0.2","32834","192.168.178.95","8081","0","1","99553"
,"22.902535000","22.811382000","1046","52","10.0.0.2","32834","192.168.178.95","8081","0","1","99553"
,"22.902545000","22.811392000","1047","52","10.0.0.2","32834","192.168.178.95","8081","0","1","99553"
,"22.903584000","22.812431000","1048","296","192.168.178.95","8081","10.0.0.2","32834","244","129565","1"
,"22.903614000","22.812461000","1049","296","192.168.178.95","8081","10.0.0.2","32834","244","129809","1"
,"22.903653000","22.812500000","1050","296","192.168.178.95","8081","10.0.0.2","32834","244","130053","1"
,"22.903664000","22.812511000","1051","296","192.168.178.95","8081","10.0.0.2","32834","244","130297","1"
,"22.965548000","22.874395000","1052","52","10.0.0.2","32834","192.168.178.95","8081","0","1","99553"
,"22.966602000","22.875449000","1053","296","192.168.178.95","8081","10.0.0.2","32834","244","130541","1"
,"23.027925000","22.936772000","1054","52","10.0.0.2","32834","192.168.178.95","8081","0","1","99553"
,"23.028957000","22.937804000","1055","296","192.168.178.95","8081","10.0.0.2","32834","244","130785","1"
,"23.091104000","22.999951000","1056","52","10.0.0.2","32834","192.168.178.95","8081","0","1","99553"
,"23.092085000","23.000932000","1057","296","192.168.178.95","8081","10.0.0.2","32834","244","131029","1"
,"23.153383000","23.062230000","1058","52","10.0.0.2","32834","192.168.178.95","8081","0","1","99553"
,"23.153408000","23.062255000","1059","52","10.0.0.2","32834","192.168.178.95","8081","0","1","99797"
,"23.153419000","23.062266000","1060","52","10.0.0.2","32834","192.168.178.95","8081","0","1","99797"
,"23.153430000","23.062277000","1061","52","10.0.0.2","32834","192.168.178.95","8081","0","1","99797"
,"23.153440000","23.062287000","1062","52","10.0.0.2","32834","192.168.178.95","8081","0","1","99797"
,"23.154447000","23.063294000","1063","296","192.168.178.95","8081","10.0.0.2","32834","244","131273","1"
,"23.154478000","23.063325000","1064","296","192.168.178.95","8081","10.0.0.2","32834","244","99797","1"
,"23.154518000","23.063365000","1065","296","192.168.178.95","8081","10.0.0.2","32834","244","131517","1"
,"23.154528000","23.063375000","1066","296","192.168.178.95","8081","10.0.0.2","32834","244","131761","1"
,"23.154564000","23.063411000","1067","296","192.168.178.95","8081","10.0.0.2","32834","244","132005","1"
,"23.154575000","23.063422000","1068","296","192.168.178.95","8081","10.0.0.2","32834","244","132249","1"
,"23.215466000","23.124313000","1069","52","10.0.0.2","32834","192.168.178.95","8081","0","1","99797"
,"23.215490000","23.124337000","1070","52","10.0.0.2","32834","192.168.178.95","8081","0","1","99797"
,"23.215501000","23.124348000","1071","52","10.0.0.2","32834","192.168.178.95","8081","0","1","99797"
,"23.215511000","23.124358000","1072","52","10.0.0.2","32834","192.168.178.95","8081","0","1","99797"
,"23.215520000","23.124367000","1073","52","10.0.0.2","32834","192.168.178.95","8081","0","1","99797"
,"23.216550000","23.125397000","1074","296","192.168.178.95","8081","10.0.0.2","32834","244","132493","1"
,"23.216582000","23.125429000","1075","296","192.168.178.95","8081","10.0.0.2","32834","244","132737","1"
,"23.216621000","23.125468000","1076","296","192.168.178.95","8081","10.0.0.2","32834","244","132981","1"
,"23.216631000","23.125478000","1077","296","192.168.178.95","8081","10.0.0.2","32834","244","133225","1"
,"23.216658000","23.125505000","1078","296","192.168.178.95","8081","10.0.0.2","32834","244","133469","1"
,"23.277441000","23.186288000","1079","52","10.0.0.2","32834","192.168.178.95","8081","0","1","99797"
,"23.278359000","23.187206000","1080","296","192.168.178.95","8081","10.0.0.2","32834","244","133713","1"
,"23.341013000","23.249860000","1081","52","10.0.0.2","32834","192.168.178.95","8081","0","1","99797"
,"23.341939000","23.250786000","1082","296","192.168.178.95","8081","10.0.0.2","32834","244","133957","1"
,"23.402762000","23.311609000","1083","52","10.0.0.2","32834","192.168.178.95","8081","0","1","99797"
,"23.403696000","23.312543000","1084","296","192.168.178.95","8081","10.0.0.2","32834","244","134201","1"
,"23.466051000","23.374898000","1085","52","10.0.0.2","32834","192.168.178.95","8081","0","1","99797"
,"23.466075000","23.374922000","1086","52","10.0.0.2","32834","192.168.178.95","8081","0","1","100041"
,"23.466085000","23.374932000","1087","52","10.0.0.2","32834","192.168.178.95","8081","0","1","100041"
,"23.466095000","23.374942000","1088","52","10.0.0.2","32834","192.168.178.95","8081","0","1","100041"
,"23.466104000","23.374951000","1089","52","10.0.0.2","32834","192.168.178.95","8081","0","1","100041"
,"23.466994000","23.375841000","1090","296","192.168.178.95","8081","10.0.0.2","32834","244","134445","1"
,"23.467018000","23.375865000","1091","296","192.168.178.95","8081","10.0.0.2","32834","244","100041","1"
,"23.467058000","23.375905000","1092","296","192.168.178.95","8081","10.0.0.2","32834","244","134689","1"
,"23.467078000","23.375925000","1093","296","192.168.178.95","8081","10.0.0.2","32834","244","134933","1"
,"23.467115000","23.375962000","1094","296","192.168.178.95","8081","10.0.0.2","32834","244","135177","1"
,"23.467129000","23.375976000","1095","296","192.168.178.95","8081","10.0.0.2","32834","244","135421","1"
,"23.527981000","23.436828000","1096","52","10.0.0.2","32834","192.168.178.95","8081","0","1","100041"
,"23.528006000","23.436853000","1097","52","10.0.0.2","32834","192.168.178.95","8081","0","1","100041"
,"23.528017000","23.436864000","1098","52","10.0.0.2","32834","192.168.178.95","8081","0","1","100041"
,"23.528028000","23.436875000","1099","52","10.0.0.2","32834","192.168.178.95","8081","0","1","100041"
,"23.528038000","23.436885000","1100","52","10.0.0.2","32834","192.168.178.95","8081","0","1","100041"
,"23.528925000","23.437772000","1101","296","192.168.178.95","8081","10.0.0.2","32834","244","135665","1"
,"23.528957000","23.437804000","1102","296","192.168.178.95","8081","10.0.0.2","32834","244","135909","1"
,"23.529018000","23.437865000","1103","296","192.168.178.95","8081","10.0.0.2","32834","244","136153","1"
,"23.529037000","23.437884000","1104","296","192.168.178.95","8081","10.0.0.2","32834","244","136397","1"
,"23.529079000","23.437926000","1105","296","192.168.178.95","8081","10.0.0.2","32834","244","136641","1"
,"23.591258000","23.500105000","1106","52","10.0.0.2","32834","192.168.178.95","8081","0","1","100041"
,"23.591285000","23.500132000","1107","52","10.0.0.2","32834","192.168.178.95","8081","0","1","100041"
,"23.592216000","23.501063000","1108","296","192.168.178.95","8081","10.0.0.2","32834","244","136885","1"
,"23.592247000","23.501094000","1109","296","192.168.178.95","8081","10.0.0.2","32834","244","137129","1"
,"23.652380000","23.561227000","1110","52","10.0.0.2","32834","192.168.178.95","8081","0","1","100041"
,"23.653418000","23.562265000","1111","296","192.168.178.95","8081","10.0.0.2","32834","244","137373","1"
,"23.715549000","23.624396000","1112","52","10.0.0.2","32834","192.168.178.95","8081","0","1","100041"
,"23.716604000","23.625451000","1113","296","192.168.178.95","8081","10.0.0.2","32834","244","137617","1"
,"23.777800000","23.686647000","1114","52","10.0.0.2","32834","192.168.178.95","8081","0","1","100041"
,"23.777847000","23.686694000","1115","52","10.0.0.2","32834","192.168.178.95","8081","0","1","100285"
,"23.777864000","23.686711000","1116","52","10.0.0.2","32834","192.168.178.95","8081","0","1","100285"
,"23.777879000","23.686726000","1117","52","10.0.0.2","32834","192.168.178.95","8081","0","1","100285"
,"23.777895000","23.686742000","1118","52","10.0.0.2","32834","192.168.178.95","8081","0","1","100285"
,"23.778858000","23.687705000","1119","296","192.168.178.95","8081","10.0.0.2","32834","244","137861","1"
,"23.778886000","23.687733000","1120","296","192.168.178.95","8081","10.0.0.2","32834","244","100285","1"
,"23.778926000","23.687773000","1121","296","192.168.178.95","8081","10.0.0.2","32834","244","138105","1"
,"23.778936000","23.687783000","1122","296","192.168.178.95","8081","10.0.0.2","32834","244","138349","1"
,"23.778972000","23.687819000","1123","296","192.168.178.95","8081","10.0.0.2","32834","244","138593","1"
,"23.778984000","23.687831000","1124","296","192.168.178.95","8081","10.0.0.2","32834","244","138837","1"
,"23.841009000","23.749856000","1125","52","10.0.0.2","32834","192.168.178.95","8081","0","1","100285"
,"23.841033000","23.749880000","1126","52","10.0.0.2","32834","192.168.178.95","8081","0","1","100285"
,"23.841044000","23.749891000","1127","52","10.0.0.2","32834","192.168.178.95","8081","0","1","100285"
,"23.841054000","23.749901000","1128","52","10.0.0.2","32834","192.168.178.95","8081","0","1","100285"
,"23.841063000","23.749910000","1129","52","10.0.0.2","32834","192.168.178.95","8081","0","1","100285"
,"23.842122000","23.750969000","1130","296","192.168.178.95","8081","10.0.0.2","32834","244","139081","1"
,"23.842151000","23.750998000","1131","296","192.168.178.95","8081","10.0.0.2","32834","244","139325","1"
,"23.842190000","23.751037000","1132","296","192.168.178.95","8081","10.0.0.2","32834","244","139569","1"
,"23.842201000","23.751048000","1133","296","192.168.178.95","8081","10.0.0.2","32834","244","139813","1"
,"23.842228000","23.751075000","1134","296","192.168.178.95","8081","10.0.0.2","32834","244","140057","1"
,"23.903046000","23.811893000","1135","52","10.0.0.2","32834","192.168.178.95","8081","0","1","100285"
,"23.903071000","23.811918000","1136","52","10.0.0.2","32834","192.168.178.95","8081","0","1","100285"
,"23.903082000","23.811929000","1137","52","10.0.0.2","32834","192.168.178.95","8081","0","1","100285"
,"23.903993000","23.812840000","1138","296","192.168.178.95","8081","10.0.0.2","32834","244","140301","1"
,"23.904019000","23.812866000","1139","296","192.168.178.95","8081","10.0.0.2","32834","244","140545","1"
,"23.904050000","23.812897000","1140","296","192.168.178.95","8081","10.0.0.2","32834","244","140789","1"
,"23.965426000","23.874273000","1141","52","10.0.0.2","32834","192.168.178.95","8081","0","1","100285"
,"23.966455000","23.875302000","1142","296","192.168.178.95","8081","10.0.0.2","32834","244","141033","1"
,"24.027757000","23.936604000","1143","52","10.0.0.2","32834","192.168.178.95","8081","0","1","100285"
,"24.028812000","23.937659000","1144","296","192.168.178.95","8081","10.0.0.2","32834","244","141277","1"
,"24.090679000","23.999526000","1145","52","10.0.0.2","32834","192.168.178.95","8081","0","1","100285"
,"24.090705000","23.999552000","1146","52","10.0.0.2","32834","192.168.178.95","8081","0","1","100529"
,"24.090716000","23.999563000","1147","52","10.0.0.2","32834","192.168.178.95","8081","0","1","100529"
,"24.090727000","23.999574000","1148","52","10.0.0.2","32834","192.168.178.95","8081","0","1","100529"
,"24.090738000","23.999585000","1149","52","10.0.0.2","32834","192.168.178.95","8081","0","1","100529"
,"24.091835000","24.000682000","1150","296","192.168.178.95","8081","10.0.0.2","32834","244","141521","1"
,"24.091867000","24.000714000","1151","296","192.168.178.95","8081","10.0.0.2","32834","244","100529","1"
,"24.091911000","24.000758000","1152","296","192.168.178.95","8081","10.0.0.2","32834","244","141765","1"
,"24.091923000","24.000770000","1153","296","192.168.178.95","8081","10.0.0.2","32834","244","142009","1"
,"24.091963000","24.000810000","1154","296","192.168.178.95","8081","10.0.0.2","32834","244","142253","1"
,"24.091975000","24.000822000","1155","296","192.168.178.95","8081","10.0.0.2","32834","244","142497","1"
,"24.153110000","24.061957000","1156","52","10.0.0.2","32834","192.168.178.95","8081","0","1","100529"
,"24.153134000","24.061981000","1157","52","10.0.0.2","32834","192.168.178.95","8081","0","1","100529"
,"24.153144000","24.061991000","1158","52","10.0.0.2","32834","192.168.178.95","8081","0","1","100529"
,"24.153154000","24.062001000","1159","52","10.0.0.2","32834","192.168.178.95","8081","0","1","100529"
,"24.153164000","24.062011000","1160","52","10.0.0.2","32834","192.168.178.95","8081","0","1","100529"
,"24.154136000","24.062983000","1161","296","192.168.178.95","8081","10.0.0.2","32834","244","142741","1"
,"24.154167000","24.063014000","1162","296","192.168.178.95","8081","10.0.0.2","32834","244","142985","1"
,"24.154204000","24.063051000","1163","296","192.168.178.95","8081","10.0.0.2","32834","244","143229","1"
,"24.154216000","24.063063000","1164","296","192.168.178.95","8081","10.0.0.2","32834","244","143473","1"
,"24.154243000","24.063090000","1165","296","192.168.178.95","8081","10.0.0.2","32834","244","143717","1"
,"24.216099000","24.124946000","1166","52","10.0.0.2","32834","192.168.178.95","8081","0","1","100529"
,"24.216142000","24.124989000","1167","52","10.0.0.2","32834","192.168.178.95","8081","0","1","100529"
,"24.216154000","24.125001000","1168","52","10.0.0.2","32834","192.168.178.95","8081","0","1","100529"
,"24.216165000","24.125012000","1169","52","10.0.0.2","32834","192.168.178.95","8081","0","1","100529"
,"24.217172000","24.126019000","1170","296","192.168.178.95","8081","10.0.0.2","32834","244","143961","1"
,"24.217203000","24.126050000","1171","296","192.168.178.95","8081","10.0.0.2","32834","244","144205","1"
,"24.217241000","24.126088000","1172","296","192.168.178.95","8081","10.0.0.2","32834","244","144449","1"
,"24.217252000","24.126099000","1173","296","192.168.178.95","8081","10.0.0.2","32834","244","144693","1"
,"24.277579000","24.186426000","1174","52","10.0.0.2","32834","192.168.178.95","8081","0","1","100529"
,"24.278622000","24.187469000","1175","296","192.168.178.95","8081","10.0.0.2","32834","244","144937","1"
,"24.340875000","24.249722000","1176","52","10.0.0.2","32834","192.168.178.95","8081","0","1","100529"
,"24.341911000","24.250758000","1177","296","192.168.178.95","8081","10.0.0.2","32834","244","145181","1"
,"24.402907000","24.311754000","1178","52","10.0.0.2","32834","192.168.178.95","8081","0","1","100529"
,"24.402933000","24.311780000","1179","52","10.0.0.2","32834","192.168.178.95","8081","0","1","100773"
,"24.402945000","24.311792000","1180","52","10.0.0.2","32834","192.168.178.95","8081","0","1","100773"
,"24.402956000","24.311803000","1181","52","10.0.0.2","32834","192.168.178.95","8081","0","1","100773"
,"24.402966000","24.311813000","1182","52","10.0.0.2","32834","192.168.178.95","8081","0","1","100773"
,"24.403941000","24.312788000","1183","296","192.168.178.95","8081","10.0.0.2","32834","244","145425","1"
,"24.403974000","24.312821000","1184","296","192.168.178.95","8081","10.0.0.2","32834","244","100773","1"
,"24.404018000","24.312865000","1185","296","192.168.178.95","8081","10.0.0.2","32834","244","145669","1"
,"24.404029000","24.312876000","1186","296","192.168.178.95","8081","10.0.0.2","32834","244","145913","1"
,"24.404069000","24.312916000","1187","296","192.168.178.95","8081","10.0.0.2","32834","244","146157","1"
,"24.404080000","24.312927000","1188","296","192.168.178.95","8081","10.0.0.2","32834","244","146401","1"
,"24.466074000","24.374921000","1189","52","10.0.0.2","32834","192.168.178.95","8081","0","1","100773"
,"24.466100000","24.374947000","1190","52","10.0.0.2","32834","192.168.178.95","8081","0","1","100773"
,"24.466112000","24.374959000","1191","52","10.0.0.2","32834","192.168.178.95","8081","0","1","100773"
,"24.466123000","24.374970000","1192","52","10.0.0.2","32834","192.168.178.95","8081","0","1","100773"
,"24.466134000","24.374981000","1193","52","10.0.0.2","32834","192.168.178.95","8081","0","1","100773"
,"24.467007000","24.375854000","1194","296","192.168.178.95","8081","10.0.0.2","32834","244","146645","1"
,"24.467036000","24.375883000","1195","296","192.168.178.95","8081","10.0.0.2","32834","244","146889","1"
,"24.467099000","24.375946000","1196","296","192.168.178.95","8081","10.0.0.2","32834","244","147133","1"
,"24.467111000","24.375958000","1197","296","192.168.178.95","8081","10.0.0.2","32834","244","147377","1"
,"24.467140000","24.375987000","1198","296","192.168.178.95","8081","10.0.0.2","32834","244","147621","1"
,"24.528272000","24.437119000","1199","52","10.0.0.2","32834","192.168.178.95","8081","0","1","100773"
,"24.528295000","24.437142000","1200","52","10.0.0.2","32834","192.168.178.95","8081","0","1","100773"
,"24.528307000","24.437154000","1201","52","10.0.0.2","32834","192.168.178.95","8081","0","1","100773"
,"24.528317000","24.437164000","1202","52","10.0.0.2","32834","192.168.178.95","8081","0","1","100773"
,"24.528327000","24.437174000","1203","52","10.0.0.2","32834","192.168.178.95","8081","0","1","100773"
,"24.529137000","24.437984000","1204","296","192.168.178.95","8081","10.0.0.2","32834","244","147865","1"
,"24.529166000","24.438013000","1205","296","192.168.178.95","8081","10.0.0.2","32834","244","148109","1"
,"24.529205000","24.438052000","1206","296","192.168.178.95","8081","10.0.0.2","32834","244","148353","1"
,"24.529217000","24.438064000","1207","296","192.168.178.95","8081","10.0.0.2","32834","244","148597","1"
,"24.529245000","24.438092000","1208","296","192.168.178.95","8081","10.0.0.2","32834","244","148841","1"
,"24.591367000","24.500214000","1209","52","10.0.0.2","32834","192.168.178.95","8081","0","1","100773"
,"24.592394000","24.501241000","1210","296","192.168.178.95","8081","10.0.0.2","32834","244","149085","1"
,"24.652738000","24.561585000","1211","52","10.0.0.2","32834","192.168.178.95","8081","0","1","100773"
,"24.653702000","24.562549000","1212","296","192.168.178.95","8081","10.0.0.2","32834","244","149329","1"
,"24.715815000","24.624662000","1213","52","10.0.0.2","32834","192.168.178.95","8081","0","1","100773"
,"24.715845000","24.624692000","1214","52","10.0.0.2","32834","192.168.178.95","8081","0","1","101017"
,"24.715856000","24.624703000","1215","52","10.0.0.2","32834","192.168.178.95","8081","0","1","101017"
,"24.715867000","24.624714000","1216","52","10.0.0.2","32834","192.168.178.95","8081","0","1","101017"
,"24.715878000","24.624725000","1217","52","10.0.0.2","32834","192.168.178.95","8081","0","1","101017"
,"24.716805000","24.625652000","1218","296","192.168.178.95","8081","10.0.0.2","32834","244","149573","1"
,"24.716833000","24.625680000","1219","296","192.168.178.95","8081","10.0.0.2","32834","244","101017","1"
,"24.716877000","24.625724000","1220","296","192.168.178.95","8081","10.0.0.2","32834","244","149817","1"
,"24.716889000","24.625736000","1221","296","192.168.178.95","8081","10.0.0.2","32834","244","150061","1"
,"24.716928000","24.625775000","1222","296","192.168.178.95","8081","10.0.0.2","32834","244","150305","1"
,"24.716941000","24.625788000","1223","296","192.168.178.95","8081","10.0.0.2","32834","244","150549","1"
,"24.778003000","24.686850000","1224","52","10.0.0.2","32834","192.168.178.95","8081","0","1","101017"
,"24.778027000","24.686874000","1225","52","10.0.0.2","32834","192.168.178.95","8081","0","1","101017"
,"24.778037000","24.686884000","1226","52","10.0.0.2","32834","192.168.178.95","8081","0","1","101017"
,"24.778047000","24.686894000","1227","52","10.0.0.2","32834","192.168.178.95","8081","0","1","101017"
,"24.778056000","24.686903000","1228","52","10.0.0.2","32834","192.168.178.95","8081","0","1","101017"
,"24.778915000","24.687762000","1229","296","192.168.178.95","8081","10.0.0.2","32834","244","150793","1"
,"24.778942000","24.687789000","1230","296","192.168.178.95","8081","10.0.0.2","32834","244","151037","1"
,"24.778980000","24.687827000","1231","296","192.168.178.95","8081","10.0.0.2","32834","244","151281","1"
,"24.778991000","24.687838000","1232","296","192.168.178.95","8081","10.0.0.2","32834","244","151525","1"
,"24.779017000","24.687864000","1233","296","192.168.178.95","8081","10.0.0.2","32834","244","151769","1"
,"24.841262000","24.750109000","1234","52","10.0.0.2","32834","192.168.178.95","8081","0","1","101017"
,"24.841287000","24.750134000","1235","52","10.0.0.2","32834","192.168.178.95","8081","0","1","101017"
,"24.841297000","24.750144000","1236","52","10.0.0.2","32834","192.168.178.95","8081","0","1","101017"
,"24.841307000","24.750154000","1237","52","10.0.0.2","32834","192.168.178.95","8081","0","1","101017"
,"24.841317000","24.750164000","1238","52","10.0.0.2","32834","192.168.178.95","8081","0","1","101017"
,"24.842267000","24.751114000","1239","296","192.168.178.95","8081","10.0.0.2","32834","244","152013","1"
,"24.842299000","24.751146000","1240","296","192.168.178.95","8081","10.0.0.2","32834","244","152257","1"
,"24.842338000","24.751185000","1241","296","192.168.178.95","8081","10.0.0.2","32834","244","152501","1"
,"24.842349000","24.751196000","1242","296","192.168.178.95","8081","10.0.0.2","32834","244","152745","1"
,"24.842376000","24.751223000","1243","296","192.168.178.95","8081","10.0.0.2","32834","244","152989","1"
,"24.903351000","24.812198000","1244","52","10.0.0.2","32834","192.168.178.95","8081","0","1","101017"
,"24.903377000","24.812224000","1245","52","10.0.0.2","32834","192.168.178.95","8081","0","1","101017"
,"24.904400000","24.813247000","1246","296","192.168.178.95","8081","10.0.0.2","32834","244","153233","1"
,"24.904432000","24.813279000","1247","296","192.168.178.95","8081","10.0.0.2","32834","244","153477","1"
,"24.965651000","24.874498000","1248","52","10.0.0.2","32834","192.168.178.95","8081","0","1","101017"
,"24.966729000","24.875576000","1249","296","192.168.178.95","8081","10.0.0.2","32834","244","153721","1"
,"25.027762000","24.936609000","1250","52","10.0.0.2","32834","192.168.178.95","8081","0","1","101017"
,"25.027808000","24.936655000","1251","52","10.0.0.2","32834","192.168.178.95","8081","0","1","101261"
,"25.027819000","24.936666000","1252","52","10.0.0.2","32834","192.168.178.95","8081","0","1","101261"
,"25.027829000","24.936676000","1253","52","10.0.0.2","32834","192.168.178.95","8081","0","1","101261"
,"25.027838000","24.936685000","1254","52","10.0.0.2","32834","192.168.178.95","8081","0","1","101261"
,"25.028761000","24.937608000","1255","296","192.168.178.95","8081","10.0.0.2","32834","244","153965","1"
,"25.028812000","24.937659000","1256","296","192.168.178.95","8081","10.0.0.2","32834","244","101261","1"
,"25.028855000","24.937702000","1257","296","192.168.178.95","8081","10.0.0.2","32834","244","154209","1"
,"25.028866000","24.937713000","1258","296","192.168.178.95","8081","10.0.0.2","32834","244","154453","1"
,"25.028896000","24.937743000","1259","152","192.168.178.95","8081","10.0.0.2","32834","100","154697","1"
,"25.091200000","25.000047000","1260","52","10.0.0.2","32834","192.168.178.95","8081","0","1","101261"
,"25.091226000","25.000073000","1261","52","10.0.0.2","32834","192.168.178.95","8081","0","1","101261"
,"25.091236000","25.000083000","1262","52","10.0.0.2","32834","192.168.178.95","8081","0","1","101261"
,"25.091246000","25.000093000","1263","52","10.0.0.2","32834","192.168.178.95","8081","0","1","101261"
,"25.091255000","25.000102000","1264","52","10.0.0.2","32834","192.168.178.95","8081","0","1","101261"
,"25.153117000","25.061964000","1265","52","10.0.0.2","32834","192.168.178.95","8081","0","1","101261"
,"25.153150000","25.061997000","1266","52","10.0.0.2","32834","192.168.178.95","8081","0","1","101261"
,"25.153166000","25.062013000","1267","52","10.0.0.2","32834","192.168.178.95","8081","0","1","101261"
,"25.153181000","25.062028000","1268","52","10.0.0.2","32834","192.168.178.95","8081","0","1","101261"
,"25.153195000","25.062042000","1269","52","10.0.0.2","32834","192.168.178.95","8081","0","1","101261"
,"25.215575000","25.124422000","1270","52","10.0.0.2","32834","192.168.178.95","8081","0","1","101261"
,"25.215600000","25.124447000","1271","52","10.0.0.2","32834","192.168.178.95","8081","0","1","101261"
,"25.215610000","25.124457000","1272","52","10.0.0.2","32834","192.168.178.95","8081","0","1","101261"
,"25.278185000","25.187032000","1273","52","10.0.0.2","32834","192.168.178.95","8081","0","1","101261"
,"25.340555000","25.249402000","1274","52","10.0.0.2","32834","192.168.178.95","8081","0","1","101261"
,"25.340580000","25.249427000","1275","52","10.0.0.2","32834","192.168.178.95","8081","0","1","101505"
,"25.340590000","25.249437000","1276","52","10.0.0.2","32834","192.168.178.95","8081","0","1","101505"
,"25.340600000","25.249447000","1277","52","10.0.0.2","32834","192.168.178.95","8081","0","1","101505"
,"25.340610000","25.249457000","1278","52","10.0.0.2","32834","192.168.178.95","8081","0","1","101505"
,"25.341625000","25.250472000","1279","296","192.168.178.95","8081","10.0.0.2","32834","244","101505","1"
,"25.653348000","25.562195000","1280","52","10.0.0.2","32834","192.168.178.95","8081","0","1","101749"
,"25.654382000","25.563229000","1281","296","192.168.178.95","8081","10.0.0.2","32834","244","101749","1"
,"25.966056000","25.874903000","1282","52","10.0.0.2","32834","192.168.178.95","8081","0","1","101993"
,"25.967104000","25.875951000","1283","296","192.168.178.95","8081","10.0.0.2","32834","244","101993","1"
,"26.167933000",,"1284","48",,,,,,,
,"26.277715000","26.186562000","1285","52","10.0.0.2","32834","192.168.178.95","8081","0","1","102237"
,"26.278622000","26.187469000","1286","296","192.168.178.95","8081","10.0.0.2","32834","244","102237","1"
,"26.591099000","26.499946000","1287","52","10.0.0.2","32834","192.168.178.95","8081","0","1","102481"
,"26.592029000","26.500876000","1288","296","192.168.178.95","8081","10.0.0.2","32834","244","102481","1"
,"26.902792000","26.811639000","1289","52","10.0.0.2","32834","192.168.178.95","8081","0","1","154797"
,"26.903883000","26.812730000","1290","296","192.168.178.95","8081","10.0.0.2","32834","244","154797","1"
,"26.903917000","26.812764000","1291","296","192.168.178.95","8081","10.0.0.2","32834","244","155041","1"
,"26.903973000","26.812820000","1292","296","192.168.178.95","8081","10.0.0.2","32834","244","155285","1"
,"26.903992000","26.812839000","1293","296","192.168.178.95","8081","10.0.0.2","32834","244","155529","1"
,"26.904044000","26.812891000","1294","296","192.168.178.95","8081","10.0.0.2","32834","244","155773","1"
,"26.904065000","26.812912000","1295","296","192.168.178.95","8081","10.0.0.2","32834","244","156017","1"
,"26.904117000","26.812964000","1296","296","192.168.178.95","8081","10.0.0.2","32834","244","156261","1"
,"26.904132000","26.812979000","1297","296","192.168.178.95","8081","10.0.0.2","32834","244","156505","1"
,"26.904169000","26.813016000","1298","296","192.168.178.95","8081","10.0.0.2","32834","244","156749","1"
,"26.904184000","26.813031000","1299","296","192.168.178.95","8081","10.0.0.2","32834","244","156993","1"
,"26.904234000","26.813081000","1300","296","192.168.178.95","8081","10.0.0.2","32834","244","157237","1"
,"26.904251000","26.813098000","1301","296","192.168.178.95","8081","10.0.0.2","32834","244","157481","1"
,"26.904299000","26.813146000","1302","296","192.168.178.95","8081","10.0.0.2","32834","244","157725","1"
,"26.904314000","26.813161000","1303","296","192.168.178.95","8081","10.0.0.2","32834","244","157969","1"
,"26.904348000","26.813195000","1304","296","192.168.178.95","8081","10.0.0.2","32834","244","158213","1"
,"26.904360000","26.813207000","1305","296","192.168.178.95","8081","10.0.0.2","32834","244","158457","1"
,"26.904394000","26.813241000","1306","296","192.168.178.95","8081","10.0.0.2","32834","244","158701","1"
,"26.904405000","26.813252000","1307","296","192.168.178.95","8081","10.0.0.2","32834","244","158945","1"
,"26.904440000","26.813287000","1308","296","192.168.178.95","8081","10.0.0.2","32834","244","159189","1"
,"26.904451000","26.813298000","1309","296","192.168.178.95","8081","10.0.0.2","32834","244","159433","1"
,"26.904487000","26.813334000","1310","296","192.168.178.95","8081","10.0.0.2","32834","244","159677","1"
,"26.904498000","26.813345000","1311","296","192.168.178.95","8081","10.0.0.2","32834","244","159921","1"
,"26.904533000","26.813380000","1312","296","192.168.178.95","8081","10.0.0.2","32834","244","160165","1"
,"26.904544000","26.813391000","1313","296","192.168.178.95","8081","10.0.0.2","32834","244","160409","1"
,"26.904579000","26.813426000","1314","296","192.168.178.95","8081","10.0.0.2","32834","244","160653","1"
,"26.904590000","26.813437000","1315","296","192.168.178.95","8081","10.0.0.2","32834","244","160897","1"
,"26.904617000","26.813464000","1316","296","192.168.178.95","8081","10.0.0.2","32834","244","161141","1"
,"27.216147000","27.124994000","1317","52","10.0.0.2","32834","192.168.178.95","8081","0","1","155285"
,"27.216173000","27.125020000","1318","52","10.0.0.2","32834","192.168.178.95","8081","0","1","155773"
,"27.216184000","27.125031000","1319","52","10.0.0.2","32834","192.168.178.95","8081","0","1","156017"
,"27.217108000","27.125955000","1320","296","192.168.178.95","8081","10.0.0.2","32834","244","161385","1"
,"27.217135000","27.125982000","1321","296","192.168.178.95","8081","10.0.0.2","32834","244","161629","1"
,"27.217173000","27.126020000","1322","296","192.168.178.95","8081","10.0.0.2","32834","244","161873","1"
,"27.217185000","27.126032000","1323","296","192.168.178.95","8081","10.0.0.2","32834","244","162117","1"
,"27.277609000","27.186456000","1324","52","10.0.0.2","32834","192.168.178.95","8081","0","1","157237"
,"27.278624000","27.187471000","1325","296","192.168.178.95","8081","10.0.0.2","32834","244","162361","1"
,"27.278655000","27.187502000","1326","296","192.168.178.95","8081","10.0.0.2","32834","244","162605","1"
,"27.278695000","27.187542000","1327","296","192.168.178.95","8081","10.0.0.2","32834","244","162849","1"
,"27.278705000","27.187552000","1328","296","192.168.178.95","8081","10.0.0.2","32834","244","163093","1"
,"27.278742000","27.187589000","1329","296","192.168.178.95","8081","10.0.0.2","32834","244","163337","1"
,"27.278753000","27.187600000","1330","296","192.168.178.95","8081","10.0.0.2","32834","244","163581","1"
,"27.340425000","27.249272000","1331","52","10.0.0.2","32834","192.168.178.95","8081","0","1","158457"
,"27.341479000","27.250326000","1332","296","192.168.178.95","8081","10.0.0.2","32834","244","163825","1"
,"27.341509000","27.250356000","1333","296","192.168.178.95","8081","10.0.0.2","32834","244","164069","1"
,"27.341547000","27.250394000","1334","296","192.168.178.95","8081","10.0.0.2","32834","244","164313","1"
,"27.341557000","27.250404000","1335","296","192.168.178.95","8081","10.0.0.2","32834","244","164557","1"
,"27.341586000","27.250433000","1336","196","192.168.178.95","8081","10.0.0.2","32834","144","164801","1"
,"27.403304000","27.312151000","1337","52","10.0.0.2","32834","192.168.178.95","8081","0","1","158945"
,"27.403329000","27.312176000","1338","52","10.0.0.2","32834","192.168.178.95","8081","0","1","159677"
,"27.404251000","27.313098000","1339","296","192.168.178.95","8081","10.0.0.2","32834","244","164945","1"
,"27.404278000","27.313125000","1340","296","192.168.178.95","8081","10.0.0.2","32834","244","165189","1"
,"27.404316000","27.313163000","1341","296","192.168.178.95","8081","10.0.0.2","32834","244","165433","1"
,"27.404326000","27.313173000","1342","296","192.168.178.95","8081","10.0.0.2","32834","244","165677","1"
,"27.466020000","27.374867000","1343","52","10.0.0.2","32834","192.168.178.95","8081","0","1","160897"
,"27.466905000","27.375752000","1344","296","192.168.178.95","8081","10.0.0.2","32834","244","165921","1"
,"27.466929000","27.375776000","1345","296","192.168.178.95","8081","10.0.0.2","32834","244","166165","1"
,"27.466963000","27.375810000","1346","296","192.168.178.95","8081","10.0.0.2","32834","244","166409","1"
,"27.466973000","27.375820000","1347","296","192.168.178.95","8081","10.0.0.2","32834","244","166653","1"
,"27.467021000","27.375868000","1348","296","192.168.178.95","8081","10.0.0.2","32834","244","166897","1"
,"27.467034000","27.375881000","1349","296","192.168.178.95","8081","10.0.0.2","32834","244","167141","1"
,"27.528127000","27.436974000","1350","52","10.0.0.2","32834","192.168.178.95","8081","0","1","161873"
,"27.529009000","27.437856000","1351","296","192.168.178.95","8081","10.0.0.2","32834","244","167385","1"
,"27.529040000","27.437887000","1352","296","192.168.178.95","8081","10.0.0.2","32834","244","167629","1"
,"27.529096000","27.437943000","1353","296","192.168.178.95","8081","10.0.0.2","32834","244","167873","1"
,"27.529116000","27.437963000","1354","296","192.168.178.95","8081","10.0.0.2","32834","244","168117","1"
,"27.591128000","27.499975000","1355","52","10.0.0.2","32834","192.168.178.95","8081","0","1","163093"
,"27.592112000","27.500959000","1356","296","192.168.178.95","8081","10.0.0.2","32834","244","168361","1"
,"27.592143000","27.500990000","1357","296","192.168.178.95","8081","10.0.0.2","32834","244","168605","1"
,"27.592206000","27.501053000","1358","296","192.168.178.95","8081","10.0.0.2","32834","244","168849","1"
,"27.592227000","27.501074000","1359","296","192.168.178.95","8081","10.0.0.2","32834","244","169093","1"
,"27.592282000","27.501129000","1360","296","192.168.178.95","8081","10.0.0.2","32834","244","169337","1"
,"27.592302000","27.501149000","1361","296","192.168.178.95","8081","10.0.0.2","32834","244","169581","1"
,"27.652476000","27.561323000","1362","52","10.0.0.2","32834","192.168.178.95","8081","0","1","164069"
,"27.652501000","27.561348000","1363","52","10.0.0.2","32834","192.168.178.95","8081","0","1","164313"
,"27.653415000","27.562262000","1364","296","192.168.178.95","8081","10.0.0.2","32834","244","169825","1"
,"27.653446000","27.562293000","1365","296","192.168.178.95","8081","10.0.0.2","32834","244","170069","1"
,"27.653503000","27.562350000","1366","296","192.168.178.95","8081","10.0.0.2","32834","244","170313","1"
,"27.653520000","27.562367000","1367","296","192.168.178.95","8081","10.0.0.2","32834","244","170557","1"
,"27.715592000","27.624439000","1368","52","10.0.0.2","32834","192.168.178.95","8081","0","1","165677"
,"27.716561000","27.625408000","1369","296","192.168.178.95","8081","10.0.0.2","32834","244","170801","1"
,"27.716589000","27.625436000","1370","296","192.168.178.95","8081","10.0.0.2","32834","244","171045","1"
,"27.716644000","27.625491000","1371","296","192.168.178.95","8081","10.0.0.2","32834","244","171289","1"
,"27.716661000","27.625508000","1372","296","192.168.178.95","8081","10.0.0.2","32834","244","171533","1"
,"27.716712000","27.625559000","1373","296","192.168.178.95","8081","10.0.0.2","32834","244","171777","1"
,"27.716729000","27.625576000","1374","296","192.168.178.95","8081","10.0.0.2","32834","244","172021","1"
,"27.777850000","27.686697000","1375","52","10.0.0.2","32834","192.168.178.95","8081","0","1","166897"
,"27.778800000","27.687647000","1376","296","192.168.178.95","8081","10.0.0.2","32834","244","172265","1"
,"27.778829000","27.687676000","1377","296","192.168.178.95","8081","10.0.0.2","32834","244","172509","1"
,"27.778888000","27.687735000","1378","296","192.168.178.95","8081","10.0.0.2","32834","244","172753","1"
,"27.778905000","27.687752000","1379","296","192.168.178.95","8081","10.0.0.2","32834","244","172997","1"
,"27.778957000","27.687804000","1380","296","192.168.178.95","8081","10.0.0.2","32834","244","173241","1"
,"27.778974000","27.687821000","1381","296","192.168.178.95","8081","10.0.0.2","32834","244","173485","1"
,"27.841037000","27.749884000","1382","52","10.0.0.2","32834","192.168.178.95","8081","0","1","168117"
,"27.841980000","27.750827000","1383","296","192.168.178.95","8081","10.0.0.2","32834","244","173729","1"
,"27.842005000","27.750852000","1384","296","192.168.178.95","8081","10.0.0.2","32834","244","173973","1"
,"27.842054000","27.750901000","1385","296","192.168.178.95","8081","10.0.0.2","32834","244","174217","1"
,"27.842071000","27.750918000","1386","296","192.168.178.95","8081","10.0.0.2","32834","244","174461","1"
,"27.842119000","27.750966000","1387","296","192.168.178.95","8081","10.0.0.2","32834","244","174705","1"
,"27.842135000","27.750982000","1388","296","192.168.178.95","8081","10.0.0.2","32834","244","174949","1"
,"27.903189000","27.812036000","1389","52","10.0.0.2","32834","192.168.178.95","8081","0","1","169337"
,"27.904248000","27.813095000","1390","296","192.168.178.95","8081","10.0.0.2","32834","244","175193","1"
,"27.904279000","27.813126000","1391","296","192.168.178.95","8081","10.0.0.2","32834","244","175437","1"
,"27.904329000","27.813176000","1392","296","192.168.178.95","8081","10.0.0.2","32834","244","175681","1"
,"27.904346000","27.813193000","1393","296","192.168.178.95","8081","10.0.0.2","32834","244","175925","1"
,"27.965412000","27.874259000","1394","52","10.0.0.2","32834","192.168.178.95","8081","0","1","170557"
,"27.966381000","27.875228000","1395","296","192.168.178.95","8081","10.0.0.2","32834","244","176169","1"
,"27.966409000","27.875256000","1396","296","192.168.178.95","8081","10.0.0.2","32834","244","176413","1"
,"27.966465000","27.875312000","1397","296","192.168.178.95","8081","10.0.0.2","32834","244","176657","1"
,"27.966483000","27.875330000","1398","296","192.168.178.95","8081","10.0.0.2","32834","244","176901","1"
,"27.966535000","27.875382000","1399","296","192.168.178.95","8081","10.0.0.2","32834","244","177145","1"
,"27.966553000","27.875400000","1400","296","192.168.178.95","8081","10.0.0.2","32834","244","177389","1"
,"28.027601000","27.936448000","1401","52","10.0.0.2","32834","192.168.178.95","8081","0","1","171777"
,"28.028582000","27.937429000","1402","296","192.168.178.95","8081","10.0.0.2","32834","244","177633","1"
,"28.028610000","27.937457000","1403","296","192.168.178.95","8081","10.0.0.2","32834","244","177877","1"
,"28.028667000","27.937514000","1404","296","192.168.178.95","8081","10.0.0.2","32834","244","178121","1"
,"28.028685000","27.937532000","1405","296","192.168.178.95","8081","10.0.0.2","32834","244","178365","1"
,"28.090657000","27.999504000","1406","52","10.0.0.2","32834","192.168.178.95","8081","0","1","172997"
,"28.091592000","28.000439000","1407","296","192.168.178.95","8081","10.0.0.2","32834","244","178609","1"
,"28.091620000","28.000467000","1408","296","192.168.178.95","8081","10.0.0.2","32834","244","178853","1"
,"28.091675000","28.000522000","1409","296","192.168.178.95","8081","10.0.0.2","32834","244","179097","1"
,"28.091693000","28.000540000","1410","296","192.168.178.95","8081","10.0.0.2","32834","244","179341","1"
,"28.091744000","28.000591000","1411","296","192.168.178.95","8081","10.0.0.2","32834","244","179585","1"
,"28.091761000","28.000608000","1412","296","192.168.178.95","8081","10.0.0.2","32834","244","179829","1"
,"28.153053000","28.061900000","1413","52","10.0.0.2","32834","192.168.178.95","8081","0","1","174217"
,"28.154007000","28.062854000","1414","296","192.168.178.95","8081","10.0.0.2","32834","244","180073","1"
,"28.154035000","28.062882000","1415","296","192.168.178.95","8081","10.0.0.2","32834","244","180317","1"
,"28.154097000","28.062944000","1416","296","192.168.178.95","8081","10.0.0.2","32834","244","180561","1"
,"28.154119000","28.062966000","1417","296","192.168.178.95","8081","10.0.0.2","32834","244","180805","1"
,"28.215960000","28.124807000","1418","52","10.0.0.2","32834","192.168.178.95","8081","0","1","175437"
,"28.216892000","28.125739000","1419","296","192.168.178.95","8081","10.0.0.2","32834","244","181049","1"
,"28.216921000","28.125768000","1420","296","192.168.178.95","8081","10.0.0.2","32834","244","181293","1"
,"28.216977000","28.125824000","1421","296","192.168.178.95","8081","10.0.0.2","32834","244","181537","1"
,"28.216996000","28.125843000","1422","296","192.168.178.95","8081","10.0.0.2","32834","244","181781","1"
,"28.217048000","28.125895000","1423","296","192.168.178.95","8081","10.0.0.2","32834","244","182025","1"
,"28.217066000","28.125913000","1424","296","192.168.178.95","8081","10.0.0.2","32834","244","182269","1"
,"28.278341000","28.187188000","1425","52","10.0.0.2","32834","192.168.178.95","8081","0","1","176657"
,"28.279375000","28.188222000","1426","296","192.168.178.95","8081","10.0.0.2","32834","244","182513","1"
,"28.279405000","28.188252000","1427","296","192.168.178.95","8081","10.0.0.2","32834","244","182757","1"
,"28.279443000","28.188290000","1428","296","192.168.178.95","8081","10.0.0.2","32834","244","183001","1"
,"28.279454000","28.188301000","1429","296","192.168.178.95","8081","10.0.0.2","32834","244","183245","1"
,"28.279488000","28.188335000","1430","296","192.168.178.95","8081","10.0.0.2","32834","244","183489","1"
,"28.279499000","28.188346000","1431","296","192.168.178.95","8081","10.0.0.2","32834","244","183733","1"
,"28.340619000","28.249466000","1432","52","10.0.0.2","32834","192.168.178.95","8081","0","1","177877"
,"28.341721000","28.250568000","1433","296","192.168.178.95","8081","10.0.0.2","32834","244","183977","1"
,"28.341750000","28.250597000","1434","296","192.168.178.95","8081","10.0.0.2","32834","244","184221","1"
,"28.341814000","28.250661000","1435","296","192.168.178.95","8081","10.0.0.2","32834","244","184465","1"
,"28.341826000","28.250673000","1436","296","192.168.178.95","8081","10.0.0.2","32834","244","184709","1"
,"28.402747000","28.311594000","1437","52","10.0.0.2","32834","192.168.178.95","8081","0","1","179097"
,"28.403875000","28.312722000","1438","296","192.168.178.95","8081","10.0.0.2","32834","244","184953","1"
,"28.403906000","28.312753000","1439","296","192.168.178.95","8081","10.0.0.2","32834","244","185197","1"
,"28.403944000","28.312791000","1440","296","192.168.178.95","8081","10.0.0.2","32834","244","185441","1"
,"28.403954000","28.312801000","1441","296","192.168.178.95","8081","10.0.0.2","32834","244","185685","1"
,"28.403989000","28.312836000","1442","296","192.168.178.95","8081","10.0.0.2","32834","244","185929","1"
,"28.404000000","28.312847000","1443","296","192.168.178.95","8081","10.0.0.2","32834","244","186173","1"
,"28.465927000","28.374774000","1444","52","10.0.0.2","32834","192.168.178.95","8081","0","1","180317"
,"28.467052000","28.375899000","1445","296","192.168.178.95","8081","10.0.0.2","32834","244","186417","1"
,"28.467082000","28.375929000","1446","296","192.168.178.95","8081","10.0.0.2","32834","244","186661","1"
,"28.467121000","28.375968000","1447","296","192.168.178.95","8081","10.0.0.2","32834","244","186905","1"
,"28.467131000","28.375978000","1448","296","192.168.178.95","8081","10.0.0.2","32834","244","187149","1"
,"28.527419000","28.436266000","1449","52","10.0.0.2","32834","192.168.178.95","8081","0","1","181537"
,"28.528462000","28.437309000","1450","296","192.168.178.95","8081","10.0.0.2","32834","244","187393","1"
,"28.528489000","28.437336000","1451","296","192.168.178.95","8081","10.0.0.2","32834","244","187637","1"
,"28.528529000","28.437376000","1452","296","192.168.178.95","8081","10.0.0.2","32834","244","187881","1"
,"28.528544000","28.437391000","1453","296","192.168.178.95","8081","10.0.0.2","32834","244","188125","1"
,"28.528580000","28.437427000","1454","296","192.168.178.95","8081","10.0.0.2","32834","244","188369","1"
,"28.528593000","28.437440000","1455","296","192.168.178.95","8081","10.0.0.2","32834","244","188613","1"
,"28.590321000","28.499168000","1456","52","10.0.0.2","32834","192.168.178.95","8081","0","1","182757"
,"28.591174000","28.500021000","1457","296","192.168.178.95","8081","10.0.0.2","32834","244","188857","1"
,"28.591186000","28.500033000","1458","296","192.168.178.95","8081","10.0.0.2","32834","244","189101","1"
,"28.591198000","28.500045000","1459","296","192.168.178.95","8081","10.0.0.2","32834","244","189345","1"
,"28.591202000","28.500049000","1460","296","192.168.178.95","8081","10.0.0.2","32834","244","189589","1"
,"28.591213000","28.500060000","1461","296","192.168.178.95","8081","10.0.0.2","32834","244","189833","1"
,"28.591216000","28.500063000","1462","296","192.168.178.95","8081","10.0.0.2","32834","244","190077","1"
,"28.653223000","28.562070000","1463","52","10.0.0.2","32834","192.168.178.95","8081","0","1","183977"
,"28.654276000","28.563123000","1464","296","192.168.178.95","8081","10.0.0.2","32834","244","190321","1"
,"28.654306000","28.563153000","1465","296","192.168.178.95","8081","10.0.0.2","32834","244","190565","1"
,"28.654344000","28.563191000","1466","296","192.168.178.95","8081","10.0.0.2","32834","244","190809","1"
,"28.654355000","28.563202000","1467","296","192.168.178.95","8081","10.0.0.2","32834","244","191053","1"
,"28.715292000","28.624139000","1468","52","10.0.0.2","32834","192.168.178.95","8081","0","1","185197"
,"28.716395000","28.625242000","1469","296","192.168.178.95","8081","10.0.0.2","32834","244","191297","1"
,"28.716426000","28.625273000","1470","296","192.168.178.95","8081","10.0.0.2","32834","244","191541","1"
,"28.716464000","28.625311000","1471","296","192.168.178.95","8081","10.0.0.2","32834","244","191785","1"
,"28.716474000","28.625321000","1472","296","192.168.178.95","8081","10.0.0.2","32834","244","192029","1"
,"28.716510000","28.625357000","1473","296","192.168.178.95","8081","10.0.0.2","32834","244","192273","1"
,"28.716521000","28.625368000","1474","296","192.168.178.95","8081","10.0.0.2","32834","244","192517","1"
,"28.777465000","28.686312000","1475","52","10.0.0.2","32834","192.168.178.95","8081","0","1","186417"
,"28.778396000","28.687243000","1476","296","192.168.178.95","8081","10.0.0.2","32834","244","192761","1"
,"28.778425000","28.687272000","1477","296","192.168.178.95","8081","10.0.0.2","32834","244","193005","1"
,"28.778466000","28.687313000","1478","296","192.168.178.95","8081","10.0.0.2","32834","244","193249","1"
,"28.778477000","28.687324000","1479","296","192.168.178.95","8081","10.0.0.2","32834","244","193493","1"
,"28.840935000","28.749782000","1480","52","10.0.0.2","32834","192.168.178.95","8081","0","1","187637"
,"28.841902000","28.750749000","1481","296","192.168.178.95","8081","10.0.0.2","32834","244","193737","1"
,"28.841929000","28.750776000","1482","296","192.168.178.95","8081","10.0.0.2","32834","244","193981","1"
,"28.841970000","28.750817000","1483","296","192.168.178.95","8081","10.0.0.2","32834","244","194225","1"
,"28.841982000","28.750829000","1484","296","192.168.178.95","8081","10.0.0.2","32834","244","194469","1"
,"28.842018000","28.750865000","1485","296","192.168.178.95","8081","10.0.0.2","32834","244","194713","1"
,"28.842030000","28.750877000","1486","296","192.168.178.95","8081","10.0.0.2","32834","244","194957","1"
,"28.902874000","28.811721000","1487","52","10.0.0.2","32834","192.168.178.95","8081","0","1","188857"
,"28.903946000","28.812793000","1488","296","192.168.178.95","8081","10.0.0.2","32834","244","195201","1"
,"28.903976000","28.812823000","1489","296","192.168.178.95","8081","10.0.0.2","32834","244","195445","1"
,"28.904015000","28.812862000","1490","296","192.168.178.95","8081","10.0.0.2","32834","244","195689","1"
,"28.904025000","28.812872000","1491","296","192.168.178.95","8081","10.0.0.2","32834","244","195933","1"
,"28.966032000","28.874879000","1492","52","10.0.0.2","32834","192.168.178.95","8081","0","1","190077"
,"28.967158000","28.876005000","1493","296","192.168.178.95","8081","10.0.0.2","32834","244","196177","1"
,"28.967190000","28.876037000","1494","296","192.168.178.95","8081","10.0.0.2","32834","244","196421","1"
,"28.967232000","28.876079000","1495","296","192.168.178.95","8081","10.0.0.2","32834","244","196665","1"
,"28.967243000","28.876090000","1496","296","192.168.178.95","8081","10.0.0.2","32834","244","196909","1"
,"28.967281000","28.876128000","1497","296","192.168.178.95","8081","10.0.0.2","32834","244","197153","1"
,"28.967294000","28.876141000","1498","296","192.168.178.95","8081","10.0.0.2","32834","244","197397","1"
,"29.027485000","28.936332000","1499","52","10.0.0.2","32834","192.168.178.95","8081","0","1","191297"
,"29.028594000","28.937441000","1500","296","192.168.178.95","8081","10.0.0.2","32834","244","197641","1"
,"29.028620000","28.937467000","1501","296","192.168.178.95","8081","10.0.0.2","32834","244","197885","1"
,"29.028660000","28.937507000","1502","296","192.168.178.95","8081","10.0.0.2","32834","244","198129","1"
,"29.028682000","28.937529000","1503","296","192.168.178.95","8081","10.0.0.2","32834","244","198373","1"
,"29.028719000","28.937566000","1504","296","192.168.178.95","8081","10.0.0.2","32834","244","198617","1"
,"29.028732000","28.937579000","1505","296","192.168.178.95","8081","10.0.0.2","32834","244","198861","1"
,"29.090810000","28.999657000","1506","52","10.0.0.2","32834","192.168.178.95","8081","0","1","192517"
,"29.091871000","29.000718000","1507","296","192.168.178.95","8081","10.0.0.2","32834","244","199105","1"
,"29.091901000","29.000748000","1508","296","192.168.178.95","8081","10.0.0.2","32834","244","199349","1"
,"29.091940000","29.000787000","1509","296","192.168.178.95","8081","10.0.0.2","32834","244","199593","1"
,"29.091951000","29.000798000","1510","296","192.168.178.95","8081","10.0.0.2","32834","244","199837","1"
,"29.152822000","29.061669000","1511","52","10.0.0.2","32834","192.168.178.95","8081","0","1","193737"
,"29.153865000","29.062712000","1512","296","192.168.178.95","8081","10.0.0.2","32834","244","200081","1"
,"29.153893000","29.062740000","1513","296","192.168.178.95","8081","10.0.0.2","32834","244","200325","1"
,"29.153928000","29.062775000","1514","296","192.168.178.95","8081","10.0.0.2","32834","244","200569","1"
,"29.153938000","29.062785000","1515","296","192.168.178.95","8081","10.0.0.2","32834","244","200813","1"
,"29.153970000","29.062817000","1516","296","192.168.178.95","8081","10.0.0.2","32834","244","201057","1"
,"29.153980000","29.062827000","1517","296","192.168.178.95","8081","10.0.0.2","32834","244","201301","1"
,"29.216284000","29.125131000","1518","52","10.0.0.2","32834","192.168.178.95","8081","0","1","194957"
,"29.217342000","29.126189000","1519","296","192.168.178.95","8081","10.0.0.2","32834","244","201545","1"
,"29.217372000","29.126219000","1520","296","192.168.178.95","8081","10.0.0.2","32834","244","201789","1"
,"29.217411000","29.126258000","1521","296","192.168.178.95","8081","10.0.0.2","32834","244","202033","1"
,"29.217422000","29.126269000","1522","296","192.168.178.95","8081","10.0.0.2","32834","244","202277","1"
,"29.277410000","29.186257000","1523","52","10.0.0.2","32834","192.168.178.95","8081","0","1","196177"
,"29.278512000","29.187359000","1524","296","192.168.178.95","8081","10.0.0.2","32834","244","202521","1"
,"29.278542000","29.187389000","1525","296","192.168.178.95","8081","10.0.0.2","32834","244","202765","1"
,"29.278580000","29.187427000","1526","296","192.168.178.95","8081","10.0.0.2","32834","244","203009","1"
,"29.278591000","29.187438000","1527","296","192.168.178.95","8081","10.0.0.2","32834","244","203253","1"
,"29.278626000","29.187473000","1528","296","192.168.178.95","8081","10.0.0.2","32834","244","203497","1"
,"29.278637000","29.187484000","1529","296","192.168.178.95","8081","10.0.0.2","32834","244","203741","1"
,"29.340611000","29.249458000","1530","52","10.0.0.2","32834","192.168.178.95","8081","0","1","196665"
,"29.340635000","29.249482000","1531","52","10.0.0.2","32834","192.168.178.95","8081","0","1","197397"
,"29.341729000","29.250576000","1532","296","192.168.178.95","8081","10.0.0.2","32834","244","203985","1"
,"29.341760000","29.250607000","1533","296","192.168.178.95","8081","10.0.0.2","32834","244","204229","1"
,"29.341826000","29.250673000","1534","296","192.168.178.95","8081","10.0.0.2","32834","244","204473","1"
,"29.341838000","29.250685000","1535","296","192.168.178.95","8081","10.0.0.2","32834","244","204717","1"
,"29.403068000","29.311915000","1536","52","10.0.0.2","32834","192.168.178.95","8081","0","1","198617"
,"29.404163000","29.313010000","1537","296","192.168.178.95","8081","10.0.0.2","32834","244","204961","1"
,"29.404192000","29.313039000","1538","296","192.168.178.95","8081","10.0.0.2","32834","244","205205","1"
,"29.404233000","29.313080000","1539","296","192.168.178.95","8081","10.0.0.2","32834","244","205449","1"
,"29.404245000","29.313092000","1540","296","192.168.178.95","8081","10.0.0.2","32834","244","205693","1"
,"29.404284000","29.313131000","1541","296","192.168.178.95","8081","10.0.0.2","32834","244","205937","1"
,"29.404296000","29.313143000","1542","296","192.168.178.95","8081","10.0.0.2","32834","244","206181","1"
,"29.466283000","29.375130000","1543","52","10.0.0.2","32834","192.168.178.95","8081","0","1","199837"
,"29.467443000","29.376290000","1544","296","192.168.178.95","8081","10.0.0.2","32834","244","206425","1"
,"29.467474000","29.376321000","1545","296","192.168.178.95","8081","10.0.0.2","32834","244","206669","1"
,"29.467512000","29.376359000","1546","296","192.168.178.95","8081","10.0.0.2","32834","244","206913","1"
,"29.467523000","29.376370000","1547","296","192.168.178.95","8081","10.0.0.2","32834","244","207157","1"
,"29.527375000","29.436222000","1548","52","10.0.0.2","32834","192.168.178.95","8081","0","1","201057"
,"29.528440000","29.437287000","1549","296","192.168.178.95","8081","10.0.0.2","32834","244","207401","1"
,"29.528470000","29.437317000","1550","296","192.168.178.95","8081","10.0.0.2","32834","244","207645","1"
,"29.528508000","29.437355000","1551","296","192.168.178.95","8081","10.0.0.2","32834","244","207889","1"
,"29.528519000","29.437366000","1552","296","192.168.178.95","8081","10.0.0.2","32834","244","208133","1"
,"29.528553000","29.437400000","1553","296","192.168.178.95","8081","10.0.0.2","32834","244","208377","1"
,"29.528564000","29.437411000","1554","296","192.168.178.95","8081","10.0.0.2","32834","244","208621","1"
,"29.590853000","29.499700000","1555","52","10.0.0.2","32834","192.168.178.95","8081","0","1","202277"
,"29.591941000","29.500788000","1556","296","192.168.178.95","8081","10.0.0.2","32834","244","208865","1"
,"29.591970000","29.500817000","1557","296","192.168.178.95","8081","10.0.0.2","32834","244","209109","1"
,"29.592011000","29.500858000","1558","296","192.168.178.95","8081","10.0.0.2","32834","244","209353","1"
,"29.592024000","29.500871000","1559","296","192.168.178.95","8081","10.0.0.2","32834","244","209597","1"
,"29.653039000","29.561886000","1560","52","10.0.0.2","32834","192.168.178.95","8081","0","1","203497"
,"29.654135000","29.562982000","1561","296","192.168.178.95","8081","10.0.0.2","32834","244","209841","1"
,"29.654168000","29.563015000","1562","296","192.168.178.95","8081","10.0.0.2","32834","244","210085","1"
,"29.654208000","29.563055000","1563","296","192.168.178.95","8081","10.0.0.2","32834","244","210329","1"
,"29.654218000","29.563065000","1564","296","192.168.178.95","8081","10.0.0.2","32834","244","210573","1"
,"29.654254000","29.563101000","1565","296","192.168.178.95","8081","10.0.0.2","32834","244","210817","1"
,"29.654263000","29.563110000","1566","296","192.168.178.95","8081","10.0.0.2","32834","244","211061","1"
,"29.716027000","29.624874000","1567","52","10.0.0.2","32834","192.168.178.95","8081","0","1","204717"
,"29.717037000","29.625884000","1568","296","192.168.178.95","8081","10.0.0.2","32834","244","211305","1"
,"29.717069000","29.625916000","1569","296","192.168.178.95","8081","10.0.0.2","32834","244","211549","1"
,"29.717110000","29.625957000","1570","296","192.168.178.95","8081","10.0.0.2","32834","244","211793","1"
,"29.717121000","29.625968000","1571","296","192.168.178.95","8081","10.0.0.2","32834","244","212037","1"
,"29.777476000","29.686323000","1572","52","10.0.0.2","32834","192.168.178.95","8081","0","1","205937"
,"29.778548000","29.687395000","1573","296","192.168.178.95","8081","10.0.0.2","32834","244","212281","1"
,"29.778578000","29.687425000","1574","296","192.168.178.95","8081","10.0.0.2","32834","244","212525","1"
,"29.778617000","29.687464000","1575","296","192.168.178.95","8081","10.0.0.2","32834","244","212769","1"
,"29.778628000","29.687475000","1576","296","192.168.178.95","8081","10.0.0.2","32834","244","213013","1"
,"29.778664000","29.687511000","1577","296","192.168.178.95","8081","10.0.0.2","32834","244","213257","1"
,"29.778675000","29.687522000","1578","296","192.168.178.95","8081","10.0.0.2","32834","244","213501","1"
,"29.840659000","29.749506000","1579","52","10.0.0.2","32834","192.168.178.95","8081","0","1","207157"
,"29.841546000","29.750393000","1580","296","192.168.178.95","8081","10.0.0.2","32834","244","213745","1"
,"29.841569000","29.750416000","1581","296","192.168.178.95","8081","10.0.0.2","32834","244","213989","1"
,"29.841603000","29.750450000","1582","296","192.168.178.95","8081","10.0.0.2","32834","244","214233","1"
,"29.841612000","29.750459000","1583","296","192.168.178.95","8081","10.0.0.2","32834","244","214477","1"
,"29.902551000","29.811398000","1584","52","10.0.0.2","32834","192.168.178.95","8081","0","1","208377"
,"29.903638000","29.812485000","1585","296","192.168.178.95","8081","10.0.0.2","32834","244","214721","1"
,"29.903667000","29.812514000","1586","296","192.168.178.95","8081","10.0.0.2","32834","244","214965","1"
,"29.903706000","29.812553000","1587","296","192.168.178.95","8081","10.0.0.2","32834","244","215209","1"
,"29.903716000","29.812563000","1588","296","192.168.178.95","8081","10.0.0.2","32834","244","215453","1"
,"29.903752000","29.812599000","1589","296","192.168.178.95","8081","10.0.0.2","32834","244","215697","1"
,"29.903763000","29.812610000","1590","296","192.168.178.95","8081","10.0.0.2","32834","244","215941","1"
,"29.966050000","29.874897000","1591","52","10.0.0.2","32834","192.168.178.95","8081","0","1","209597"
,"29.967108000","29.875955000","1592","296","192.168.178.95","8081","10.0.0.2","32834","244","216185","1"
,"29.967135000","29.875982000","1593","296","192.168.178.95","8081","10.0.0.2","32834","244","216429","1"
,"29.967173000","29.876020000","1594","296","192.168.178.95","8081","10.0.0.2","32834","244","216673","1"
,"29.967184000","29.876031000","1595","296","192.168.178.95","8081","10.0.0.2","32834","244","216917","1"
,"30.028220000","29.937067000","1596","52","10.0.0.2","32834","192.168.178.95","8081","0","1","210817"
,"30.029171000","29.938018000","1597","296","192.168.178.95","8081","10.0.0.2","32834","244","217161","1"
,"30.029200000","29.938047000","1598","296","192.168.178.95","8081","10.0.0.2","32834","244","217405","1"
,"30.029241000","29.938088000","1599","296","192.168.178.95","8081","10.0.0.2","32834","244","217649","1"
,"30.029252000","29.938099000","1600","296","192.168.178.95","8081","10.0.0.2","32834","244","217893","1"
,"30.029290000","29.938137000","1601","296","192.168.178.95","8081","10.0.0.2","32834","244","218137","1"
,"30.029302000","29.938149000","1602","296","192.168.178.95","8081","10.0.0.2","32834","244","218381","1"
,"30.090468000","29.999315000","1603","52","10.0.0.2","32834","192.168.178.95","8081","0","1","212037"
,"30.091563000","30.000410000","1604","296","192.168.178.95","8081","10.0.0.2","32834","244","218625","1"
,"30.091590000","30.000437000","1605","296","192.168.178.95","8081","10.0.0.2","32834","244","218869","1"
,"30.091629000","30.000476000","1606","296","192.168.178.95","8081","10.0.0.2","32834","244","219113","1"
,"30.091641000","30.000488000","1607","296","192.168.178.95","8081","10.0.0.2","32834","244","219357","1"
,"30.091679000","30.000526000","1608","296","192.168.178.95","8081","10.0.0.2","32834","244","219601","1"
,"30.091692000","30.000539000","1609","296","192.168.178.95","8081","10.0.0.2","32834","244","219845","1"
,"30.152610000","30.061457000","1610","52","10.0.0.2","32834","192.168.178.95","8081","0","1","213257"
,"30.153711000","30.062558000","1611","296","192.168.178.95","8081","10.0.0.2","32834","244","220089","1"
,"30.153742000","30.062589000","1612","296","192.168.178.95","8081","10.0.0.2","32834","244","220333","1"
,"30.153820000","30.062667000","1613","296","192.168.178.95","8081","10.0.0.2","32834","244","220577","1"
,"30.153836000","30.062683000","1614","296","192.168.178.95","8081","10.0.0.2","32834","244","220821","1"
,"30.215796000","30.124643000","1615","52","10.0.0.2","32834","192.168.178.95","8081","0","1","214477"
,"30.216746000","30.125593000","1616","296","192.168.178.95","8081","10.0.0.2","32834","244","221065","1"
,"30.216789000","30.125636000","1617","296","192.168.178.95","8081","10.0.0.2","32834","244","221309","1"
,"30.216829000","30.125676000","1618","296","192.168.178.95","8081","10.0.0.2","32834","244","221553","1"
,"30.216839000","30.125686000","1619","296","192.168.178.95","8081","10.0.0.2","32834","244","221797","1"
,"30.216874000","30.125721000","1620","296","192.168.178.95","8081","10.0.0.2","32834","244","222041","1"
,"30.216883000","30.125730000","1621","296","192.168.178.95","8081","10.0.0.2","32834","244","222285","1"
,"30.264058000",,"1622","48",,,,,,,
,"30.277999000","30.186846000","1623","52","10.0.0.2","32834","192.168.178.95","8081","0","1","215697"
,"30.278924000","30.187771000","1624","296","192.168.178.95","8081","10.0.0.2","32834","244","222529","1"
,"30.278949000","30.187796000","1625","296","192.168.178.95","8081","10.0.0.2","32834","244","222773","1"
,"30.278983000","30.187830000","1626","296","192.168.178.95","8081","10.0.0.2","32834","244","223017","1"
,"30.278992000","30.187839000","1627","296","192.168.178.95","8081","10.0.0.2","32834","244","223261","1"
,"30.341219000","30.250066000","1628","52","10.0.0.2","32834","192.168.178.95","8081","0","1","216917"
,"30.342274000","30.251121000","1629","296","192.168.178.95","8081","10.0.0.2","32834","244","223505","1"
,"30.342304000","30.251151000","1630","296","192.168.178.95","8081","10.0.0.2","32834","244","223749","1"
,"30.342343000","30.251190000","1631","296","192.168.178.95","8081","10.0.0.2","32834","244","223993","1"
,"30.342353000","30.251200000","1632","296","192.168.178.95","8081","10.0.0.2","32834","244","224237","1"
,"30.342389000","30.251236000","1633","296","192.168.178.95","8081","10.0.0.2","32834","244","224481","1"
,"30.342399000","30.251246000","1634","296","192.168.178.95","8081","10.0.0.2","32834","244","224725","1"
,"30.403344000","30.312191000","1635","52","10.0.0.2","32834","192.168.178.95","8081","0","1","218137"
,"30.404429000","30.313276000","1636","296","192.168.178.95","8081","10.0.0.2","32834","244","224969","1"
,"30.404461000","30.313308000","1637","296","192.168.178.95","8081","10.0.0.2","32834","244","225213","1"
,"30.404498000","30.313345000","1638","296","192.168.178.95","8081","10.0.0.2","32834","244","225457","1"
,"30.404510000","30.313357000","1639","296","192.168.178.95","8081","10.0.0.2","32834","244","225701","1"
,"30.465751000","30.374598000","1640","52","10.0.0.2","32834","192.168.178.95","8081","0","1","219357"
,"30.466910000","30.375757000","1641","296","192.168.178.95","8081","10.0.0.2","32834","244","225945","1"
,"30.466941000","30.375788000","1642","296","192.168.178.95","8081","10.0.0.2","32834","244","226189","1"
,"30.466979000","30.375826000","1643","296","192.168.178.95","8081","10.0.0.2","32834","244","226433","1"
,"30.466990000","30.375837000","1644","296","192.168.178.95","8081","10.0.0.2","32834","244","226677","1"
,"30.467026000","30.375873000","1645","296","192.168.178.95","8081","10.0.0.2","32834","244","226921","1"
,"30.467037000","30.375884000","1646","296","192.168.178.95","8081","10.0.0.2","32834","244","227165","1"
,"30.527865000","30.436712000","1647","52","10.0.0.2","32834","192.168.178.95","8081","0","1","220577"
,"30.528915000","30.437762000","1648","296","192.168.178.95","8081","10.0.0.2","32834","244","227409","1"
,"30.528946000","30.437793000","1649","296","192.168.178.95","8081","10.0.0.2","32834","244","227653","1"
,"30.528984000","30.437831000","1650","296","192.168.178.95","8081","10.0.0.2","32834","244","227897","1"
,"30.528994000","30.437841000","1651","296","192.168.178.95","8081","10.0.0.2","32834","244","228141","1"
,"30.591204000","30.500051000","1652","52","10.0.0.2","32834","192.168.178.95","8081","0","1","221797"
,"30.592307000","30.501154000","1653","296","192.168.178.95","8081","10.0.0.2","32834","244","228385","1"
,"30.592339000","30.501186000","1654","296","192.168.178.95","8081","10.0.0.2","32834","244","228629","1"
,"30.592380000","30.501227000","1655","296","192.168.178.95","8081","10.0.0.2","32834","244","228873","1"
,"30.592392000","30.501239000","1656","296","192.168.178.95","8081","10.0.0.2","32834","244","229117","1"
,"30.592431000","30.501278000","1657","296","192.168.178.95","8081","10.0.0.2","32834","244","229361","1"
,"30.592443000","30.501290000","1658","296","192.168.178.95","8081","10.0.0.2","32834","244","229605","1"
,"30.653343000","30.562190000","1659","52","10.0.0.2","32834","192.168.178.95","8081","0","1","223017"
,"30.654446000","30.563293000","1660","296","192.168.178.95","8081","10.0.0.2","32834","244","229849","1"
,"30.654480000","30.563327000","1661","296","192.168.178.95","8081","10.0.0.2","32834","244","230093","1"
,"30.654523000","30.563370000","1662","296","192.168.178.95","8081","10.0.0.2","32834","244","230337","1"
,"30.654535000","30.563382000","1663","296","192.168.178.95","8081","10.0.0.2","32834","244","230581","1"
,"30.715583000","30.624430000","1664","52","10.0.0.2","32834","192.168.178.95","8081","0","1","224237"
,"30.716675000","30.625522000","1665","296","192.168.178.95","8081","10.0.0.2","32834","244","230825","1"
,"30.716705000","30.625552000","1666","296","192.168.178.95","8081","10.0.0.2","32834","244","231069","1"
,"30.716745000","30.625592000","1667","296","192.168.178.95","8081","10.0.0.2","32834","244","231313","1"
,"30.716755000","30.625602000","1668","296","192.168.178.95","8081","10.0.0.2","32834","244","231557","1"
,"30.716818000","30.625665000","1669","296","192.168.178.95","8081","10.0.0.2","32834","244","231801","1"
,"30.716832000","30.625679000","1670","296","192.168.178.95","8081","10.0.0.2","32834","244","232045","1"
,"30.777901000","30.686748000","1671","52","10.0.0.2","32834","192.168.178.95","8081","0","1","225457"
,"30.779051000","30.687898000","1672","296","192.168.178.95","8081","10.0.0.2","32834","244","232289","1"
,"30.779082000","30.687929000","1673","296","192.168.178.95","8081","10.0.0.2","32834","244","232533","1"
,"30.779121000","30.687968000","1674","296","192.168.178.95","8081","10.0.0.2","32834","244","232777","1"
,"30.779133000","30.687980000","1675","296","192.168.178.95","8081","10.0.0.2","32834","244","233021","1"
,"30.841212000","30.750059000","1676","52","10.0.0.2","32834","192.168.178.95","8081","0","1","226677"
,"30.842168000","30.751015000","1677","296","192.168.178.95","8081","10.0.0.2","32834","244","233265","1"
,"30.842199000","30.751046000","1678","296","192.168.178.95","8081","10.0.0.2","32834","244","233509","1"
,"30.842239000","30.751086000","1679","296","192.168.178.95","8081","10.0.0.2","32834","244","233753","1"
,"30.842250000","30.751097000","1680","296","192.168.178.95","8081","10.0.0.2","32834","244","233997","1"
,"30.842285000","30.751132000","1681","296","192.168.178.95","8081","10.0.0.2","32834","244","234241","1"
,"30.842294000","30.751141000","1682","296","192.168.178.95","8081","10.0.0.2","32834","244","234485","1"
,"30.902450000","30.811297000","1683","52","10.0.0.2","32834","192.168.178.95","8081","0","1","227897"
,"30.903550000","30.812397000","1684","296","192.168.178.95","8081","10.0.0.2","32834","244","234729","1"
,"30.903577000","30.812424000","1685","296","192.168.178.95","8081","10.0.0.2","32834","244","234973","1"
,"30.903615000","30.812462000","1686","296","192.168.178.95","8081","10.0.0.2","32834","244","235217","1"
,"30.903626000","30.812473000","1687","296","192.168.178.95","8081","10.0.0.2","32834","244","235461","1"
,"30.965596000","30.874443000","1688","52","10.0.0.2","32834","192.168.178.95","8081","0","1","229117"
,"30.966704000","30.875551000","1689","296","192.168.178.95","8081","10.0.0.2","32834","244","235705","1"
,"30.966734000","30.875581000","1690","296","192.168.178.95","8081","10.0.0.2","32834","244","235949","1"
,"30.966800000","30.875647000","1691","296","192.168.178.95","8081","10.0.0.2","32834","244","236193","1"
,"30.966813000","30.875660000","1692","296","192.168.178.95","8081","10.0.0.2","32834","244","236437","1"
,"30.966850000","30.875697000","1693","296","192.168.178.95","8081","10.0.0.2","32834","244","236681","1"
,"30.966861000","30.875708000","1694","296","192.168.178.95","8081","10.0.0.2","32834","244","236925","1"
,"31.027905000","30.936752000","1695","52","10.0.0.2","32834","192.168.178.95","8081","0","1","230337"
,"31.028996000","30.937843000","1696","296","192.168.178.95","8081","10.0.0.2","32834","244","237169","1"
,"31.029026000","30.937873000","1697","296","192.168.178.95","8081","10.0.0.2","32834","244","237413","1"
,"31.029063000","30.937910000","1698","296","192.168.178.95","8081","10.0.0.2","32834","244","237657","1"
,"31.029074000","30.937921000","1699","296","192.168.178.95","8081","10.0.0.2","32834","244","237901","1"
,"31.029109000","30.937956000","1700","296","192.168.178.95","8081","10.0.0.2","32834","244","238145","1"
,"31.029120000","30.937967000","1701","296","192.168.178.95","8081","10.0.0.2","32834","244","238389","1"
,"31.091304000","31.000151000","1702","52","10.0.0.2","32834","192.168.178.95","8081","0","1","231801"
,"31.092442000","31.001289000","1703","296","192.168.178.95","8081","10.0.0.2","32834","244","238633","1"
,"31.092472000","31.001319000","1704","296","192.168.178.95","8081","10.0.0.2","32834","244","238877","1"
,"31.092511000","31.001358000","1705","296","192.168.178.95","8081","10.0.0.2","32834","244","239121","1"
,"31.092522000","31.001369000","1706","296","192.168.178.95","8081","10.0.0.2","32834","244","239365","1"
,"31.092557000","31.001404000","1707","296","192.168.178.95","8081","10.0.0.2","32834","244","239609","1"
,"31.092567000","31.001414000","1708","296","192.168.178.95","8081","10.0.0.2","32834","244","239853","1"
,"31.152513000","31.061360000","1709","52","10.0.0.2","32834","192.168.178.95","8081","0","1","233021"
,"31.153524000","31.062371000","1710","296","192.168.178.95","8081","10.0.0.2","32834","244","240097","1"
,"31.153553000","31.062400000","1711","296","192.168.178.95","8081","10.0.0.2","32834","244","240341","1"
,"31.153595000","31.062442000","1712","296","192.168.178.95","8081","10.0.0.2","32834","244","240585","1"
,"31.153607000","31.062454000","1713","296","192.168.178.95","8081","10.0.0.2","32834","244","240829","1"
,"31.215807000","31.124654000","1714","52","10.0.0.2","32834","192.168.178.95","8081","0","1","234241"
,"31.216899000","31.125746000","1715","296","192.168.178.95","8081","10.0.0.2","32834","244","241073","1"
,"31.216931000","31.125778000","1716","296","192.168.178.95","8081","10.0.0.2","32834","244","241317","1"
,"31.216970000","31.125817000","1717","296","192.168.178.95","8081","10.0.0.2","32834","244","241561","1"
,"31.216981000","31.125828000","1718","296","192.168.178.95","8081","10.0.0.2","32834","244","241805","1"
,"31.217017000","31.125864000","1719","296","192.168.178.95","8081","10.0.0.2","32834","244","242049","1"
,"31.217028000","31.125875000","1720","296","192.168.178.95","8081","10.0.0.2","32834","244","242293","1"
,"31.278058000","31.186905000","1721","52","10.0.0.2","32834","192.168.178.95","8081","0","1","235461"
,"31.279180000","31.188027000","1722","296","192.168.178.95","8081","10.0.0.2","32834","244","242537","1"
,"31.279215000","31.188062000","1723","296","192.168.178.95","8081","10.0.0.2","32834","244","242781","1"
,"31.279261000","31.188108000","1724","296","192.168.178.95","8081","10.0.0.2","32834","244","243025","1"
,"31.279274000","31.188121000","1725","296","192.168.178.95","8081","10.0.0.2","32834","244","243269","1"
,"31.341386000","31.250233000","1726","52","10.0.0.2","32834","192.168.178.95","8081","0","1","236681"
,"31.342493000","31.251340000","1727","296","192.168.178.95","8081","10.0.0.2","32834","244","243513","1"
,"31.342525000","31.251372000","1728","296","192.168.178.95","8081","10.0.0.2","32834","244","243757","1"
,"31.342567000","31.251414000","1729","296","192.168.178.95","8081","10.0.0.2","32834","244","244001","1"
,"31.342578000","31.251425000","1730","296","192.168.178.95","8081","10.0.0.2","32834","244","244245","1"
,"31.342617000","31.251464000","1731","296","192.168.178.95","8081","10.0.0.2","32834","244","244489","1"
,"31.342629000","31.251476000","1732","296","192.168.178.95","8081","10.0.0.2","32834","244","244733","1"
,"31.402549000","31.311396000","1733","52","10.0.0.2","32834","192.168.178.95","8081","0","1","237901"
,"31.403642000","31.312489000","1734","296","192.168.178.95","8081","10.0.0.2","32834","244","244977","1"
,"31.403674000","31.312521000","1735","296","192.168.178.95","8081","10.0.0.2","32834","244","245221","1"
,"31.403714000","31.312561000","1736","296","192.168.178.95","8081","10.0.0.2","32834","244","245465","1"
,"31.403725000","31.312572000","1737","296","192.168.178.95","8081","10.0.0.2","32834","244","245709","1"
,"31.465876000","31.374723000","1738","52","10.0.0.2","32834","192.168.178.95","8081","0","1","239121"
,"31.466893000","31.375740000","1739","296","192.168.178.95","8081","10.0.0.2","32834","244","245953","1"
,"31.466919000","31.375766000","1740","296","192.168.178.95","8081","10.0.0.2","32834","244","246197","1"
,"31.466957000","31.375804000","1741","296","192.168.178.95","8081","10.0.0.2","32834","244","246441","1"
,"31.466968000","31.375815000","1742","296","192.168.178.95","8081","10.0.0.2","32834","244","246685","1"
,"31.467002000","31.375849000","1743","296","192.168.178.95","8081","10.0.0.2","32834","244","246929","1"
,"31.467013000","31.375860000","1744","296","192.168.178.95","8081","10.0.0.2","32834","244","247173","1"
,"31.528040000","31.436887000","1745","52","10.0.0.2","32834","192.168.178.95","8081","0","1","240341"
,"31.528993000","31.437840000","1746","296","192.168.178.95","8081","10.0.0.2","32834","244","247417","1"
,"31.529020000","31.437867000","1747","296","192.168.178.95","8081","10.0.0.2","32834","244","247661","1"
,"31.529059000","31.437906000","1748","296","192.168.178.95","8081","10.0.0.2","32834","244","247905","1"
,"31.529070000","31.437917000","1749","296","192.168.178.95","8081","10.0.0.2","32834","244","248149","1"
,"31.591278000","31.500125000","1750","52","10.0.0.2","32834","192.168.178.95","8081","0","1","241561"
,"31.592275000","31.501122000","1751","296","192.168.178.95","8081","10.0.0.2","32834","244","248393","1"
,"31.592305000","31.501152000","1752","296","192.168.178.95","8081","10.0.0.2","32834","244","248637","1"
,"31.592343000","31.501190000","1753","296","192.168.178.95","8081","10.0.0.2","32834","244","248881","1"
,"31.592354000","31.501201000","1754","296","192.168.178.95","8081","10.0.0.2","32834","244","249125","1"
,"31.592389000","31.501236000","1755","296","192.168.178.95","8081","10.0.0.2","32834","244","249369","1"
,"31.592399000","31.501246000","1756","296","192.168.178.95","8081","10.0.0.2","32834","244","249613","1"
,"31.652428000","31.561275000","1757","52","10.0.0.2","32834","192.168.178.95","8081","0","1","242781"
,"31.653461000","31.562308000","1758","296","192.168.178.95","8081","10.0.0.2","32834","244","249857","1"
,"31.653489000","31.562336000","1759","296","192.168.178.95","8081","10.0.0.2","32834","244","250101","1"
,"31.653524000","31.562371000","1760","296","192.168.178.95","8081","10.0.0.2","32834","244","250345","1"
,"31.653534000","31.562381000","1761","296","192.168.178.95","8081","10.0.0.2","32834","244","250589","1"
,"31.715336000","31.624183000","1762","52","10.0.0.2","32834","192.168.178.95","8081","0","1","244001"
,"31.716437000","31.625284000","1763","296","192.168.178.95","8081","10.0.0.2","32834","244","250833","1"
,"31.716468000","31.625315000","1764","296","192.168.178.95","8081","10.0.0.2","32834","244","251077","1"
,"31.716507000","31.625354000","1765","296","192.168.178.95","8081","10.0.0.2","32834","244","251321","1"
,"31.716517000","31.625364000","1766","296","192.168.178.95","8081","10.0.0.2","32834","244","251565","1"
,"31.716553000","31.625400000","1767","296","192.168.178.95","8081","10.0.0.2","32834","244","251809","1"
,"31.716563000","31.625410000","1768","296","192.168.178.95","8081","10.0.0.2","32834","244","252053","1"
,"31.777999000","31.686846000","1769","52","10.0.0.2","32834","192.168.178.95","8081","0","1","245221"
,"31.778966000","31.687813000","1770","296","192.168.178.95","8081","10.0.0.2","32834","244","252297","1"
,"31.778997000","31.687844000","1771","296","192.168.178.95","8081","10.0.0.2","32834","244","252541","1"
,"31.779039000","31.687886000","1772","296","192.168.178.95","8081","10.0.0.2","32834","244","252785","1"
,"31.779052000","31.687899000","1773","296","192.168.178.95","8081","10.0.0.2","32834","244","253029","1"
,"31.841228000","31.750075000","1774","52","10.0.0.2","32834","192.168.178.95","8081","0","1","246441"
,"31.842356000","31.751203000","1775","296","192.168.178.95","8081","10.0.0.2","32834","244","253273","1"
,"31.842386000","31.751233000","1776","296","192.168.178.95","8081","10.0.0.2","32834","244","253517","1"
,"31.842426000","31.751273000","1777","296","192.168.178.95","8081","10.0.0.2","32834","244","253761","1"
,"31.842437000","31.751284000","1778","296","192.168.178.95","8081","10.0.0.2","32834","244","254005","1"
,"31.842472000","31.751319000","1779","296","192.168.178.95","8081","10.0.0.2","32834","244","254249","1"
,"31.842482000","31.751329000","1780","296","192.168.178.95","8081","10.0.0.2","32834","244","254493","1"
,"31.903207000","31.812054000","1781","52","10.0.0.2","32834","192.168.178.95","8081","0","1","247661"
,"31.904189000","31.813036000","1782","296","192.168.178.95","8081","10.0.0.2","32834","244","254737","1"
,"31.904219000","31.813066000","1783","296","192.168.178.95","8081","10.0.0.2","32834","244","254981","1"
,"31.904257000","31.813104000","1784","296","192.168.178.95","8081","10.0.0.2","32834","244","255225","1"
,"31.904268000","31.813115000","1785","296","192.168.178.95","8081","10.0.0.2","32834","244","255469","1"
,"31.965626000","31.874473000","1786","52","10.0.0.2","32834","192.168.178.95","8081","0","1","248881"
,"31.966721000","31.875568000","1787","296","192.168.178.95","8081","10.0.0.2","32834","244","255713","1"
,"31.966752000","31.875599000","1788","296","192.168.178.95","8081","10.0.0.2","32834","244","255957","1"
,"31.966825000","31.875672000","1789","296","192.168.178.95","8081","10.0.0.2","32834","244","256201","1"
,"31.966839000","31.875686000","1790","296","192.168.178.95","8081","10.0.0.2","32834","244","256445","1"
,"31.966875000","31.875722000","1791","296","192.168.178.95","8081","10.0.0.2","32834","244","256689","1"
,"31.966888000","31.875735000","1792","296","192.168.178.95","8081","10.0.0.2","32834","244","256933","1"
,"32.028031000","31.936878000","1793","52","10.0.0.2","32834","192.168.178.95","8081","0","1","250101"
,"32.029104000","31.937951000","1794","296","192.168.178.95","8081","10.0.0.2","32834","244","257177","1"
,"32.029132000","31.937979000","1795","296","192.168.178.95","8081","10.0.0.2","32834","244","257421","1"
,"32.029170000","31.938017000","1796","296","192.168.178.95","8081","10.0.0.2","32834","244","257665","1"
,"32.029180000","31.938027000","1797","296","192.168.178.95","8081","10.0.0.2","32834","244","257909","1"
,"32.029217000","31.938064000","1798","296","192.168.178.95","8081","10.0.0.2","32834","244","258153","1"
,"32.029229000","31.938076000","1799","296","192.168.178.95","8081","10.0.0.2","32834","244","258397","1"
,"32.091025000","31.999872000","1800","52","10.0.0.2","32834","192.168.178.95","8081","0","1","251321"
,"32.091994000","32.000841000","1801","296","192.168.178.95","8081","10.0.0.2","32834","244","258641","1"
,"32.092023000","32.000870000","1802","296","192.168.178.95","8081","10.0.0.2","32834","244","258885","1"
,"32.092064000","32.000911000","1803","296","192.168.178.95","8081","10.0.0.2","32834","244","259129","1"
,"32.092075000","32.000922000","1804","296","192.168.178.95","8081","10.0.0.2","32834","244","259373","1"
,"32.152438000","32.061285000","1805","52","10.0.0.2","32834","192.168.178.95","8081","0","1","252541"
,"32.153534000","32.062381000","1806","296","192.168.178.95","8081","10.0.0.2","32834","244","259617","1"
,"32.153564000","32.062411000","1807","296","192.168.178.95","8081","10.0.0.2","32834","244","259861","1"
,"32.153603000","32.062450000","1808","296","192.168.178.95","8081","10.0.0.2","32834","244","260105","1"
,"32.153614000","32.062461000","1809","296","192.168.178.95","8081","10.0.0.2","32834","244","260349","1"
,"32.153650000","32.062497000","1810","296","192.168.178.95","8081","10.0.0.2","32834","244","260593","1"
,"32.153661000","32.062508000","1811","296","192.168.178.95","8081","10.0.0.2","32834","244","260837","1"
,"32.215717000","32.124564000","1812","52","10.0.0.2","32834","192.168.178.95","8081","0","1","253761"
,"32.216828000","32.125675000","1813","296","192.168.178.95","8081","10.0.0.2","32834","244","261081","1"
,"32.216859000","32.125706000","1814","296","192.168.178.95","8081","10.0.0.2","32834","244","261325","1"
,"32.216899000","32.125746000","1815","296","192.168.178.95","8081","10.0.0.2","32834","244","261569","1"
,"32.216911000","32.125758000","1816","296","192.168.178.95","8081","10.0.0.2","32834","244","261813","1"
,"32.277819000","32.186666000","1817","52","10.0.0.2","32834","192.168.178.95","8081","0","1","254981"
,"32.278876000","32.187723000","1818","296","192.168.178.95","8081","10.0.0.2","32834","244","262057","1"
,"32.278907000","32.187754000","1819","296","192.168.178.95","8081","10.0.0.2","32834","244","262301","1"
,"32.278945000","32.187792000","1820","296","192.168.178.95","8081","10.0.0.2","32834","244","262545","1"
,"32.278956000","32.187803000","1821","296","192.168.178.95","8081","10.0.0.2","32834","244","262789","1"
,"32.278990000","32.187837000","1822","296","192.168.178.95","8081","10.0.0.2","32834","244","263033","1"
,"32.279001000","32.187848000","1823","296","192.168.178.95","8081","10.0.0.2","32834","244","263277","1"
,"32.341221000","32.250068000","1824","52","10.0.0.2","32834","192.168.178.95","8081","0","1","256201"
,"32.342288000","32.251135000","1825","296","192.168.178.95","8081","10.0.0.2","32834","244","263521","1"
,"32.342318000","32.251165000","1826","296","192.168.178.95","8081","10.0.0.2","32834","244","263765","1"
,"32.342357000","32.251204000","1827","296","192.168.178.95","8081","10.0.0.2","32834","244","264009","1"
,"32.342368000","32.251215000","1828","296","192.168.178.95","8081","10.0.0.2","32834","244","264253","1"
,"32.402406000","32.311253000","1829","52","10.0.0.2","32834","192.168.178.95","8081","0","1","257421"
,"32.403509000","32.312356000","1830","296","192.168.178.95","8081","10.0.0.2","32834","244","264497","1"
,"32.403538000","32.312385000","1831","296","192.168.178.95","8081","10.0.0.2","32834","244","264741","1"
,"32.403577000","32.312424000","1832","296","192.168.178.95","8081","10.0.0.2","32834","244","264985","1"
,"32.403587000","32.312434000","1833","296","192.168.178.95","8081","10.0.0.2","32834","244","265229","1"
,"32.403624000","32.312471000","1834","296","192.168.178.95","8081","10.0.0.2","32834","244","265473","1"
,"32.403635000","32.312482000","1835","296","192.168.178.95","8081","10.0.0.2","32834","244","265717","1"
,"32.465585000","32.374432000","1836","52","10.0.0.2","32834","192.168.178.95","8081","0","1","258641"
,"32.466733000","32.375580000","1837","296","192.168.178.95","8081","10.0.0.2","32834","244","265961","1"
,"32.466763000","32.375610000","1838","296","192.168.178.95","8081","10.0.0.2","32834","244","266205","1"
,"32.466837000","32.375684000","1839","296","192.168.178.95","8081","10.0.0.2","32834","244","266449","1"
,"32.466849000","32.375696000","1840","296","192.168.178.95","8081","10.0.0.2","32834","244","266693","1"
,"32.528013000","32.436860000","1841","52","10.0.0.2","32834","192.168.178.95","8081","0","1","259861"
,"32.529081000","32.437928000","1842","296","192.168.178.95","8081","10.0.0.2","32834","244","266937","1"
,"32.529110000","32.437957000","1843","296","192.168.178.95","8081","10.0.0.2","32834","244","267181","1"
,"32.529151000","32.437998000","1844","296","192.168.178.95","8081","10.0.0.2","32834","244","267425","1"
,"32.529161000","32.438008000","1845","296","192.168.178.95","8081","10.0.0.2","32834","244","267669","1"
,"32.529195000","32.438042000","1846","296","192.168.178.95","8081","10.0.0.2","32834","244","267913","1"
,"32.529206000","32.438053000","1847","296","192.168.178.95","8081","10.0.0.2","32834","244","268157","1"
,"32.591204000","32.500051000","1848","52","10.0.0.2","32834","192.168.178.95","8081","0","1","261081"
,"32.592230000","32.501077000","1849","296","192.168.178.95","8081","10.0.0.2","32834","244","268401","1"
,"32.592261000","32.501108000","1850","296","192.168.178.95","8081","10.0.0.2","32834","244","268645","1"
,"32.592299000","32.501146000","1851","296","192.168.178.95","8081","10.0.0.2","32834","244","268889","1"
,"32.592310000","32.501157000","1852","296","192.168.178.95","8081","10.0.0.2","32834","244","269133","1"
,"32.652409000","32.561256000","1853","52","10.0.0.2","32834","192.168.178.95","8081","0","1","262301"
,"32.653357000","32.562204000","1854","296","192.168.178.95","8081","10.0.0.2","32834","244","269377","1"
,"32.653388000","32.562235000","1855","296","192.168.178.95","8081","10.0.0.2","32834","244","269621","1"
,"32.653433000","32.562280000","1856","296","192.168.178.95","8081","10.0.0.2","32834","244","269865","1"
,"32.653450000","32.562297000","1857","296","192.168.178.95","8081","10.0.0.2","32834","244","270109","1"
,"32.653499000","32.562346000","1858","296","192.168.178.95","8081","10.0.0.2","32834","244","270353","1"
,"32.653515000","32.562362000","1859","296","192.168.178.95","8081","10.0.0.2","32834","244","270597","1"
,"32.715587000","32.624434000","1860","52","10.0.0.2","32834","192.168.178.95","8081","0","1","263521"
,"32.716696000","32.625543000","1861","296","192.168.178.95","8081","10.0.0.2","32834","244","270841","1"
,"32.716725000","32.625572000","1862","296","192.168.178.95","8081","10.0.0.2","32834","244","271085","1"
,"32.716793000","32.625640000","1863","296","192.168.178.95","8081","10.0.0.2","32834","244","271329","1"
,"32.716813000","32.625660000","1864","296","192.168.178.95","8081","10.0.0.2","32834","244","271573","1"
,"32.777805000","32.686652000","1865","52","10.0.0.2","32834","192.168.178.95","8081","0","1","264741"
,"32.778716000","32.687563000","1866","296","192.168.178.95","8081","10.0.0.2","32834","244","271817","1"
,"32.778743000","32.687590000","1867","296","192.168.178.95","8081","10.0.0.2","32834","244","272061","1"
,"32.778807000","32.687654000","1868","296","192.168.178.95","8081","10.0.0.2","32834","244","272305","1"
,"32.778822000","32.687669000","1869","296","192.168.178.95","8081","10.0.0.2","32834","244","272549","1"
,"32.778858000","32.687705000","1870","296","192.168.178.95","8081","10.0.0.2","32834","244","272793","1"
,"32.778869000","32.687716000","1871","296","192.168.178.95","8081","10.0.0.2","32834","244","273037","1"
,"32.841167000","32.750014000","1872","52","10.0.0.2","32834","192.168.178.95","8081","0","1","265961"
,"32.842095000","32.750942000","1873","296","192.168.178.95","8081","10.0.0.2","32834","244","273281","1"
,"32.842122000","32.750969000","1874","296","192.168.178.95","8081","10.0.0.2","32834","244","273525","1"
,"32.842161000","32.751008000","1875","296","192.168.178.95","8081","10.0.0.2","32834","244","273769","1"
,"32.842172000","32.751019000","1876","296","192.168.178.95","8081","10.0.0.2","32834","244","274013","1"
,"32.903070000","32.811917000","1877","52","10.0.0.2","32834","192.168.178.95","8081","0","1","267181"
,"32.904149000","32.812996000","1878","296","192.168.178.95","8081","10.0.0.2","32834","244","274257","1"
,"32.904180000","32.813027000","1879","296","192.168.178.95","8081","10.0.0.2","32834","244","274501","1"
,"32.904218000","32.813065000","1880","296","192.168.178.95","8081","10.0.0.2","32834","244","274745","1"
,"32.904229000","32.813076000","1881","296","192.168.178.95","8081","10.0.0.2","32834","244","274989","1"
,"32.904265000","32.813112000","1882","296","192.168.178.95","8081","10.0.0.2","32834","244","275233","1"
,"32.904275000","32.813122000","1883","296","192.168.178.95","8081","10.0.0.2","32834","244","275477","1"
,"32.965495000","32.874342000","1884","52","10.0.0.2","32834","192.168.178.95","8081","0","1","268401"
,"32.966623000","32.875470000","1885","296","192.168.178.95","8081","10.0.0.2","32834","244","275721","1"
,"32.966653000","32.875500000","1886","296","192.168.178.95","8081","10.0.0.2","32834","244","275965","1"
,"32.966693000","32.875540000","1887","296","192.168.178.95","8081","10.0.0.2","32834","244","276209","1"
,"32.966705000","32.875552000","1888","296","192.168.178.95","8081","10.0.0.2","32834","244","276453","1"
,"33.027789000","32.936636000","1889","52","10.0.0.2","32834","192.168.178.95","8081","0","1","269621"
,"33.028699000","32.937546000","1890","296","192.168.178.95","8081","10.0.0.2","32834","244","276697","1"
,"33.028726000","32.937573000","1891","296","192.168.178.95","8081","10.0.0.2","32834","244","276941","1"
,"33.028787000","32.937634000","1892","296","192.168.178.95","8081","10.0.0.2","32834","244","277185","1"
,"33.028804000","32.937651000","1893","296","192.168.178.95","8081","10.0.0.2","32834","244","277429","1"
,"33.028842000","32.937689000","1894","296","192.168.178.95","8081","10.0.0.2","32834","244","277673","1"
,"33.028853000","32.937700000","1895","296","192.168.178.95","8081","10.0.0.2","32834","244","277917","1"
,"33.090829000","32.999676000","1896","52","10.0.0.2","32834","192.168.178.95","8081","0","1","270841"
,"33.091891000","33.000738000","1897","296","192.168.178.95","8081","10.0.0.2","32834","244","278161","1"
,"33.091922000","33.000769000","1898","296","192.168.178.95","8081","10.0.0.2","32834","244","278405","1"
,"33.091960000","33.000807000","1899","296","192.168.178.95","8081","10.0.0.2","32834","244","278649","1"
,"33.091971000","33.000818000","1900","296","192.168.178.95","8081","10.0.0.2","32834","244","278893","1"
,"33.092005000","33.000852000","1901","296","192.168.178.95","8081","10.0.0.2","32834","244","279137","1"
,"33.092016000","33.000863000","1902","296","192.168.178.95","8081","10.0.0.2","32834","244","279381","1"
,"33.153210000","33.062057000","1903","52","10.0.0.2","32834","192.168.178.95","8081","0","1","272061"
,"33.154341000","33.063188000","1904","296","192.168.178.95","8081","10.0.0.2","32834","244","279625","1"
,"33.154372000","33.063219000","1905","296","192.168.178.95","8081","10.0.0.2","32834","244","279869","1"
,"33.154411000","33.063258000","1906","296","192.168.178.95","8081","10.0.0.2","32834","244","280113","1"
,"33.154422000","33.063269000","1907","296","192.168.178.95","8081","10.0.0.2","32834","244","280357","1"
,"33.216156000","33.125003000","1908","52","10.0.0.2","32834","192.168.178.95","8081","0","1","273281"
,"33.217088000","33.125935000","1909","296","192.168.178.95","8081","10.0.0.2","32834","244","280601","1"
,"33.217117000","33.125964000","1910","296","192.168.178.95","8081","10.0.0.2","32834","244","280845","1"
,"33.217155000","33.126002000","1911","296","192.168.178.95","8081","10.0.0.2","32834","244","281089","1"
,"33.217165000","33.126012000","1912","296","192.168.178.95","8081","10.0.0.2","32834","244","281333","1"
,"33.217200000","33.126047000","1913","296","192.168.178.95","8081","10.0.0.2","32834","244","281577","1"
,"33.217211000","33.126058000","1914","296","192.168.178.95","8081","10.0.0.2","32834","244","281821","1"
,"33.277734000","33.186581000","1915","52","10.0.0.2","32834","192.168.178.95","8081","0","1","274501"
,"33.278683000","33.187530000","1916","296","192.168.178.95","8081","10.0.0.2","32834","244","282065","1"
,"33.278714000","33.187561000","1917","296","192.168.178.95","8081","10.0.0.2","32834","244","282309","1"
,"33.278754000","33.187601000","1918","296","192.168.178.95","8081","10.0.0.2","32834","244","282553","1"
,"33.278784000","33.187631000","1919","296","192.168.178.95","8081","10.0.0.2","32834","244","282797","1"
,"33.341131000","33.249978000","1920","52","10.0.0.2","32834","192.168.178.95","8081","0","1","275721"
,"33.342088000","33.250935000","1921","296","192.168.178.95","8081","10.0.0.2","32834","244","283041","1"
,"33.342116000","33.250963000","1922","296","192.168.178.95","8081","10.0.0.2","32834","244","283285","1"
,"33.342157000","33.251004000","1923","296","192.168.178.95","8081","10.0.0.2","32834","244","283529","1"
,"33.342168000","33.251015000","1924","296","192.168.178.95","8081","10.0.0.2","32834","244","283773","1"
,"33.342203000","33.251050000","1925","296","192.168.178.95","8081","10.0.0.2","32834","244","284017","1"
,"33.342215000","33.251062000","1926","296","192.168.178.95","8081","10.0.0.2","32834","244","284261","1"
,"33.402853000","33.311700000","1927","52","10.0.0.2","32834","192.168.178.95","8081","0","1","276941"
,"33.403805000","33.312652000","1928","296","192.168.178.95","8081","10.0.0.2","32834","244","284505","1"
,"33.403835000","33.312682000","1929","296","192.168.178.95","8081","10.0.0.2","32834","244","284749","1"
,"33.403875000","33.312722000","1930","296","192.168.178.95","8081","10.0.0.2","32834","244","284993","1"
,"33.403886000","33.312733000","1931","296","192.168.178.95","8081","10.0.0.2","32834","244","285237","1"
,"33.466143000","33.374990000","1932","52","10.0.0.2","32834","192.168.178.95","8081","0","1","278161"
,"33.467121000","33.375968000","1933","296","192.168.178.95","8081","10.0.0.2","32834","244","285481","1"
,"33.467145000","33.375992000","1934","296","192.168.178.95","8081","10.0.0.2","32834","244","285725","1"
,"33.467184000","33.376031000","1935","296","192.168.178.95","8081","10.0.0.2","32834","244","285969","1"
,"33.467200000","33.376047000","1936","296","192.168.178.95","8081","10.0.0.2","32834","244","286213","1"
,"33.467236000","33.376083000","1937","296","192.168.178.95","8081","10.0.0.2","32834","244","286457","1"
,"33.467248000","33.376095000","1938","296","192.168.178.95","8081","10.0.0.2","32834","244","286701","1"
,"33.528010000","33.436857000","1939","52","10.0.0.2","32834","192.168.178.95","8081","0","1","279381"
,"33.529029000","33.437876000","1940","296","192.168.178.95","8081","10.0.0.2","32834","244","286945","1"
,"33.529062000","33.437909000","1941","296","192.168.178.95","8081","10.0.0.2","32834","244","287189","1"
,"33.529104000","33.437951000","1942","296","192.168.178.95","8081","10.0.0.2","32834","244","287433","1"
,"33.529115000","33.437962000","1943","296","192.168.178.95","8081","10.0.0.2","32834","244","287677","1"
,"33.590610000","33.499457000","1944","52","10.0.0.2","32834","192.168.178.95","8081","0","1","279869"
,"33.590634000","33.499481000","1945","52","10.0.0.2","32834","192.168.178.95","8081","0","1","280601"
,"33.591597000","33.500444000","1946","296","192.168.178.95","8081","10.0.0.2","32834","244","287921","1"
,"33.591629000","33.500476000","1947","296","192.168.178.95","8081","10.0.0.2","32834","244","288165","1"
,"33.591669000","33.500516000","1948","296","192.168.178.95","8081","10.0.0.2","32834","244","288409","1"
,"33.591679000","33.500526000","1949","296","192.168.178.95","8081","10.0.0.2","32834","244","288653","1"
,"33.591716000","33.500563000","1950","296","192.168.178.95","8081","10.0.0.2","32834","244","288897","1"
,"33.591728000","33.500575000","1951","296","192.168.178.95","8081","10.0.0.2","32834","244","289141","1"
,"33.652515000","33.561362000","1952","52","10.0.0.2","32834","192.168.178.95","8081","0","1","281821"
,"33.653615000","33.562462000","1953","296","192.168.178.95","8081","10.0.0.2","32834","244","289385","1"
,"33.653647000","33.562494000","1954","296","192.168.178.95","8081","10.0.0.2","32834","244","289629","1"
,"33.653689000","33.562536000","1955","296","192.168.178.95","8081","10.0.0.2","32834","244","289873","1"
,"33.653701000","33.562548000","1956","296","192.168.178.95","8081","10.0.0.2","32834","244","290117","1"
,"33.715609000","33.624456000","1957","52","10.0.0.2","32834","192.168.178.95","8081","0","1","283041"
,"33.716568000","33.625415000","1958","296","192.168.178.95","8081","10.0.0.2","32834","244","290361","1"
,"33.716594000","33.625441000","1959","296","192.168.178.95","8081","10.0.0.2","32834","244","290605","1"
,"33.716634000","33.625481000","1960","296","192.168.178.95","8081","10.0.0.2","32834","244","290849","1"
,"33.716645000","33.625492000","1961","296","192.168.178.95","8081","10.0.0.2","32834","244","291093","1"
,"33.716682000","33.625529000","1962","296","192.168.178.95","8081","10.0.0.2","32834","244","291337","1"
,"33.716693000","33.625540000","1963","296","192.168.178.95","8081","10.0.0.2","32834","244","291581","1"
,"33.777943000","33.686790000","1964","52","10.0.0.2","32834","192.168.178.95","8081","0","1","284261"
,"33.778895000","33.687742000","1965","296","192.168.178.95","8081","10.0.0.2","32834","244","291825","1"
,"33.778928000","33.687775000","1966","296","192.168.178.95","8081","10.0.0.2","32834","244","292069","1"
,"33.778981000","33.687828000","1967","296","192.168.178.95","8081","10.0.0.2","32834","244","292313","1"
,"33.778994000","33.687841000","1968","296","192.168.178.95","8081","10.0.0.2","32834","244","292557","1"
,"33.840992000","33.749839000","1969","52","10.0.0.2","32834","192.168.178.95","8081","0","1","285481"
,"33.842095000","33.750942000","1970","296","192.168.178.95","8081","10.0.0.2","32834","244","292801","1"
,"33.842127000","33.750974000","1971","296","192.168.178.95","8081","10.0.0.2","32834","244","293045","1"
,"33.842169000","33.751016000","1972","296","192.168.178.95","8081","10.0.0.2","32834","244","293289","1"
,"33.842180000","33.751027000","1973","296","192.168.178.95","8081","10.0.0.2","32834","244","293533","1"
,"33.842218000","33.751065000","1974","296","192.168.178.95","8081","10.0.0.2","32834","244","293777","1"
,"33.842230000","33.751077000","1975","296","192.168.178.95","8081","10.0.0.2","32834","244","294021","1"
,"33.902443000","33.811290000","1976","52","10.0.0.2","32834","192.168.178.95","8081","0","1","286701"
,"33.903587000","33.812434000","1977","296","192.168.178.95","8081","10.0.0.2","32834","244","294265","1"
,"33.903620000","33.812467000","1978","296","192.168.178.95","8081","10.0.0.2","32834","244","294509","1"
,"33.903662000","33.812509000","1979","296","192.168.178.95","8081","10.0.0.2","32834","244","294753","1"
,"33.903675000","33.812522000","1980","296","192.168.178.95","8081","10.0.0.2","32834","244","294997","1"
,"33.965682000","33.874529000","1981","52","10.0.0.2","32834","192.168.178.95","8081","0","1","287921"
,"33.966872000","33.875719000","1982","296","192.168.178.95","8081","10.0.0.2","32834","244","295241","1"
,"33.966900000","33.875747000","1983","296","192.168.178.95","8081","10.0.0.2","32834","244","295485","1"
,"33.966939000","33.875786000","1984","296","192.168.178.95","8081","10.0.0.2","32834","244","295729","1"
,"33.966949000","33.875796000","1985","296","192.168.178.95","8081","10.0.0.2","32834","244","295973","1"
,"33.966984000","33.875831000","1986","296","192.168.178.95","8081","10.0.0.2","32834","244","296217","1"
,"33.966994000","33.875841000","1987","296","192.168.178.95","8081","10.0.0.2","32834","244","296461","1"
,"34.027860000","33.936707000","1988","52","10.0.0.2","32834","192.168.178.95","8081","0","1","289141"
,"34.028800000","33.937647000","1989","296","192.168.178.95","8081","10.0.0.2","32834","244","296705","1"
,"34.028829000","33.937676000","1990","296","192.168.178.95","8081","10.0.0.2","32834","244","296949","1"
,"34.028872000","33.937719000","1991","296","192.168.178.95","8081","10.0.0.2","32834","244","297193","1"
,"34.028883000","33.937730000","1992","296","192.168.178.95","8081","10.0.0.2","32834","244","297437","1"
,"34.091316000","34.000163000","1993","52","10.0.0.2","32834","192.168.178.95","8081","0","1","290361"
,"34.092247000","34.001094000","1994","296","192.168.178.95","8081","10.0.0.2","32834","244","297681","1"
,"34.092271000","34.001118000","1995","296","192.168.178.95","8081","10.0.0.2","32834","244","297925","1"
,"34.092309000","34.001156000","1996","296","192.168.178.95","8081","10.0.0.2","32834","244","298169","1"
,"34.092320000","34.001167000","1997","296","192.168.178.95","8081","10.0.0.2","32834","244","298413","1"
,"34.092357000","34.001204000","1998","296","192.168.178.95","8081","10.0.0.2","32834","244","298657","1"
,"34.092371000","34.001218000","1999","296","192.168.178.95","8081","10.0.0.2","32834","244","298901","1"
,"34.152444000","34.061291000","2000","52","10.0.0.2","32834","192.168.178.95","8081","0","1","291581"
,"34.153594000","34.062441000","2001","296","192.168.178.95","8081","10.0.0.2","32834","244","299145","1"
,"34.153622000","34.062469000","2002","296","192.168.178.95","8081","10.0.0.2","32834","244","299389","1"
,"34.153660000","34.062507000","2003","296","192.168.178.95","8081","10.0.0.2","32834","244","299633","1"
,"34.153671000","34.062518000","2004","296","192.168.178.95","8081","10.0.0.2","32834","244","299877","1"
,"34.153707000","34.062554000","2005","296","192.168.178.95","8081","10.0.0.2","32834","244","300121","1"
,"34.153719000","34.062566000","2006","296","192.168.178.95","8081","10.0.0.2","32834","244","300365","1"
,"34.215650000","34.124497000","2007","52","10.0.0.2","32834","192.168.178.95","8081","0","1","292313"
,"34.215674000","34.124521000","2008","52","10.0.0.2","32834","192.168.178.95","8081","0","1","292801"
,"34.216811000","34.125658000","2009","296","192.168.178.95","8081","10.0.0.2","32834","244","300609","1"
,"34.216842000","34.125689000","2010","296","192.168.178.95","8081","10.0.0.2","32834","244","300853","1"
,"34.216882000","34.125729000","2011","296","192.168.178.95","8081","10.0.0.2","32834","244","301097","1"
,"34.216893000","34.125740000","2012","296","192.168.178.95","8081","10.0.0.2","32834","244","301341","1"
,"34.278101000","34.186948000","2013","52","10.0.0.2","32834","192.168.178.95","8081","0","1","293289"
,"34.278127000","34.186974000","2014","52","10.0.0.2","32834","192.168.178.95","8081","0","1","294021"
,"34.279165000","34.188012000","2015","296","192.168.178.95","8081","10.0.0.2","32834","244","301585","1"
,"34.279193000","34.188040000","2016","296","192.168.178.95","8081","10.0.0.2","32834","244","301829","1"
,"34.279232000","34.188079000","2017","296","192.168.178.95","8081","10.0.0.2","32834","244","302073","1"
,"34.279242000","34.188089000","2018","296","192.168.178.95","8081","10.0.0.2","32834","244","302317","1"
,"34.279277000","34.188124000","2019","296","192.168.178.95","8081","10.0.0.2","32834","244","302561","1"
,"34.279287000","34.188134000","2020","296","192.168.178.95","8081","10.0.0.2","32834","244","302805","1"
,"34.341117000","34.249964000","2021","52","10.0.0.2","32834","192.168.178.95","8081","0","1","295241"
,"34.342181000","34.251028000","2022","296","192.168.178.95","8081","10.0.0.2","32834","244","303049","1"
,"34.342212000","34.251059000","2023","296","192.168.178.95","8081","10.0.0.2","32834","244","303293","1"
,"34.342250000","34.251097000","2024","296","192.168.178.95","8081","10.0.0.2","32834","244","303537","1"
,"34.342261000","34.251108000","2025","296","192.168.178.95","8081","10.0.0.2","32834","244","303781","1"
,"34.402726000","34.311573000","2026","52","10.0.0.2","32834","192.168.178.95","8081","0","1","296461"
,"34.403749000","34.312596000","2027","296","192.168.178.95","8081","10.0.0.2","32834","244","304025","1"
,"34.403809000","34.312656000","2028","296","192.168.178.95","8081","10.0.0.2","32834","244","304269","1"
,"34.403854000","34.312701000","2029","296","192.168.178.95","8081","10.0.0.2","32834","244","304513","1"
,"34.403867000","34.312714000","2030","296","192.168.178.95","8081","10.0.0.2","32834","244","304757","1"
,"34.403905000","34.312752000","2031","296","192.168.178.95","8081","10.0.0.2","32834","244","305001","1"
,"34.403917000","34.312764000","2032","296","192.168.178.95","8081","10.0.0.2","32834","244","305245","1"
,"34.466013000","34.374860000","2033","52","10.0.0.2","32834","192.168.178.95","8081","0","1","297193"
,"34.466035000","34.374882000","2034","52","10.0.0.2","32834","192.168.178.95","8081","0","1","297681"
,"34.467089000","34.375936000","2035","296","192.168.178.95","8081","10.0.0.2","32834","244","305489","1"
,"34.467115000","34.375962000","2036","296","192.168.178.95","8081","10.0.0.2","32834","244","305733","1"
,"34.467151000","34.375998000","2037","296","192.168.178.95","8081","10.0.0.2","32834","244","305977","1"
,"34.467160000","34.376007000","2038","296","192.168.178.95","8081","10.0.0.2","32834","244","306221","1"
,"34.527861000","34.436708000","2039","52","10.0.0.2","32834","192.168.178.95","8081","0","1","298901"
,"34.528844000","34.437691000","2040","296","192.168.178.95","8081","10.0.0.2","32834","244","306465","1"
,"34.528873000","34.437720000","2041","296","192.168.178.95","8081","10.0.0.2","32834","244","306709","1"
,"34.528911000","34.437758000","2042","296","192.168.178.95","8081","10.0.0.2","32834","244","306953","1"
,"34.528921000","34.437768000","2043","296","192.168.178.95","8081","10.0.0.2","32834","244","307197","1"
,"34.528957000","34.437804000","2044","296","192.168.178.95","8081","10.0.0.2","32834","244","307441","1"
,"34.528968000","34.437815000","2045","296","192.168.178.95","8081","10.0.0.2","32834","244","307685","1"
,"34.590534000","34.499381000","2046","52","10.0.0.2","32834","192.168.178.95","8081","0","1","300121"
,"34.591632000","34.500479000","2047","296","192.168.178.95","8081","10.0.0.2","32834","244","307929","1"
,"34.591662000","34.500509000","2048","296","192.168.178.95","8081","10.0.0.2","32834","244","308173","1"
,"34.591701000","34.500548000","2049","296","192.168.178.95","8081","10.0.0.2","32834","244","308417","1"
,"34.591712000","34.500559000","2050","296","192.168.178.95","8081","10.0.0.2","32834","244","308661","1"
,"34.652586000","34.561433000","2051","52","10.0.0.2","32834","192.168.178.95","8081","0","1","301341"
,"34.653540000","34.562387000","2052","296","192.168.178.95","8081","10.0.0.2","32834","244","308905","1"
,"34.653569000","34.562416000","2053","296","192.168.178.95","8081","10.0.0.2","32834","244","309149","1"
,"34.653622000","34.562469000","2054","296","192.168.178.95","8081","10.0.0.2","32834","244","309393","1"
,"34.653639000","34.562486000","2055","296","192.168.178.95","8081","10.0.0.2","32834","244","309637","1"
,"34.653688000","34.562535000","2056","296","192.168.178.95","8081","10.0.0.2","32834","244","309881","1"
,"34.653705000","34.562552000","2057","296","192.168.178.95","8081","10.0.0.2","32834","244","310125","1"
,"34.715896000","34.624743000","2058","52","10.0.0.2","32834","192.168.178.95","8081","0","1","302561"
,"34.716983000","34.625830000","2059","296","192.168.178.95","8081","10.0.0.2","32834","244","310369","1"
,"34.717014000","34.625861000","2060","296","192.168.178.95","8081","10.0.0.2","32834","244","310613","1"
,"34.717055000","34.625902000","2061","296","192.168.178.95","8081","10.0.0.2","32834","244","310857","1"
,"34.717066000","34.625913000","2062","296","192.168.178.95","8081","10.0.0.2","32834","244","311101","1"
,"34.777903000","34.686750000","2063","52","10.0.0.2","32834","192.168.178.95","8081","0","1","303781"
,"34.778996000","34.687843000","2064","296","192.168.178.95","8081","10.0.0.2","32834","244","311345","1"
,"34.779028000","34.687875000","2065","296","192.168.178.95","8081","10.0.0.2","32834","244","311589","1"
,"34.779071000","34.687918000","2066","296","192.168.178.95","8081","10.0.0.2","32834","244","311833","1"
,"34.779082000","34.687929000","2067","296","192.168.178.95","8081","10.0.0.2","32834","244","312077","1"
,"34.779121000","34.687968000","2068","296","192.168.178.95","8081","10.0.0.2","32834","244","312321","1"
,"34.779133000","34.687980000","2069","296","192.168.178.95","8081","10.0.0.2","32834","244","312565","1"
,"34.841343000","34.750190000","2070","52","10.0.0.2","32834","192.168.178.95","8081","0","1","305001"
,"34.842394000","34.751241000","2071","296","192.168.178.95","8081","10.0.0.2","32834","244","312809","1"
,"34.842424000","34.751271000","2072","296","192.168.178.95","8081","10.0.0.2","32834","244","313053","1"
,"34.842462000","34.751309000","2073","296","192.168.178.95","8081","10.0.0.2","32834","244","313297","1"
,"34.842472000","34.751319000","2074","296","192.168.178.95","8081","10.0.0.2","32834","244","313541","1"
,"34.902462000","34.811309000","2075","52","10.0.0.2","32834","192.168.178.95","8081","0","1","306221"
,"34.903552000","34.812399000","2076","296","192.168.178.95","8081","10.0.0.2","32834","244","313785","1"
,"34.903582000","34.812429000","2077","296","192.168.178.95","8081","10.0.0.2","32834","244","314029","1"
,"34.903620000","34.812467000","2078","296","192.168.178.95","8081","10.0.0.2","32834","244","314273","1"
,"34.903631000","34.812478000","2079","296","192.168.178.95","8081","10.0.0.2","32834","244","314517","1"
,"34.903667000","34.812514000","2080","296","192.168.178.95","8081","10.0.0.2","32834","244","314761","1"
,"34.903677000","34.812524000","2081","296","192.168.178.95","8081","10.0.0.2","32834","244","315005","1"
,"34.965602000","34.874449000","2082","52","10.0.0.2","32834","192.168.178.95","8081","0","1","307441"
,"34.966754000","34.875601000","2083","296","192.168.178.95","8081","10.0.0.2","32834","244","315249","1"
,"34.966817000","34.875664000","2084","296","192.168.178.95","8081","10.0.0.2","32834","244","315493","1"
,"34.966859000","34.875706000","2085","296","192.168.178.95","8081","10.0.0.2","32834","244","315737","1"
,"34.966870000","34.875717000","2086","296","192.168.178.95","8081","10.0.0.2","32834","244","315981","1"
,"35.028086000","34.936933000","2087","52","10.0.0.2","32834","192.168.178.95","8081","0","1","308661"
,"35.029216000","34.938063000","2088","296","192.168.178.95","8081","10.0.0.2","32834","244","316225","1"
,"35.029245000","34.938092000","2089","296","192.168.178.95","8081","10.0.0.2","32834","244","316469","1"
,"35.029283000","34.938130000","2090","296","192.168.178.95","8081","10.0.0.2","32834","244","316713","1"
,"35.029294000","34.938141000","2091","296","192.168.178.95","8081","10.0.0.2","32834","244","316957","1"
,"35.029331000","34.938178000","2092","296","192.168.178.95","8081","10.0.0.2","32834","244","317201","1"
,"35.029355000","34.938202000","2093","296","192.168.178.95","8081","10.0.0.2","32834","244","317445","1"
,"35.091264000","35.000111000","2094","52","10.0.0.2","32834","192.168.178.95","8081","0","1","309881"
,"35.092416000","35.001263000","2095","296","192.168.178.95","8081","10.0.0.2","32834","244","317689","1"
,"35.092447000","35.001294000","2096","296","192.168.178.95","8081","10.0.0.2","32834","244","317933","1"
,"35.092485000","35.001332000","2097","296","192.168.178.95","8081","10.0.0.2","32834","244","318177","1"
,"35.092496000","35.001343000","2098","296","192.168.178.95","8081","10.0.0.2","32834","244","318421","1"
,"35.152669000","35.061516000","2099","52","10.0.0.2","32834","192.168.178.95","8081","0","1","311101"
,"35.153815000","35.062662000","2100","296","192.168.178.95","8081","10.0.0.2","32834","244","318665","1"
,"35.153844000","35.062691000","2101","296","192.168.178.95","8081","10.0.0.2","32834","244","318909","1"
,"35.153883000","35.062730000","2102","296","192.168.178.95","8081","10.0.0.2","32834","244","319153","1"
,"35.153894000","35.062741000","2103","296","192.168.178.95","8081","10.0.0.2","32834","244","319397","1"
,"35.153930000","35.062777000","2104","296","192.168.178.95","8081","10.0.0.2","32834","244","319641","1"
,"35.153944000","35.062791000","2105","296","192.168.178.95","8081","10.0.0.2","32834","244","319885","1"
,"35.215896000","35.124743000","2106","52","10.0.0.2","32834","192.168.178.95","8081","0","1","312077"
,"35.215919000","35.124766000","2107","52","10.0.0.2","32834","192.168.178.95","8081","0","1","312321"
,"35.216997000","35.125844000","2108","296","192.168.178.95","8081","10.0.0.2","32834","244","320129","1"
,"35.217027000","35.125874000","2109","296","192.168.178.95","8081","10.0.0.2","32834","244","320373","1"
,"35.217066000","35.125913000","2110","296","192.168.178.95","8081","10.0.0.2","32834","244","320617","1"
,"35.217077000","35.125924000","2111","296","192.168.178.95","8081","10.0.0.2","32834","244","320861","1"
,"35.217113000","35.125960000","2112","296","192.168.178.95","8081","10.0.0.2","32834","244","321105","1"
,"35.217123000","35.125970000","2113","296","192.168.178.95","8081","10.0.0.2","32834","244","321349","1"
,"35.278084000","35.186931000","2114","52","10.0.0.2","32834","192.168.178.95","8081","0","1","313541"
,"35.279150000","35.187997000","2115","296","192.168.178.95","8081","10.0.0.2","32834","244","321593","1"
,"35.279182000","35.188029000","2116","296","192.168.178.95","8081","10.0.0.2","32834","244","321837","1"
,"35.279223000","35.188070000","2117","296","192.168.178.95","8081","10.0.0.2","32834","244","322081","1"
,"35.279235000","35.188082000","2118","296","192.168.178.95","8081","10.0.0.2","32834","244","322325","1"
,"35.340575000","35.249422000","2119","52","10.0.0.2","32834","192.168.178.95","8081","0","1","314761"
,"35.341517000","35.250364000","2120","296","192.168.178.95","8081","10.0.0.2","32834","244","322569","1"
,"35.341540000","35.250387000","2121","296","192.168.178.95","8081","10.0.0.2","32834","244","322813","1"
,"35.341581000","35.250428000","2122","296","192.168.178.95","8081","10.0.0.2","32834","244","323057","1"
,"35.341592000","35.250439000","2123","296","192.168.178.95","8081","10.0.0.2","32834","244","323301","1"
,"35.341631000","35.250478000","2124","296","192.168.178.95","8081","10.0.0.2","32834","244","323545","1"
,"35.341645000","35.250492000","2125","296","192.168.178.95","8081","10.0.0.2","32834","244","323789","1"
,"35.402658000","35.311505000","2126","52","10.0.0.2","32834","192.168.178.95","8081","0","1","315981"
,"35.403791000","35.312638000","2127","296","192.168.178.95","8081","10.0.0.2","32834","244","324033","1"
,"35.403826000","35.312673000","2128","296","192.168.178.95","8081","10.0.0.2","32834","244","324277","1"
,"35.403866000","35.312713000","2129","296","192.168.178.95","8081","10.0.0.2","32834","244","324521","1"
,"35.403877000","35.312724000","2130","296","192.168.178.95","8081","10.0.0.2","32834","244","324765","1"
,"35.465823000","35.374670000","2131","52","10.0.0.2","32834","192.168.178.95","8081","0","1","317201"
,"35.466854000","35.375701000","2132","296","192.168.178.95","8081","10.0.0.2","32834","244","325009","1"
,"35.466880000","35.375727000","2133","296","192.168.178.95","8081","10.0.0.2","32834","244","325253","1"
,"35.466919000","35.375766000","2134","296","192.168.178.95","8081","10.0.0.2","32834","244","325497","1"
,"35.466929000","35.375776000","2135","296","192.168.178.95","8081","10.0.0.2","32834","244","325741","1"
,"35.466964000","35.375811000","2136","296","192.168.178.95","8081","10.0.0.2","32834","244","325985","1"
,"35.466975000","35.375822000","2137","296","192.168.178.95","8081","10.0.0.2","32834","244","326229","1"
,"35.528222000","35.437069000","2138","52","10.0.0.2","32834","192.168.178.95","8081","0","1","318421"
,"35.529170000","35.438017000","2139","296","192.168.178.95","8081","10.0.0.2","32834","244","326473","1"
,"35.529201000","35.438048000","2140","296","192.168.178.95","8081","10.0.0.2","32834","244","326717","1"
,"35.529240000","35.438087000","2141","296","192.168.178.95","8081","10.0.0.2","32834","244","326961","1"
,"35.529251000","35.438098000","2142","296","192.168.178.95","8081","10.0.0.2","32834","244","327205","1"
,"35.591334000","35.500181000","2143","52","10.0.0.2","32834","192.168.178.95","8081","0","1","319641"
,"35.592442000","35.501289000","2144","296","192.168.178.95","8081","10.0.0.2","32834","244","327449","1"
,"35.592473000","35.501320000","2145","296","192.168.178.95","8081","10.0.0.2","32834","244","327693","1"
,"35.592511000","35.501358000","2146","296","192.168.178.95","8081","10.0.0.2","32834","244","327937","1"
,"35.592522000","35.501369000","2147","296","192.168.178.95","8081","10.0.0.2","32834","244","328181","1"
,"35.592557000","35.501404000","2148","296","192.168.178.95","8081","10.0.0.2","32834","244","328425","1"
,"35.592568000","35.501415000","2149","296","192.168.178.95","8081","10.0.0.2","32834","244","328669","1"
,"35.652447000","35.561294000","2150","52","10.0.0.2","32834","192.168.178.95","8081","0","1","320861"
,"35.653582000","35.562429000","2151","296","192.168.178.95","8081","10.0.0.2","32834","244","328913","1"
,"35.653613000","35.562460000","2152","296","192.168.178.95","8081","10.0.0.2","32834","244","329157","1"
,"35.653651000","35.562498000","2153","296","192.168.178.95","8081","10.0.0.2","32834","244","329401","1"
,"35.653662000","35.562509000","2154","296","192.168.178.95","8081","10.0.0.2","32834","244","329645","1"
,"35.715860000","35.624707000","2155","52","10.0.0.2","32834","192.168.178.95","8081","0","1","322081"
,"35.716795000","35.625642000","2156","296","192.168.178.95","8081","10.0.0.2","32834","244","329889","1"
,"35.716828000","35.625675000","2157","296","192.168.178.95","8081","10.0.0.2","32834","244","330133","1"
,"35.716872000","35.625719000","2158","296","192.168.178.95","8081","10.0.0.2","32834","244","330377","1"
,"35.716884000","35.625731000","2159","296","192.168.178.95","8081","10.0.0.2","32834","244","330621","1"
,"35.716922000","35.625769000","2160","296","192.168.178.95","8081","10.0.0.2","32834","244","330865","1"
,"35.716937000","35.625784000","2161","296","192.168.178.95","8081","10.0.0.2","32834","244","331109","1"
,"35.778011000","35.686858000","2162","52","10.0.0.2","32834","192.168.178.95","8081","0","1","323545"
,"35.779080000","35.687927000","2163","296","192.168.178.95","8081","10.0.0.2","32834","244","331353","1"
,"35.779108000","35.687955000","2164","296","192.168.178.95","8081","10.0.0.2","32834","244","331597","1"
,"35.779143000","35.687990000","2165","296","192.168.178.95","8081","10.0.0.2","32834","244","331841","1"
,"35.779153000","35.688000000","2166","296","192.168.178.95","8081","10.0.0.2","32834","244","332085","1"
,"35.779185000","35.688032000","2167","296","192.168.178.95","8081","10.0.0.2","32834","244","332329","1"
,"35.779195000","35.688042000","2168","296","192.168.178.95","8081","10.0.0.2","32834","244","332573","1"
,"35.841271000","35.750118000","2169","52","10.0.0.2","32834","192.168.178.95","8081","0","1","324765"
,"35.842354000","35.751201000","2170","296","192.168.178.95","8081","10.0.0.2","32834","244","332817","1"
,"35.842382000","35.751229000","2171","296","192.168.178.95","8081","10.0.0.2","32834","244","333061","1"
,"35.842418000","35.751265000","2172","296","192.168.178.95","8081","10.0.0.2","32834","244","333305","1"
,"35.842428000","35.751275000","2173","296","192.168.178.95","8081","10.0.0.2","32834","244","333549","1"
,"35.902592000","35.811439000","2174","52","10.0.0.2","32834","192.168.178.95","8081","0","1","325985"
,"35.903566000","35.812413000","2175","296","192.168.178.95","8081","10.0.0.2","32834","244","333793","1"
,"35.903593000","35.812440000","2176","296","192.168.178.95","8081","10.0.0.2","32834","244","334037","1"
,"35.903634000","35.812481000","2177","296","192.168.178.95","8081","10.0.0.2","32834","244","334281","1"
,"35.903645000","35.812492000","2178","296","192.168.178.95","8081","10.0.0.2","32834","244","334525","1"
,"35.903683000","35.812530000","2179","296","192.168.178.95","8081","10.0.0.2","32834","244","334769","1"
,"35.903693000","35.812540000","2180","296","192.168.178.95","8081","10.0.0.2","32834","244","335013","1"
,"35.965969000","35.874816000","2181","52","10.0.0.2","32834","192.168.178.95","8081","0","1","326717"
,"35.965992000","35.874839000","2182","52","10.0.0.2","32834","192.168.178.95","8081","0","1","327205"
,"35.967002000","35.875849000","2183","296","192.168.178.95","8081","10.0.0.2","32834","244","335257","1"
,"35.967027000","35.875874000","2184","296","192.168.178.95","8081","10.0.0.2","32834","244","335501","1"
,"35.967067000","35.875914000","2185","296","192.168.178.95","8081","10.0.0.2","32834","244","335745","1"
,"35.967078000","35.875925000","2186","296","192.168.178.95","8081","10.0.0.2","32834","244","335989","1"
,"36.028072000","35.936919000","2187","52","10.0.0.2","32834","192.168.178.95","8081","0","1","328425"
,"36.029165000","35.938012000","2188","296","192.168.178.95","8081","10.0.0.2","32834","244","336233","1"
,"36.029197000","35.938044000","2189","296","192.168.178.95","8081","10.0.0.2","32834","244","336477","1"
,"36.029239000","35.938086000","2190","296","192.168.178.95","8081","10.0.0.2","32834","244","336721","1"
,"36.029250000","35.938097000","2191","296","192.168.178.95","8081","10.0.0.2","32834","244","336965","1"
,"36.029288000","35.938135000","2192","296","192.168.178.95","8081","10.0.0.2","32834","244","337209","1"
,"36.029300000","35.938147000","2193","296","192.168.178.95","8081","10.0.0.2","32834","244","337453","1"
,"36.091393000","36.000240000","2194","52","10.0.0.2","32834","192.168.178.95","8081","0","1","329645"
,"36.092466000","36.001313000","2195","296","192.168.178.95","8081","10.0.0.2","32834","244","337697","1"
,"36.092501000","36.001348000","2196","296","192.168.178.95","8081","10.0.0.2","32834","244","337941","1"
,"36.092560000","36.001407000","2197","296","192.168.178.95","8081","10.0.0.2","32834","244","338185","1"
,"36.092580000","36.001427000","2198","296","192.168.178.95","8081","10.0.0.2","32834","244","338429","1"
,"36.152759000","36.061606000","2199","52","10.0.0.2","32834","192.168.178.95","8081","0","1","330865"
,"36.153739000","36.062586000","2200","296","192.168.178.95","8081","10.0.0.2","32834","244","338673","1"
,"36.153806000","36.062653000","2201","296","192.168.178.95","8081","10.0.0.2","32834","244","338917","1"
,"36.153866000","36.062713000","2202","296","192.168.178.95","8081","10.0.0.2","32834","244","339161","1"
,"36.153886000","36.062733000","2203","296","192.168.178.95","8081","10.0.0.2","32834","244","339405","1"
,"36.153943000","36.062790000","2204","296","192.168.178.95","8081","10.0.0.2","32834","244","339649","1"
,"36.153970000","36.062817000","2205","296","192.168.178.95","8081","10.0.0.2","32834","244","339893","1"
,"36.215835000","36.124682000","2206","52","10.0.0.2","32834","192.168.178.95","8081","0","1","332085"
,"36.216752000","36.125599000","2207","296","192.168.178.95","8081","10.0.0.2","32834","244","340137","1"
,"36.216795000","36.125642000","2208","296","192.168.178.95","8081","10.0.0.2","32834","244","340381","1"
,"36.216852000","36.125699000","2209","296","192.168.178.95","8081","10.0.0.2","32834","244","340625","1"
,"36.216869000","36.125716000","2210","296","192.168.178.95","8081","10.0.0.2","32834","244","340869","1"
,"36.278133000","36.186980000","2211","52","10.0.0.2","32834","192.168.178.95","8081","0","1","333305"
,"36.279028000","36.187875000","2212","296","192.168.178.95","8081","10.0.0.2","32834","244","341113","1"
,"36.279057000","36.187904000","2213","296","192.168.178.95","8081","10.0.0.2","32834","244","341357","1"
,"36.279113000","36.187960000","2214","296","192.168.178.95","8081","10.0.0.2","32834","244","341601","1"
,"36.279130000","36.187977000","2215","296","192.168.178.95","8081","10.0.0.2","32834","244","341845","1"
,"36.279185000","36.188032000","2216","296","192.168.178.95","8081","10.0.0.2","32834","244","342089","1"
,"36.279201000","36.188048000","2217","296","192.168.178.95","8081","10.0.0.2","32834","244","342333","1"
,"36.340973000","36.249820000","2218","52","10.0.0.2","32834","192.168.178.95","8081","0","1","334525"
,"36.341944000","36.250791000","2219","296","192.168.178.95","8081","10.0.0.2","32834","244","342577","1"
,"36.341973000","36.250820000","2220","296","192.168.178.95","8081","10.0.0.2","32834","244","342821","1"
,"36.342030000","36.250877000","2221","296","192.168.178.95","8081","10.0.0.2","32834","244","343065","1"
,"36.342051000","36.250898000","2222","296","192.168.178.95","8081","10.0.0.2","32834","244","343309","1"
,"36.342102000","36.250949000","2223","296","192.168.178.95","8081","10.0.0.2","32834","244","343553","1"
,"36.342119000","36.250966000","2224","296","192.168.178.95","8081","10.0.0.2","32834","244","343797","1"
,"36.402505000","36.311352000","2225","52","10.0.0.2","32834","192.168.178.95","8081","0","1","335745"
,"36.403454000","36.312301000","2226","296","192.168.178.95","8081","10.0.0.2","32834","244","344041","1"
,"36.403478000","36.312325000","2227","296","192.168.178.95","8081","10.0.0.2","32834","244","344285","1"
,"36.403533000","36.312380000","2228","296","192.168.178.95","8081","10.0.0.2","32834","244","344529","1"
,"36.403554000","36.312401000","2229","296","192.168.178.95","8081","10.0.0.2","32834","244","344773","1"
,"36.465792000","36.374639000","2230","52","10.0.0.2","32834","192.168.178.95","8081","0","1","336965"
,"36.466844000","36.375691000","2231","296","192.168.178.95","8081","10.0.0.2","32834","244","345017","1"
,"36.466876000","36.375723000","2232","296","192.168.178.95","8081","10.0.0.2","32834","244","345261","1"
,"36.466937000","36.375784000","2233","296","192.168.178.95","8081","10.0.0.2","32834","244","345505","1"
,"36.466958000","36.375805000","2234","296","192.168.178.95","8081","10.0.0.2","32834","244","345749","1"
,"36.467018000","36.375865000","2235","296","192.168.178.95","8081","10.0.0.2","32834","244","345993","1"
,"36.467039000","36.375886000","2236","296","192.168.178.95","8081","10.0.0.2","32834","244","346237","1"
,"36.527818000","36.436665000","2237","52","10.0.0.2","32834","192.168.178.95","8081","0","1","338185"
,"36.528719000","36.437566000","2238","296","192.168.178.95","8081","10.0.0.2","32834","244","346481","1"
,"36.528749000","36.437596000","2239","296","192.168.178.95","8081","10.0.0.2","32834","244","346725","1"
,"36.528837000","36.437684000","2240","296","192.168.178.95","8081","10.0.0.2","32834","244","346969","1"
,"36.528860000","36.437707000","2241","296","192.168.178.95","8081","10.0.0.2","32834","244","347213","1"
,"36.591219000","36.500066000","2242","52","10.0.0.2","32834","192.168.178.95","8081","0","1","339405"
,"36.592166000","36.501013000","2243","296","192.168.178.95","8081","10.0.0.2","32834","244","347457","1"
,"36.592195000","36.501042000","2244","296","192.168.178.95","8081","10.0.0.2","32834","244","347701","1"
,"36.592251000","36.501098000","2245","296","192.168.178.95","8081","10.0.0.2","32834","244","347945","1"
,"36.592272000","36.501119000","2246","296","192.168.178.95","8081","10.0.0.2","32834","244","348189","1"
,"36.592328000","36.501175000","2247","296","192.168.178.95","8081","10.0.0.2","32834","244","348433","1"
,"36.592346000","36.501193000","2248","296","192.168.178.95","8081","10.0.0.2","32834","244","348677","1"
,"36.653120000","36.561967000","2249","52","10.0.0.2","32834","192.168.178.95","8081","0","1","340625"
,"36.653978000","36.562825000","2250","296","192.168.178.95","8081","10.0.0.2","32834","244","348921","1"
,"36.654007000","36.562854000","2251","296","192.168.178.95","8081","10.0.0.2","32834","244","349165","1"
,"36.654066000","36.562913000","2252","296","192.168.178.95","8081","10.0.0.2","32834","244","349409","1"
,"36.654086000","36.562933000","2253","296","192.168.178.95","8081","10.0.0.2","32834","244","349653","1"
,"36.716360000","36.625207000","2254","52","10.0.0.2","32834","192.168.178.95","8081","0","1","341845"
,"36.717276000","36.626123000","2255","296","192.168.178.95","8081","10.0.0.2","32834","244","349897","1"
,"36.717308000","36.626155000","2256","296","192.168.178.95","8081","10.0.0.2","32834","244","350141","1"
,"36.717354000","36.626201000","2257","296","192.168.178.95","8081","10.0.0.2","32834","244","350385","1"
,"36.717367000","36.626214000","2258","296","192.168.178.95","8081","10.0.0.2","32834","244","350629","1"
,"36.717409000","36.626256000","2259","296","192.168.178.95","8081","10.0.0.2","32834","244","350873","1"
,"36.717423000","36.626270000","2260","296","192.168.178.95","8081","10.0.0.2","32834","244","351117","1"
,"36.777870000","36.686717000","2261","52","10.0.0.2","32834","192.168.178.95","8081","0","1","343065"
,"36.778847000","36.687694000","2262","296","192.168.178.95","8081","10.0.0.2","32834","244","351361","1"
,"36.778877000","36.687724000","2263","296","192.168.178.95","8081","10.0.0.2","32834","244","351605","1"
,"36.778919000","36.687766000","2264","296","192.168.178.95","8081","10.0.0.2","32834","244","351849","1"
,"36.778931000","36.687778000","2265","296","192.168.178.95","8081","10.0.0.2","32834","244","352093","1"
,"36.840713000","36.749560000","2266","52","10.0.0.2","32834","192.168.178.95","8081","0","1","344285"
,"36.841670000","36.750517000","2267","296","192.168.178.95","8081","10.0.0.2","32834","244","352337","1"
,"36.841696000","36.750543000","2268","296","192.168.178.95","8081","10.0.0.2","32834","244","352581","1"
,"36.841736000","36.750583000","2269","296","192.168.178.95","8081","10.0.0.2","32834","244","352825","1"
,"36.841746000","36.750593000","2270","296","192.168.178.95","8081","10.0.0.2","32834","244","353069","1"
,"36.841809000","36.750656000","2271","296","192.168.178.95","8081","10.0.0.2","32834","244","353313","1"
,"36.841824000","36.750671000","2272","296","192.168.178.95","8081","10.0.0.2","32834","244","353557","1"
,"36.903046000","36.811893000","2273","52","10.0.0.2","32834","192.168.178.95","8081","0","1","345505"
,"36.904077000","36.812924000","2274","296","192.168.178.95","8081","10.0.0.2","32834","244","353801","1"
,"36.904105000","36.812952000","2275","296","192.168.178.95","8081","10.0.0.2","32834","244","354045","1"
,"36.904144000","36.812991000","2276","296","192.168.178.95","8081","10.0.0.2","32834","244","354289","1"
,"36.904156000","36.813003000","2277","296","192.168.178.95","8081","10.0.0.2","32834","244","354533","1"
,"36.966186000","36.875033000","2278","52","10.0.0.2","32834","192.168.178.95","8081","0","1","346725"
,"36.967100000","36.875947000","2279","296","192.168.178.95","8081","10.0.0.2","32834","244","354777","1"
,"36.967127000","36.875974000","2280","296","192.168.178.95","8081","10.0.0.2","32834","244","355021","1"
,"36.967166000","36.876013000","2281","296","192.168.178.95","8081","10.0.0.2","32834","244","355265","1"
,"36.967176000","36.876023000","2282","296","192.168.178.95","8081","10.0.0.2","32834","244","355509","1"
,"36.967212000","36.876059000","2283","296","192.168.178.95","8081","10.0.0.2","32834","244","355753","1"
,"36.967223000","36.876070000","2284","296","192.168.178.95","8081","10.0.0.2","32834","244","355997","1"
,"37.027390000","36.936237000","2285","52","10.0.0.2","32834","192.168.178.95","8081","0","1","347945"
,"37.028548000","36.937395000","2286","296","192.168.178.95","8081","10.0.0.2","32834","244","356241","1"
,"37.028580000","36.937427000","2287","296","192.168.178.95","8081","10.0.0.2","32834","244","356485","1"
,"37.028624000","36.937471000","2288","296","192.168.178.95","8081","10.0.0.2","32834","244","356729","1"
,"37.028638000","36.937485000","2289","296","192.168.178.95","8081","10.0.0.2","32834","244","356973","1"
,"37.090758000","36.999605000","2290","52","10.0.0.2","32834","192.168.178.95","8081","0","1","349165"
,"37.091670000","37.000517000","2291","296","192.168.178.95","8081","10.0.0.2","32834","244","357217","1"
,"37.091697000","37.000544000","2292","296","192.168.178.95","8081","10.0.0.2","32834","244","357461","1"
,"37.091737000","37.000584000","2293","296","192.168.178.95","8081","10.0.0.2","32834","244","357705","1"
,"37.091747000","37.000594000","2294","296","192.168.178.95","8081","10.0.0.2","32834","244","357949","1"
,"37.091809000","37.000656000","2295","296","192.168.178.95","8081","10.0.0.2","32834","244","358193","1"
,"37.091822000","37.000669000","2296","296","192.168.178.95","8081","10.0.0.2","32834","244","358437","1"
,"37.152800000","37.061647000","2297","52","10.0.0.2","32834","192.168.178.95","8081","0","1","350385"
,"37.153913000","37.062760000","2298","296","192.168.178.95","8081","10.0.0.2","32834","244","358681","1"
,"37.153943000","37.062790000","2299","296","192.168.178.95","8081","10.0.0.2","32834","244","358925","1"
,"37.153982000","37.062829000","2300","296","192.168.178.95","8081","10.0.0.2","32834","244","359169","1"
,"37.153993000","37.062840000","2301","296","192.168.178.95","8081","10.0.0.2","32834","244","359413","1"
,"37.215972000","37.124819000","2302","52","10.0.0.2","32834","192.168.178.95","8081","0","1","351605"
,"37.217072000","37.125919000","2303","296","192.168.178.95","8081","10.0.0.2","32834","244","359657","1"
,"37.217102000","37.125949000","2304","296","192.168.178.95","8081","10.0.0.2","32834","244","359901","1"
,"37.217141000","37.125988000","2305","296","192.168.178.95","8081","10.0.0.2","32834","244","360145","1"
,"37.217151000","37.125998000","2306","296","192.168.178.95","8081","10.0.0.2","32834","244","360389","1"
,"37.217186000","37.126033000","2307","296","192.168.178.95","8081","10.0.0.2","32834","244","360633","1"
,"37.217197000","37.126044000","2308","296","192.168.178.95","8081","10.0.0.2","32834","244","360877","1"
,"37.277458000","37.186305000","2309","52","10.0.0.2","32834","192.168.178.95","8081","0","1","352825"
,"37.278476000","37.187323000","2310","296","192.168.178.95","8081","10.0.0.2","32834","244","361121","1"
,"37.278501000","37.187348000","2311","296","192.168.178.95","8081","10.0.0.2","32834","244","361365","1"
,"37.278536000","37.187383000","2312","296","192.168.178.95","8081","10.0.0.2","32834","244","361609","1"
,"37.278546000","37.187393000","2313","296","192.168.178.95","8081","10.0.0.2","32834","244","361853","1"
,"37.340576000","37.249423000","2314","52","10.0.0.2","32834","192.168.178.95","8081","0","1","354045"
,"37.341669000","37.250516000","2315","296","192.168.178.95","8081","10.0.0.2","32834","244","362097","1"
,"37.341701000","37.250548000","2316","296","192.168.178.95","8081","10.0.0.2","32834","244","362341","1"
,"37.341740000","37.250587000","2317","296","192.168.178.95","8081","10.0.0.2","32834","244","362585","1"
,"37.341751000","37.250598000","2318","296","192.168.178.95","8081","10.0.0.2","32834","244","362829","1"
,"37.341813000","37.250660000","2319","296","192.168.178.95","8081","10.0.0.2","32834","244","363073","1"
,"37.341825000","37.250672000","2320","296","192.168.178.95","8081","10.0.0.2","32834","244","363317","1"
,"37.402802000","37.311649000","2321","52","10.0.0.2","32834","192.168.178.95","8081","0","1","355021"
,"37.402833000","37.311680000","2322","52","10.0.0.2","32834","192.168.178.95","8081","0","1","355265"
,"37.403901000","37.312748000","2323","296","192.168.178.95","8081","10.0.0.2","32834","244","363561","1"
,"37.403931000","37.312778000","2324","296","192.168.178.95","8081","10.0.0.2","32834","244","363805","1"
,"37.403970000","37.312817000","2325","296","192.168.178.95","8081","10.0.0.2","32834","244","364049","1"
,"37.403980000","37.312827000","2326","296","192.168.178.95","8081","10.0.0.2","32834","244","364293","1"
,"37.404014000","37.312861000","2327","296","192.168.178.95","8081","10.0.0.2","32834","244","364537","1"
,"37.404025000","37.312872000","2328","296","192.168.178.95","8081","10.0.0.2","32834","244","364781","1"
,"37.466133000","37.374980000","2329","52","10.0.0.2","32834","192.168.178.95","8081","0","1","356485"
,"37.467228000","37.376075000","2330","296","192.168.178.95","8081","10.0.0.2","32834","244","365025","1"
,"37.467258000","37.376105000","2331","296","192.168.178.95","8081","10.0.0.2","32834","244","365269","1"
,"37.467297000","37.376144000","2332","296","192.168.178.95","8081","10.0.0.2","32834","244","365513","1"
,"37.467308000","37.376155000","2333","296","192.168.178.95","8081","10.0.0.2","32834","244","365757","1"
,"37.527343000","37.436190000","2334","52","10.0.0.2","32834","192.168.178.95","8081","0","1","357705"
,"37.528263000","37.437110000","2335","296","192.168.178.95","8081","10.0.0.2","32834","244","366001","1"
,"37.528290000","37.437137000","2336","296","192.168.178.95","8081","10.0.0.2","32834","244","366245","1"
,"37.528327000","37.437174000","2337","296","192.168.178.95","8081","10.0.0.2","32834","244","366489","1"
,"37.528338000","37.437185000","2338","296","192.168.178.95","8081","10.0.0.2","32834","244","366733","1"
,"37.528373000","37.437220000","2339","296","192.168.178.95","8081","10.0.0.2","32834","244","366977","1"
,"37.528384000","37.437231000","2340","296","192.168.178.95","8081","10.0.0.2","32834","244","367221","1"
,"37.590696000","37.499543000","2341","52","10.0.0.2","32834","192.168.178.95","8081","0","1","358925"
,"37.591815000","37.500662000","2342","296","192.168.178.95","8081","10.0.0.2","32834","244","367465","1"
,"37.591852000","37.500699000","2343","296","192.168.178.95","8081","10.0.0.2","32834","244","367709","1"
,"37.591893000","37.500740000","2344","296","192.168.178.95","8081","10.0.0.2","32834","244","367953","1"
,"37.591907000","37.500754000","2345","296","192.168.178.95","8081","10.0.0.2","32834","244","368197","1"
,"37.652784000","37.561631000","2346","52","10.0.0.2","32834","192.168.178.95","8081","0","1","360145"
,"37.653886000","37.562733000","2347","296","192.168.178.95","8081","10.0.0.2","32834","244","368441","1"
,"37.653916000","37.562763000","2348","296","192.168.178.95","8081","10.0.0.2","32834","244","368685","1"
,"37.653955000","37.562802000","2349","296","192.168.178.95","8081","10.0.0.2","32834","244","368929","1"
,"37.653966000","37.562813000","2350","296","192.168.178.95","8081","10.0.0.2","32834","244","369173","1"
,"37.654000000","37.562847000","2351","296","192.168.178.95","8081","10.0.0.2","32834","244","369417","1"
,"37.654011000","37.562858000","2352","296","192.168.178.95","8081","10.0.0.2","32834","244","369661","1"
,"37.715973000","37.624820000","2353","52","10.0.0.2","32834","192.168.178.95","8081","0","1","361365"
,"37.717063000","37.625910000","2354","296","192.168.178.95","8081","10.0.0.2","32834","244","369905","1"
,"37.717093000","37.625940000","2355","296","192.168.178.95","8081","10.0.0.2","32834","244","370149","1"
,"37.717132000","37.625979000","2356","296","192.168.178.95","8081","10.0.0.2","32834","244","370393","1"
,"37.717142000","37.625989000","2357","296","192.168.178.95","8081","10.0.0.2","32834","244","370637","1"
,"37.778198000","37.687045000","2358","52","10.0.0.2","32834","192.168.178.95","8081","0","1","362585"
,"37.779146000","37.687993000","2359","296","192.168.178.95","8081","10.0.0.2","32834","244","370881","1"
,"37.779175000","37.688022000","2360","296","192.168.178.95","8081","10.0.0.2","32834","244","371125","1"
,"37.779212000","37.688059000","2361","296","192.168.178.95","8081","10.0.0.2","32834","244","371369","1"
,"37.779223000","37.688070000","2362","296","192.168.178.95","8081","10.0.0.2","32834","244","371613","1"
,"37.779257000","37.688104000","2363","296","192.168.178.95","8081","10.0.0.2","32834","244","371857","1"
,"37.779268000","37.688115000","2364","296","192.168.178.95","8081","10.0.0.2","32834","244","372101","1"
,"37.840618000","37.749465000","2365","52","10.0.0.2","32834","192.168.178.95","8081","0","1","363805"
,"37.841714000","37.750561000","2366","296","192.168.178.95","8081","10.0.0.2","32834","244","372345","1"
,"37.841744000","37.750591000","2367","296","192.168.178.95","8081","10.0.0.2","32834","244","372589","1"
,"37.841814000","37.750661000","2368","296","192.168.178.95","8081","10.0.0.2","32834","244","372833","1"
,"37.841828000","37.750675000","2369","296","192.168.178.95","8081","10.0.0.2","32834","244","373077","1"
,"37.902640000","37.811487000","2370","52","10.0.0.2","32834","192.168.178.95","8081","0","1","365025"
,"37.903738000","37.812585000","2371","296","192.168.178.95","8081","10.0.0.2","32834","244","373321","1"
,"37.903794000","37.812641000","2372","296","192.168.178.95","8081","10.0.0.2","32834","244","373565","1"
,"37.903835000","37.812682000","2373","296","192.168.178.95","8081","10.0.0.2","32834","244","373809","1"
,"37.903846000","37.812693000","2374","296","192.168.178.95","8081","10.0.0.2","32834","244","374053","1"
,"37.903882000","37.812729000","2375","296","192.168.178.95","8081","10.0.0.2","32834","244","374297","1"
,"37.903893000","37.812740000","2376","296","192.168.178.95","8081","10.0.0.2","32834","244","374541","1"
,"37.966022000","37.874869000","2377","52","10.0.0.2","32834","192.168.178.95","8081","0","1","366245"
,"37.967093000","37.875940000","2378","296","192.168.178.95","8081","10.0.0.2","32834","244","374785","1"
,"37.967124000","37.875971000","2379","296","192.168.178.95","8081","10.0.0.2","32834","244","375029","1"
,"37.967163000","37.876010000","2380","296","192.168.178.95","8081","10.0.0.2","32834","244","375273","1"
,"37.967174000","37.876021000","2381","296","192.168.178.95","8081","10.0.0.2","32834","244","375517","1"
,"38.028196000","37.937043000","2382","52","10.0.0.2","32834","192.168.178.95","8081","0","1","367465"
,"38.029097000","37.937944000","2383","296","192.168.178.95","8081","10.0.0.2","32834","244","375761","1"
,"38.029123000","37.937970000","2384","296","192.168.178.95","8081","10.0.0.2","32834","244","376005","1"
,"38.029160000","37.938007000","2385","296","192.168.178.95","8081","10.0.0.2","32834","244","376249","1"
,"38.029170000","37.938017000","2386","296","192.168.178.95","8081","10.0.0.2","32834","244","376493","1"
,"38.029206000","37.938053000","2387","296","192.168.178.95","8081","10.0.0.2","32834","244","376737","1"
,"38.029216000","37.938063000","2388","296","192.168.178.95","8081","10.0.0.2","32834","244","376981","1"
,"38.090588000","37.999435000","2389","52","10.0.0.2","32834","192.168.178.95","8081","0","1","368685"
,"38.091651000","38.000498000","2390","296","192.168.178.95","8081","10.0.0.2","32834","244","377225","1"
,"38.091680000","38.000527000","2391","296","192.168.178.95","8081","10.0.0.2","32834","244","377469","1"
,"38.091722000","38.000569000","2392","296","192.168.178.95","8081","10.0.0.2","32834","244","377713","1"
,"38.091733000","38.000580000","2393","296","192.168.178.95","8081","10.0.0.2","32834","244","377957","1"
,"38.152609000","38.061456000","2394","52","10.0.0.2","32834","192.168.178.95","8081","0","1","369905"
,"38.153727000","38.062574000","2395","296","192.168.178.95","8081","10.0.0.2","32834","244","378201","1"
,"38.153757000","38.062604000","2396","296","192.168.178.95","8081","10.0.0.2","32834","244","378445","1"
,"38.153833000","38.062680000","2397","296","192.168.178.95","8081","10.0.0.2","32834","244","378689","1"
,"38.153847000","38.062694000","2398","296","192.168.178.95","8081","10.0.0.2","32834","244","378933","1"
,"38.153883000","38.062730000","2399","296","192.168.178.95","8081","10.0.0.2","32834","244","379177","1"
,"38.153893000","38.062740000","2400","296","192.168.178.95","8081","10.0.0.2","32834","244","379421","1"
,"38.215811000","38.124658000","2401","52","10.0.0.2","32834","192.168.178.95","8081","0","1","371125"
,"38.216735000","38.125582000","2402","296","192.168.178.95","8081","10.0.0.2","32834","244","379665","1"
,"38.216763000","38.125610000","2403","296","192.168.178.95","8081","10.0.0.2","32834","244","379909","1"
,"38.216827000","38.125674000","2404","296","192.168.178.95","8081","10.0.0.2","32834","244","380153","1"
,"38.216840000","38.125687000","2405","296","192.168.178.95","8081","10.0.0.2","32834","244","380397","1"
,"38.278230000","38.187077000","2406","52","10.0.0.2","32834","192.168.178.95","8081","0","1","372345"
,"38.279312000","38.188159000","2407","296","192.168.178.95","8081","10.0.0.2","32834","244","380641","1"
,"38.279343000","38.188190000","2408","296","192.168.178.95","8081","10.0.0.2","32834","244","380885","1"
,"38.279382000","38.188229000","2409","296","192.168.178.95","8081","10.0.0.2","32834","244","381129","1"
,"38.279393000","38.188240000","2410","296","192.168.178.95","8081","10.0.0.2","32834","244","381373","1"
,"38.279428000","38.188275000","2411","296","192.168.178.95","8081","10.0.0.2","32834","244","381617","1"
,"38.279439000","38.188286000","2412","296","192.168.178.95","8081","10.0.0.2","32834","244","381861","1"
,"38.341217000","38.250064000","2413","52","10.0.0.2","32834","192.168.178.95","8081","0","1","373565"
,"38.342275000","38.251122000","2414","296","192.168.178.95","8081","10.0.0.2","32834","244","382105","1"
,"38.342308000","38.251155000","2415","296","192.168.178.95","8081","10.0.0.2","32834","244","382349","1"
,"38.342351000","38.251198000","2416","296","192.168.178.95","8081","10.0.0.2","32834","244","382593","1"
,"38.342362000","38.251209000","2417","296","192.168.178.95","8081","10.0.0.2","32834","244","382837","1"
,"38.402566000","38.311413000","2418","52","10.0.0.2","32834","192.168.178.95","8081","0","1","374785"
,"38.403665000","38.312512000","2419","296","192.168.178.95","8081","10.0.0.2","32834","244","383081","1"
,"38.403692000","38.312539000","2420","296","192.168.178.95","8081","10.0.0.2","32834","244","383325","1"
,"38.403731000","38.312578000","2421","296","192.168.178.95","8081","10.0.0.2","32834","244","383569","1"
,"38.403743000","38.312590000","2422","296","192.168.178.95","8081","10.0.0.2","32834","244","383813","1"
,"38.403811000","38.312658000","2423","296","192.168.178.95","8081","10.0.0.2","32834","244","384057","1"
,"38.403828000","38.312675000","2424","296","192.168.178.95","8081","10.0.0.2","32834","244","384301","1"
,"38.466038000","38.374885000","2425","52","10.0.0.2","32834","192.168.178.95","8081","0","1","376005"
,"38.466989000","38.375836000","2426","296","192.168.178.95","8081","10.0.0.2","32834","244","384545","1"
,"38.467014000","38.375861000","2427","296","192.168.178.95","8081","10.0.0.2","32834","244","384789","1"
,"38.467052000","38.375899000","2428","296","192.168.178.95","8081","10.0.0.2","32834","244","385033","1"
,"38.467063000","38.375910000","2429","296","192.168.178.95","8081","10.0.0.2","32834","244","385277","1"
,"38.527923000","38.436770000","2430","52","10.0.0.2","32834","192.168.178.95","8081","0","1","377225"
,"38.528994000","38.437841000","2431","296","192.168.178.95","8081","10.0.0.2","32834","244","385521","1"
,"38.529024000","38.437871000","2432","296","192.168.178.95","8081","10.0.0.2","32834","244","385765","1"
,"38.529063000","38.437910000","2433","296","192.168.178.95","8081","10.0.0.2","32834","244","386009","1"
,"38.529074000","38.437921000","2434","296","192.168.178.95","8081","10.0.0.2","32834","244","386253","1"
,"38.529109000","38.437956000","2435","296","192.168.178.95","8081","10.0.0.2","32834","244","386497","1"
,"38.529119000","38.437966000","2436","296","192.168.178.95","8081","10.0.0.2","32834","244","386741","1"
,"38.590414000","38.499261000","2437","52","10.0.0.2","32834","192.168.178.95","8081","0","1","378445"
,"38.591509000","38.500356000","2438","296","192.168.178.95","8081","10.0.0.2","32834","244","386985","1"
,"38.591539000","38.500386000","2439","296","192.168.178.95","8081","10.0.0.2","32834","244","387229","1"
,"38.591577000","38.500424000","2440","296","192.168.178.95","8081","10.0.0.2","32834","244","387473","1"
,"38.591589000","38.500436000","2441","296","192.168.178.95","8081","10.0.0.2","32834","244","387717","1"
,"38.591624000","38.500471000","2442","296","192.168.178.95","8081","10.0.0.2","32834","244","387961","1"
,"38.591635000","38.500482000","2443","296","192.168.178.95","8081","10.0.0.2","32834","244","388205","1"
,"38.652542000","38.561389000","2444","52","10.0.0.2","32834","192.168.178.95","8081","0","1","379665"
,"38.653617000","38.562464000","2445","296","192.168.178.95","8081","10.0.0.2","32834","244","388449","1"
,"38.653648000","38.562495000","2446","296","192.168.178.95","8081","10.0.0.2","32834","244","388693","1"
,"38.653686000","38.562533000","2447","296","192.168.178.95","8081","10.0.0.2","32834","244","388937","1"
,"38.653696000","38.562543000","2448","296","192.168.178.95","8081","10.0.0.2","32834","244","389181","1"
,"38.715708000","38.624555000","2449","52","10.0.0.2","32834","192.168.178.95","8081","0","1","380885"
,"38.716833000","38.625680000","2450","296","192.168.178.95","8081","10.0.0.2","32834","244","389425","1"
,"38.716866000","38.625713000","2451","296","192.168.178.95","8081","10.0.0.2","32834","244","389669","1"
,"38.716905000","38.625752000","2452","296","192.168.178.95","8081","10.0.0.2","32834","244","389913","1"
,"38.716917000","38.625764000","2453","296","192.168.178.95","8081","10.0.0.2","32834","244","390157","1"
,"38.716952000","38.625799000","2454","296","192.168.178.95","8081","10.0.0.2","32834","244","390401","1"
,"38.716962000","38.625809000","2455","296","192.168.178.95","8081","10.0.0.2","32834","244","390645","1"
,"38.778108000","38.686955000","2456","52","10.0.0.2","32834","192.168.178.95","8081","0","1","382105"
,"38.779078000","38.687925000","2457","296","192.168.178.95","8081","10.0.0.2","32834","244","390889","1"
,"38.779109000","38.687956000","2458","296","192.168.178.95","8081","10.0.0.2","32834","244","391133","1"
,"38.779155000","38.688002000","2459","296","192.168.178.95","8081","10.0.0.2","32834","244","391377","1"
,"38.779168000","38.688015000","2460","296","192.168.178.95","8081","10.0.0.2","32834","244","391621","1"
,"38.841156000","38.750003000","2461","52","10.0.0.2","32834","192.168.178.95","8081","0","1","383325"
,"38.842198000","38.751045000","2462","296","192.168.178.95","8081","10.0.0.2","32834","244","391865","1"
,"38.842228000","38.751075000","2463","296","192.168.178.95","8081","10.0.0.2","32834","244","392109","1"
,"38.842266000","38.751113000","2464","296","192.168.178.95","8081","10.0.0.2","32834","244","392353","1"
,"38.842276000","38.751123000","2465","296","192.168.178.95","8081","10.0.0.2","32834","244","392597","1"
,"38.842311000","38.751158000","2466","296","192.168.178.95","8081","10.0.0.2","32834","244","392841","1"
,"38.842321000","38.751168000","2467","296","192.168.178.95","8081","10.0.0.2","32834","244","393085","1"
,"38.902547000","38.811394000","2468","52","10.0.0.2","32834","192.168.178.95","8081","0","1","384545"
,"38.903621000","38.812468000","2469","296","192.168.178.95","8081","10.0.0.2","32834","244","393329","1"
,"38.903649000","38.812496000","2470","296","192.168.178.95","8081","10.0.0.2","32834","244","393573","1"
,"38.903687000","38.812534000","2471","296","192.168.178.95","8081","10.0.0.2","32834","244","393817","1"
,"38.903699000","38.812546000","2472","296","192.168.178.95","8081","10.0.0.2","32834","244","394061","1"
,"38.965890000","38.874737000","2473","52","10.0.0.2","32834","192.168.178.95","8081","0","1","385521"
,"38.965914000","38.874761000","2474","52","10.0.0.2","32834","192.168.178.95","8081","0","1","385765"
,"38.966845000","38.875692000","2475","296","192.168.178.95","8081","10.0.0.2","32834","244","394305","1"
,"38.966871000","38.875718000","2476","296","192.168.178.95","8081","10.0.0.2","32834","244","394549","1"
,"38.966910000","38.875757000","2477","296","192.168.178.95","8081","10.0.0.2","32834","244","394793","1"
,"38.966921000","38.875768000","2478","296","192.168.178.95","8081","10.0.0.2","32834","244","395037","1"
,"38.966955000","38.875802000","2479","296","192.168.178.95","8081","10.0.0.2","32834","244","395281","1"
,"38.966965000","38.875812000","2480","296","192.168.178.95","8081","10.0.0.2","32834","244","395525","1"
,"39.028258000","38.937105000","2481","52","10.0.0.2","32834","192.168.178.95","8081","0","1","386985"
,"39.029279000","38.938126000","2482","296","192.168.178.95","8081","10.0.0.2","32834","244","395769","1"
,"39.029306000","38.938153000","2483","296","192.168.178.95","8081","10.0.0.2","32834","244","396013","1"
,"39.029345000","38.938192000","2484","296","192.168.178.95","8081","10.0.0.2","32834","244","396257","1"
,"39.029359000","38.938206000","2485","296","192.168.178.95","8081","10.0.0.2","32834","244","396501","1"
,"39.091261000","39.000108000","2486","52","10.0.0.2","32834","192.168.178.95","8081","0","1","388205"
,"39.092356000","39.001203000","2487","296","192.168.178.95","8081","10.0.0.2","32834","244","396745","1"
,"39.092388000","39.001235000","2488","296","192.168.178.95","8081","10.0.0.2","32834","244","396989","1"
,"39.092430000","39.001277000","2489","296","192.168.178.95","8081","10.0.0.2","32834","244","397233","1"
,"39.092442000","39.001289000","2490","296","192.168.178.95","8081","10.0.0.2","32834","244","397477","1"
,"39.092482000","39.001329000","2491","296","192.168.178.95","8081","10.0.0.2","32834","244","397721","1"
,"39.092494000","39.001341000","2492","296","192.168.178.95","8081","10.0.0.2","32834","244","397965","1"
,"39.152588000","39.061435000","2493","52","10.0.0.2","32834","192.168.178.95","8081","0","1","389425"
,"39.153684000","39.062531000","2494","296","192.168.178.95","8081","10.0.0.2","32834","244","398209","1"
,"39.153713000","39.062560000","2495","296","192.168.178.95","8081","10.0.0.2","32834","244","398453","1"
,"39.153752000","39.062599000","2496","296","192.168.178.95","8081","10.0.0.2","32834","244","398697","1"
,"39.153762000","39.062609000","2497","296","192.168.178.95","8081","10.0.0.2","32834","244","398941","1"
,"39.215858000","39.124705000","2498","52","10.0.0.2","32834","192.168.178.95","8081","0","1","390645"
,"39.216954000","39.125801000","2499","296","192.168.178.95","8081","10.0.0.2","32834","244","399185","1"
,"39.216985000","39.125832000","2500","296","192.168.178.95","8081","10.0.0.2","32834","244","399429","1"
,"39.217024000","39.125871000","2501","296","192.168.178.95","8081","10.0.0.2","32834","244","399673","1"
,"39.217035000","39.125882000","2502","296","192.168.178.95","8081","10.0.0.2","32834","244","399917","1"
,"39.217071000","39.125918000","2503","296","192.168.178.95","8081","10.0.0.2","32834","244","400161","1"
,"39.217082000","39.125929000","2504","296","192.168.178.95","8081","10.0.0.2","32834","244","400405","1"
,"39.278042000","39.186889000","2505","52","10.0.0.2","32834","192.168.178.95","8081","0","1","391865"
,"39.279097000","39.187944000","2506","296","192.168.178.95","8081","10.0.0.2","32834","244","400649","1"
,"39.279128000","39.187975000","2507","296","192.168.178.95","8081","10.0.0.2","32834","244","400893","1"
,"39.279166000","39.188013000","2508","296","192.168.178.95","8081","10.0.0.2","32834","244","401137","1"
,"39.279176000","39.188023000","2509","296","192.168.178.95","8081","10.0.0.2","32834","244","401381","1"
,"39.340458000","39.249305000","2510","52","10.0.0.2","32834","192.168.178.95","8081","0","1","393085"
,"39.341348000","39.250195000","2511","296","192.168.178.95","8081","10.0.0.2","32834","244","401625","1"
,"39.341375000","39.250222000","2512","296","192.168.178.95","8081","10.0.0.2","32834","244","401869","1"
,"39.341414000","39.250261000","2513","296","192.168.178.95","8081","10.0.0.2","32834","244","402113","1"
,"39.341425000","39.250272000","2514","296","192.168.178.95","8081","10.0.0.2","32834","244","402357","1"
,"39.341460000","39.250307000","2515","296","192.168.178.95","8081","10.0.0.2","32834","244","402601","1"
,"39.341471000","39.250318000","2516","296","192.168.178.95","8081","10.0.0.2","32834","244","402845","1"
,"39.402587000","39.311434000","2517","52","10.0.0.2","32834","192.168.178.95","8081","0","1","394305"
,"39.403697000","39.312544000","2518","296","192.168.178.95","8081","10.0.0.2","32834","244","403089","1"
,"39.403726000","39.312573000","2519","296","192.168.178.95","8081","10.0.0.2","32834","244","403333","1"
,"39.403796000","39.312643000","2520","296","192.168.178.95","8081","10.0.0.2","32834","244","403577","1"
,"39.403811000","39.312658000","2521","296","192.168.178.95","8081","10.0.0.2","32834","244","403821","1"
,"39.465792000","39.374639000","2522","52","10.0.0.2","32834","192.168.178.95","8081","0","1","395525"
,"39.466807000","39.375654000","2523","296","192.168.178.95","8081","10.0.0.2","32834","244","404065","1"
,"39.466834000","39.375681000","2524","296","192.168.178.95","8081","10.0.0.2","32834","244","404309","1"
,"39.466872000","39.375719000","2525","296","192.168.178.95","8081","10.0.0.2","32834","244","404553","1"
,"39.466882000","39.375729000","2526","296","192.168.178.95","8081","10.0.0.2","32834","244","404797","1"
,"39.466918000","39.375765000","2527","296","192.168.178.95","8081","10.0.0.2","32834","244","405041","1"
,"39.466928000","39.375775000","2528","296","192.168.178.95","8081","10.0.0.2","32834","244","405285","1"
,"39.528136000","39.436983000","2529","52","10.0.0.2","32834","192.168.178.95","8081","0","1","396745"
,"39.529070000","39.437917000","2530","296","192.168.178.95","8081","10.0.0.2","32834","244","405529","1"
,"39.529097000","39.437944000","2531","296","192.168.178.95","8081","10.0.0.2","32834","244","405773","1"
,"39.529135000","39.437982000","2532","296","192.168.178.95","8081","10.0.0.2","32834","244","406017","1"
,"39.529146000","39.437993000","2533","296","192.168.178.95","8081","10.0.0.2","32834","244","406261","1"
,"39.591259000","39.500106000","2534","52","10.0.0.2","32834","192.168.178.95","8081","0","1","397965"
,"39.592357000","39.501204000","2535","296","192.168.178.95","8081","10.0.0.2","32834","244","406505","1"
,"39.592387000","39.501234000","2536","296","192.168.178.95","8081","10.0.0.2","32834","244","406749","1"
,"39.592426000","39.501273000","2537","296","192.168.178.95","8081","10.0.0.2","32834","244","406993","1"
,"39.592436000","39.501283000","2538","296","192.168.178.95","8081","10.0.0.2","32834","244","407237","1"
,"39.592471000","39.501318000","2539","296","192.168.178.95","8081","10.0.0.2","32834","244","407481","1"
,"39.592481000","39.501328000","2540","296","192.168.178.95","8081","10.0.0.2","32834","244","407725","1"
,"39.652636000","39.561483000","2541","52","10.0.0.2","32834","192.168.178.95","8081","0","1","399185"
,"39.653730000","39.562577000","2542","296","192.168.178.95","8081","10.0.0.2","32834","244","407969","1"
,"39.653758000","39.562605000","2543","296","192.168.178.95","8081","10.0.0.2","32834","244","408213","1"
,"39.653827000","39.562674000","2544","296","192.168.178.95","8081","10.0.0.2","32834","244","408457","1"
,"39.653839000","39.562686000","2545","296","192.168.178.95","8081","10.0.0.2","32834","244","408701","1"
,"39.715742000","39.624589000","2546","52","10.0.0.2","32834","192.168.178.95","8081","0","1","399917"
,"39.715778000","39.624625000","2547","52","10.0.0.2","32834","192.168.178.95","8081","0","1","400405"
,"39.716869000","39.625716000","2548","296","192.168.178.95","8081","10.0.0.2","32834","244","408945","1"
,"39.716900000","39.625747000","2549","296","192.168.178.95","8081","10.0.0.2","32834","244","409189","1"
,"39.716939000","39.625786000","2550","296","192.168.178.95","8081","10.0.0.2","32834","244","409433","1"
,"39.716950000","39.625797000","2551","296","192.168.178.95","8081","10.0.0.2","32834","244","409677","1"
,"39.716985000","39.625832000","2552","296","192.168.178.95","8081","10.0.0.2","32834","244","409921","1"
,"39.716995000","39.625842000","2553","296","192.168.178.95","8081","10.0.0.2","32834","244","410165","1"
,"39.777998000","39.686845000","2554","52","10.0.0.2","32834","192.168.178.95","8081","0","1","401625"
,"39.778924000","39.687771000","2555","296","192.168.178.95","8081","10.0.0.2","32834","244","410409","1"
,"39.778952000","39.687799000","2556","296","192.168.178.95","8081","10.0.0.2","32834","244","410653","1"
,"39.778990000","39.687837000","2557","296","192.168.178.95","8081","10.0.0.2","32834","244","410897","1"
,"39.779001000","39.687848000","2558","296","192.168.178.95","8081","10.0.0.2","32834","244","411141","1"
,"39.779035000","39.687882000","2559","296","192.168.178.95","8081","10.0.0.2","32834","244","411385","1"
,"39.779045000","39.687892000","2560","296","192.168.178.95","8081","10.0.0.2","32834","244","411629","1"
,"39.841388000","39.750235000","2561","52","10.0.0.2","32834","192.168.178.95","8081","0","1","402845"
,"39.842487000","39.751334000","2562","296","192.168.178.95","8081","10.0.0.2","32834","244","411873","1"
,"39.842519000","39.751366000","2563","296","192.168.178.95","8081","10.0.0.2","32834","244","412117","1"
,"39.842557000","39.751404000","2564","296","192.168.178.95","8081","10.0.0.2","32834","244","412361","1"
,"39.842568000","39.751415000","2565","296","192.168.178.95","8081","10.0.0.2","32834","244","412605","1"
,"39.903220000","39.812067000","2566","52","10.0.0.2","32834","192.168.178.95","8081","0","1","404065"
,"39.904231000","39.813078000","2567","296","192.168.178.95","8081","10.0.0.2","32834","244","412849","1"
,"39.904259000","39.813106000","2568","296","192.168.178.95","8081","10.0.0.2","32834","244","413093","1"
,"39.904295000","39.813142000","2569","296","192.168.178.95","8081","10.0.0.2","32834","244","413337","1"
,"39.904305000","39.813152000","2570","296","192.168.178.95","8081","10.0.0.2","32834","244","413581","1"
,"39.904339000","39.813186000","2571","296","192.168.178.95","8081","10.0.0.2","32834","244","413825","1"
,"39.904349000","39.813196000","2572","296","192.168.178.95","8081","10.0.0.2","32834","244","414069","1"
,"39.965716000","39.874563000","2573","52","10.0.0.2","32834","192.168.178.95","8081","0","1","404553"
,"39.965741000","39.874588000","2574","52","10.0.0.2","32834","192.168.178.95","8081","0","1","405285"
,"39.966812000","39.875659000","2575","296","192.168.178.95","8081","10.0.0.2","32834","244","414313","1"
,"39.966854000","39.875701000","2576","296","192.168.178.95","8081","10.0.0.2","32834","244","414557","1"
,"39.966905000","39.875752000","2577","296","192.168.178.95","8081","10.0.0.2","32834","244","414801","1"
,"39.966919000","39.875766000","2578","296","192.168.178.95","8081","10.0.0.2","32834","244","415045","1"
,"40.028156000","39.937003000","2579","52","10.0.0.2","32834","192.168.178.95","8081","0","1","406017"
,"40.028181000","39.937028000","2580","52","10.0.0.2","32834","192.168.178.95","8081","0","1","406505"
,"40.029114000","39.937961000","2581","296","192.168.178.95","8081","10.0.0.2","32834","244","415289","1"
,"40.029135000","39.937982000","2582","296","192.168.178.95","8081","10.0.0.2","32834","244","415533","1"
,"40.029177000","39.938024000","2583","296","192.168.178.95","8081","10.0.0.2","32834","244","415777","1"
,"40.029193000","39.938040000","2584","296","192.168.178.95","8081","10.0.0.2","32834","244","416021","1"
,"40.029245000","39.938092000","2585","296","192.168.178.95","8081","10.0.0.2","32834","244","416265","1"
,"40.029266000","39.938113000","2586","296","192.168.178.95","8081","10.0.0.2","32834","244","416509","1"
,"40.090508000","39.999355000","2587","52","10.0.0.2","32834","192.168.178.95","8081","0","1","407481"
,"40.090531000","39.999378000","2588","52","10.0.0.2","32834","192.168.178.95","8081","0","1","407725"
,"40.091632000","40.000479000","2589","296","192.168.178.95","8081","10.0.0.2","32834","244","416753","1"
,"40.091671000","40.000518000","2590","296","192.168.178.95","8081","10.0.0.2","32834","244","416997","1"
,"40.091723000","40.000570000","2591","296","192.168.178.95","8081","10.0.0.2","32834","244","417241","1"
,"40.091736000","40.000583000","2592","296","192.168.178.95","8081","10.0.0.2","32834","244","417485","1"
,"40.152989000","40.061836000","2593","52","10.0.0.2","32834","192.168.178.95","8081","0","1","408213"
,"40.153015000","40.061862000","2594","52","10.0.0.2","32834","192.168.178.95","8081","0","1","408457"
,"40.153025000","40.061872000","2595","52","10.0.0.2","32834","192.168.178.95","8081","0","1","408945"
,"40.154095000","40.062942000","2596","296","192.168.178.95","8081","10.0.0.2","32834","244","417729","1"
,"40.154136000","40.062983000","2597","296","192.168.178.95","8081","10.0.0.2","32834","244","417973","1"
,"40.154193000","40.063040000","2598","296","192.168.178.95","8081","10.0.0.2","32834","244","418217","1"
,"40.154215000","40.063062000","2599","296","192.168.178.95","8081","10.0.0.2","32834","244","418461","1"
,"40.154254000","40.063101000","2600","296","192.168.178.95","8081","10.0.0.2","32834","244","418705","1"
,"40.154266000","40.063113000","2601","296","192.168.178.95","8081","10.0.0.2","32834","244","418949","1"
,"40.215862000","40.124709000","2602","52","10.0.0.2","32834","192.168.178.95","8081","0","1","409433"
,"40.215888000","40.124735000","2603","52","10.0.0.2","32834","192.168.178.95","8081","0","1","410165"
,"40.216873000","40.125720000","2604","296","192.168.178.95","8081","10.0.0.2","32834","244","419193","1"
,"40.216902000","40.125749000","2605","296","192.168.178.95","8081","10.0.0.2","32834","244","419437","1"
,"40.216942000","40.125789000","2606","296","192.168.178.95","8081","10.0.0.2","32834","244","419681","1"
,"40.216954000","40.125801000","2607","296","192.168.178.95","8081","10.0.0.2","32834","244","419925","1"
,"40.278224000","40.187071000","2608","52","10.0.0.2","32834","192.168.178.95","8081","0","1","410897"
,"40.278250000","40.187097000","2609","52","10.0.0.2","32834","192.168.178.95","8081","0","1","411385"
,"40.279231000","40.188078000","2610","296","192.168.178.95","8081","10.0.0.2","32834","244","420169","1"
,"40.279263000","40.188110000","2611","296","192.168.178.95","8081","10.0.0.2","32834","244","420413","1"
,"40.279320000","40.188167000","2612","296","192.168.178.95","8081","10.0.0.2","32834","244","420657","1"
,"40.279346000","40.188193000","2613","296","192.168.178.95","8081","10.0.0.2","32834","244","420901","1"
,"40.279405000","40.188252000","2614","296","192.168.178.95","8081","10.0.0.2","32834","244","421145","1"
,"40.279428000","40.188275000","2615","296","192.168.178.95","8081","10.0.0.2","32834","244","421389","1"
,"40.341024000","40.249871000","2616","52","10.0.0.2","32834","192.168.178.95","8081","0","1","412117"
,"40.341049000","40.249896000","2617","52","10.0.0.2","32834","192.168.178.95","8081","0","1","412605"
,"40.342033000","40.250880000","2618","296","192.168.178.95","8081","10.0.0.2","32834","244","421633","1"
,"40.342061000","40.250908000","2619","296","192.168.178.95","8081","10.0.0.2","32834","244","421877","1"
,"40.342098000","40.250945000","2620","296","192.168.178.95","8081","10.0.0.2","32834","244","422121","1"
,"40.342109000","40.250956000","2621","296","192.168.178.95","8081","10.0.0.2","32834","244","422365","1"
,"40.402384000","40.311231000","2622","52","10.0.0.2","32834","192.168.178.95","8081","0","1","413093"
,"40.402396000","40.311243000","2623","52","10.0.0.2","32834","192.168.178.95","8081","0","1","413825"
,"40.403277000","40.312124000","2624","296","192.168.178.95","8081","10.0.0.2","32834","244","422609","1"
,"40.403293000","40.312140000","2625","296","192.168.178.95","8081","10.0.0.2","32834","244","422853","1"
,"40.403311000","40.312158000","2626","296","192.168.178.95","8081","10.0.0.2","32834","244","423097","1"
,"40.403315000","40.312162000","2627","296","192.168.178.95","8081","10.0.0.2","32834","244","423341","1"
,"40.403331000","40.312178000","2628","296","192.168.178.95","8081","10.0.0.2","32834","244","423585","1"
,"40.403336000","40.312183000","2629","296","192.168.178.95","8081","10.0.0.2","32834","244","423829","1"
,"40.465757000","40.374604000","2630","52","10.0.0.2","32834","192.168.178.95","8081","0","1","414313"
,"40.465800000","40.374647000","2631","52","10.0.0.2","32834","192.168.178.95","8081","0","1","415289"
,"40.466821000","40.375668000","2632","296","192.168.178.95","8081","10.0.0.2","32834","244","424073","1"
,"40.466860000","40.375707000","2633","296","192.168.178.95","8081","10.0.0.2","32834","244","424317","1"
,"40.466908000","40.375755000","2634","296","192.168.178.95","8081","10.0.0.2","32834","244","424561","1"
,"40.466921000","40.375768000","2635","296","192.168.178.95","8081","10.0.0.2","32834","244","424805","1"
,"40.466955000","40.375802000","2636","296","192.168.178.95","8081","10.0.0.2","32834","244","425049","1"
,"40.466966000","40.375813000","2637","296","192.168.178.95","8081","10.0.0.2","32834","244","425293","1"
,"40.527467000","40.436314000","2638","52","10.0.0.2","32834","192.168.178.95","8081","0","1","415777"
,"40.527491000","40.436338000","2639","52","10.0.0.2","32834","192.168.178.95","8081","0","1","416509"
,"40.528641000","40.437488000","2640","296","192.168.178.95","8081","10.0.0.2","32834","244","425537","1"
,"40.528668000","40.437515000","2641","296","192.168.178.95","8081","10.0.0.2","32834","244","425781","1"
,"40.528705000","40.437552000","2642","296","192.168.178.95","8081","10.0.0.2","32834","244","426025","1"
,"40.528715000","40.437562000","2643","296","192.168.178.95","8081","10.0.0.2","32834","244","426269","1"
,"40.590793000","40.499640000","2644","52","10.0.0.2","32834","192.168.178.95","8081","0","1","417241"
,"40.590823000","40.499670000","2645","52","10.0.0.2","32834","192.168.178.95","8081","0","1","417729"
,"40.591911000","40.500758000","2646","296","192.168.178.95","8081","10.0.0.2","32834","244","426513","1"
,"40.591939000","40.500786000","2647","296","192.168.178.95","8081","10.0.0.2","32834","244","426757","1"
,"40.591975000","40.500822000","2648","296","192.168.178.95","8081","10.0.0.2","32834","244","427001","1"
,"40.591986000","40.500833000","2649","296","192.168.178.95","8081","10.0.0.2","32834","244","427245","1"
,"40.592020000","40.500867000","2650","296","192.168.178.95","8081","10.0.0.2","32834","244","427489","1"
,"40.592031000","40.500878000","2651","296","192.168.178.95","8081","10.0.0.2","32834","244","427733","1"
,"40.653032000","40.561879000","2652","52","10.0.0.2","32834","192.168.178.95","8081","0","1","418217"
,"40.653057000","40.561904000","2653","52","10.0.0.2","32834","192.168.178.95","8081","0","1","418949"
,"40.654006000","40.562853000","2654","296","192.168.178.95","8081","10.0.0.2","32834","244","427977","1"
,"40.654029000","40.562876000","2655","296","192.168.178.95","8081","10.0.0.2","32834","244","428221","1"
,"40.654066000","40.562913000","2656","296","192.168.178.95","8081","10.0.0.2","32834","244","428465","1"
,"40.654076000","40.562923000","2657","296","192.168.178.95","8081","10.0.0.2","32834","244","428709","1"
,"40.715431000","40.624278000","2658","52","10.0.0.2","32834","192.168.178.95","8081","0","1","419437"
,"40.715458000","40.624305000","2659","52","10.0.0.2","32834","192.168.178.95","8081","0","1","420169"
,"40.716550000","40.625397000","2660","296","192.168.178.95","8081","10.0.0.2","32834","244","428953","1"
,"40.716587000","40.625434000","2661","296","192.168.178.95","8081","10.0.0.2","32834","244","429197","1"
,"40.716637000","40.625484000","2662","296","192.168.178.95","8081","10.0.0.2","32834","244","429441","1"
,"40.716651000","40.625498000","2663","296","192.168.178.95","8081","10.0.0.2","32834","244","429685","1"
,"40.716688000","40.625535000","2664","296","192.168.178.95","8081","10.0.0.2","32834","244","429929","1"
,"40.716700000","40.625547000","2665","296","192.168.178.95","8081","10.0.0.2","32834","244","430173","1"
,"40.777658000","40.686505000","2666","52","10.0.0.2","32834","192.168.178.95","8081","0","1","420657"
,"40.777682000","40.686529000","2667","52","10.0.0.2","32834","192.168.178.95","8081","0","1","421389"
,"40.778762000","40.687609000","2668","296","192.168.178.95","8081","10.0.0.2","32834","244","430417","1"
,"40.778815000","40.687662000","2669","296","192.168.178.95","8081","10.0.0.2","32834","244","430661","1"
,"40.778854000","40.687701000","2670","296","192.168.178.95","8081","10.0.0.2","32834","244","430905","1"
,"40.778864000","40.687711000","2671","296","192.168.178.95","8081","10.0.0.2","32834","244","431149","1"
,"40.840680000","40.749527000","2672","52","10.0.0.2","32834","192.168.178.95","8081","0","1","421633"
,"40.840707000","40.749554000","2673","52","10.0.0.2","32834","192.168.178.95","8081","0","1","422609"
,"40.841598000","40.750445000","2674","296","192.168.178.95","8081","10.0.0.2","32834","244","431393","1"
,"40.841636000","40.750483000","2675","296","192.168.178.95","8081","10.0.0.2","32834","244","431637","1"
,"40.841677000","40.750524000","2676","296","192.168.178.95","8081","10.0.0.2","32834","244","431881","1"
,"40.841688000","40.750535000","2677","296","192.168.178.95","8081","10.0.0.2","32834","244","432125","1"
,"40.841725000","40.750572000","2678","296","192.168.178.95","8081","10.0.0.2","32834","244","432369","1"
,"40.841736000","40.750583000","2679","296","192.168.178.95","8081","10.0.0.2","32834","244","432613","1"
,"40.903157000","40.812004000","2680","52","10.0.0.2","32834","192.168.178.95","8081","0","1","423097"
,"40.903182000","40.812029000","2681","52","10.0.0.2","32834","192.168.178.95","8081","0","1","423829"
,"40.904220000","40.813067000","2682","296","192.168.178.95","8081","10.0.0.2","32834","244","432857","1"
,"40.904256000","40.813103000","2683","296","192.168.178.95","8081","10.0.0.2","32834","244","433101","1"
,"40.904295000","40.813142000","2684","296","192.168.178.95","8081","10.0.0.2","32834","244","433345","1"
,"40.904305000","40.813152000","2685","296","192.168.178.95","8081","10.0.0.2","32834","244","433589","1"
,"40.904341000","40.813188000","2686","296","192.168.178.95","8081","10.0.0.2","32834","244","433833","1"
,"40.904351000","40.813198000","2687","296","192.168.178.95","8081","10.0.0.2","32834","244","434077","1"
,"40.966039000","40.874886000","2688","52","10.0.0.2","32834","192.168.178.95","8081","0","1","424317"
,"40.966064000","40.874911000","2689","52","10.0.0.2","32834","192.168.178.95","8081","0","1","425049"
,"40.967009000","40.875856000","2690","296","192.168.178.95","8081","10.0.0.2","32834","244","434321","1"
,"40.967042000","40.875889000","2691","296","192.168.178.95","8081","10.0.0.2","32834","244","434565","1"
,"40.967081000","40.875928000","2692","296","192.168.178.95","8081","10.0.0.2","32834","244","434809","1"
,"40.967092000","40.875939000","2693","296","192.168.178.95","8081","10.0.0.2","32834","244","435053","1"
,"41.027915000","40.936762000","2694","52","10.0.0.2","32834","192.168.178.95","8081","0","1","426025"
,"41.027942000","40.936789000","2695","52","10.0.0.2","32834","192.168.178.95","8081","0","1","426269"
,"41.029053000","40.937900000","2696","296","192.168.178.95","8081","10.0.0.2","32834","244","435297","1"
,"41.029090000","40.937937000","2697","296","192.168.178.95","8081","10.0.0.2","32834","244","435541","1"
,"41.029132000","40.937979000","2698","296","192.168.178.95","8081","10.0.0.2","32834","244","435785","1"
,"41.029144000","40.937991000","2699","296","192.168.178.95","8081","10.0.0.2","32834","244","436029","1"
,"41.029182000","40.938029000","2700","296","192.168.178.95","8081","10.0.0.2","32834","244","436273","1"
,"41.029193000","40.938040000","2701","296","192.168.178.95","8081","10.0.0.2","32834","244","436517","1"
,"41.091358000","41.000205000","2702","52","10.0.0.2","32834","192.168.178.95","8081","0","1","427001"
,"41.091384000","41.000231000","2703","52","10.0.0.2","32834","192.168.178.95","8081","0","1","427489"
,"41.092340000","41.001187000","2704","296","192.168.178.95","8081","10.0.0.2","32834","244","436761","1"
,"41.092375000","41.001222000","2705","296","192.168.178.95","8081","10.0.0.2","32834","244","437005","1"
,"41.092413000","41.001260000","2706","296","192.168.178.95","8081","10.0.0.2","32834","244","437249","1"
,"41.092424000","41.001271000","2707","296","192.168.178.95","8081","10.0.0.2","32834","244","437493","1"
,"41.152712000","41.061559000","2708","52","10.0.0.2","32834","192.168.178.95","8081","0","1","427977"
,"41.152735000","41.061582000","2709","52","10.0.0.2","32834","192.168.178.95","8081","0","1","428709"
,"41.153843000","41.062690000","2710","296","192.168.178.95","8081","10.0.0.2","32834","244","437737","1"
,"41.153879000","41.062726000","2711","296","192.168.178.95","8081","10.0.0.2","32834","244","437981","1"
,"41.153919000","41.062766000","2712","296","192.168.178.95","8081","10.0.0.2","32834","244","438225","1"
,"41.153930000","41.062777000","2713","296","192.168.178.95","8081","10.0.0.2","32834","244","438469","1"
,"41.153965000","41.062812000","2714","296","192.168.178.95","8081","10.0.0.2","32834","244","438713","1"
,"41.153975000","41.062822000","2715","296","192.168.178.95","8081","10.0.0.2","32834","244","438957","1"
,"41.215789000","41.124636000","2716","52","10.0.0.2","32834","192.168.178.95","8081","0","1","429441"
,"41.215823000","41.124670000","2717","52","10.0.0.2","32834","192.168.178.95","8081","0","1","429929"
,"41.216913000","41.125760000","2718","296","192.168.178.95","8081","10.0.0.2","32834","244","439201","1"
,"41.216949000","41.125796000","2719","296","192.168.178.95","8081","10.0.0.2","32834","244","439445","1"
,"41.216988000","41.125835000","2720","296","192.168.178.95","8081","10.0.0.2","32834","244","439689","1"
,"41.216998000","41.125845000","2721","296","192.168.178.95","8081","10.0.0.2","32834","244","439933","1"
,"41.278029000","41.186876000","2722","52","10.0.0.2","32834","192.168.178.95","8081","0","1","430661"
,"41.278054000","41.186901000","2723","52","10.0.0.2","32834","192.168.178.95","8081","0","1","431149"
,"41.279135000","41.187982000","2724","296","192.168.178.95","8081","10.0.0.2","32834","244","440177","1"
,"41.279170000","41.188017000","2725","296","192.168.178.95","8081","10.0.0.2","32834","244","440421","1"
,"41.279209000","41.188056000","2726","296","192.168.178.95","8081","10.0.0.2","32834","244","440665","1"
,"41.279219000","41.188066000","2727","296","192.168.178.95","8081","10.0.0.2","32834","244","440909","1"
,"41.279254000","41.188101000","2728","296","192.168.178.95","8081","10.0.0.2","32834","244","441153","1"
,"41.279264000","41.188111000","2729","296","192.168.178.95","8081","10.0.0.2","32834","244","441397","1"
,"41.340421000","41.249268000","2730","52","10.0.0.2","32834","192.168.178.95","8081","0","1","432125"
,"41.340448000","41.249295000","2731","52","10.0.0.2","32834","192.168.178.95","8081","0","1","432369"
,"41.341571000","41.250418000","2732","296","192.168.178.95","8081","10.0.0.2","32834","244","441641","1"
,"41.341605000","41.250452000","2733","296","192.168.178.95","8081","10.0.0.2","32834","244","441885","1"
,"41.341648000","41.250495000","2734","296","192.168.178.95","8081","10.0.0.2","32834","244","442129","1"
,"41.341664000","41.250511000","2735","296","192.168.178.95","8081","10.0.0.2","32834","244","442373","1"
,"41.402624000","41.311471000","2736","52","10.0.0.2","32834","192.168.178.95","8081","0","1","433101"
,"41.402651000","41.311498000","2737","52","10.0.0.2","32834","192.168.178.95","8081","0","1","433589"
,"41.403618000","41.312465000","2738","296","192.168.178.95","8081","10.0.0.2","32834","244","442617","1"
,"41.403651000","41.312498000","2739","296","192.168.178.95","8081","10.0.0.2","32834","244","442861","1"
,"41.403693000","41.312540000","2740","296","192.168.178.95","8081","10.0.0.2","32834","244","443105","1"
,"41.403704000","41.312551000","2741","296","192.168.178.95","8081","10.0.0.2","32834","244","443349","1"
,"41.403743000","41.312590000","2742","296","192.168.178.95","8081","10.0.0.2","32834","244","443593","1"
,"41.403754000","41.312601000","2743","296","192.168.178.95","8081","10.0.0.2","32834","244","443837","1"
,"41.465896000","41.374743000","2744","52","10.0.0.2","32834","192.168.178.95","8081","0","1","434321"
,"41.465921000","41.374768000","2745","52","10.0.0.2","32834","192.168.178.95","8081","0","1","434809"
,"41.467051000","41.375898000","2746","296","192.168.178.95","8081","10.0.0.2","32834","244","444081","1"
,"41.467085000","41.375932000","2747","296","192.168.178.95","8081","10.0.0.2","32834","244","444325","1"
,"41.467128000","41.375975000","2748","296","192.168.178.95","8081","10.0.0.2","32834","244","444569","1"
,"41.467139000","41.375986000","2749","296","192.168.178.95","8081","10.0.0.2","32834","244","444813","1"
,"41.528026000","41.436873000","2750","52","10.0.0.2","32834","192.168.178.95","8081","0","1","435297"
,"41.528050000","41.436897000","2751","52","10.0.0.2","32834","192.168.178.95","8081","0","1","436029"
,"41.529144000","41.437991000","2752","296","192.168.178.95","8081","10.0.0.2","32834","244","445057","1"
,"41.529179000","41.438026000","2753","296","192.168.178.95","8081","10.0.0.2","32834","244","445301","1"
,"41.529217000","41.438064000","2754","296","192.168.178.95","8081","10.0.0.2","32834","244","445545","1"
,"41.529228000","41.438075000","2755","296","192.168.178.95","8081","10.0.0.2","32834","244","445789","1"
,"41.529263000","41.438110000","2756","296","192.168.178.95","8081","10.0.0.2","32834","244","446033","1"
,"41.529273000","41.438120000","2757","296","192.168.178.95","8081","10.0.0.2","32834","244","446277","1"
,"41.590333000","41.499180000","2758","52","10.0.0.2","32834","192.168.178.95","8081","0","1","436517"
,"41.590360000","41.499207000","2759","52","10.0.0.2","32834","192.168.178.95","8081","0","1","437249"
,"41.591473000","41.500320000","2760","296","192.168.178.95","8081","10.0.0.2","32834","244","446521","1"
,"41.591507000","41.500354000","2761","296","192.168.178.95","8081","10.0.0.2","32834","244","446765","1"
,"41.591548000","41.500395000","2762","296","192.168.178.95","8081","10.0.0.2","32834","244","447009","1"
,"41.591560000","41.500407000","2763","296","192.168.178.95","8081","10.0.0.2","32834","244","447253","1"
,"41.652568000","41.561415000","2764","52","10.0.0.2","32834","192.168.178.95","8081","0","1","437737"
,"41.652595000","41.561442000","2765","52","10.0.0.2","32834","192.168.178.95","8081","0","1","438469"
,"41.653673000","41.562520000","2766","296","192.168.178.95","8081","10.0.0.2","32834","244","447497","1"
,"41.653710000","41.562557000","2767","296","192.168.178.95","8081","10.0.0.2","32834","244","447741","1"
,"41.653752000","41.562599000","2768","296","192.168.178.95","8081","10.0.0.2","32834","244","447985","1"
,"41.653764000","41.562611000","2769","296","192.168.178.95","8081","10.0.0.2","32834","244","448229","1"
,"41.653834000","41.562681000","2770","296","192.168.178.95","8081","10.0.0.2","32834","244","448473","1"
,"41.653847000","41.562694000","2771","296","192.168.178.95","8081","10.0.0.2","32834","244","448717","1"
,"41.715803000","41.624650000","2772","52","10.0.0.2","32834","192.168.178.95","8081","0","1","438957"
,"41.715833000","41.624680000","2773","52","10.0.0.2","32834","192.168.178.95","8081","0","1","439689"
,"41.716960000","41.625807000","2774","296","192.168.178.95","8081","10.0.0.2","32834","244","448961","1"
,"41.716997000","41.625844000","2775","296","192.168.178.95","8081","10.0.0.2","32834","244","449205","1"
,"41.717039000","41.625886000","2776","296","192.168.178.95","8081","10.0.0.2","32834","244","449449","1"
,"41.717052000","41.625899000","2777","296","192.168.178.95","8081","10.0.0.2","32834","244","449693","1"
,"41.778208000","41.687055000","2778","52","10.0.0.2","32834","192.168.178.95","8081","0","1","440177"
,"41.778235000","41.687082000","2779","52","10.0.0.2","32834","192.168.178.95","8081","0","1","440909"
,"41.779344000","41.688191000","2780","296","192.168.178.95","8081","10.0.0.2","32834","244","449937","1"
,"41.779382000","41.688229000","2781","296","192.168.178.95","8081","10.0.0.2","32834","244","450181","1"
,"41.779424000","41.688271000","2782","296","192.168.178.95","8081","10.0.0.2","32834","244","450425","1"
,"41.779436000","41.688283000","2783","296","192.168.178.95","8081","10.0.0.2","32834","244","450669","1"
,"41.779474000","41.688321000","2784","296","192.168.178.95","8081","10.0.0.2","32834","244","450913","1"
,"41.779485000","41.688332000","2785","296","192.168.178.95","8081","10.0.0.2","32834","244","451157","1"
,"41.840486000","41.749333000","2786","52","10.0.0.2","32834","192.168.178.95","8081","0","1","441397"
,"41.840515000","41.749362000","2787","52","10.0.0.2","32834","192.168.178.95","8081","0","1","442129"
,"41.841659000","41.750506000","2788","296","192.168.178.95","8081","10.0.0.2","32834","244","451401","1"
,"41.841701000","41.750548000","2789","296","192.168.178.95","8081","10.0.0.2","32834","244","451645","1"
,"41.841749000","41.750596000","2790","296","192.168.178.95","8081","10.0.0.2","32834","244","451889","1"
,"41.841762000","41.750609000","2791","296","192.168.178.95","8081","10.0.0.2","32834","244","452133","1"
,"41.902653000","41.811500000","2792","52","10.0.0.2","32834","192.168.178.95","8081","0","1","442617"
,"41.902676000","41.811523000","2793","52","10.0.0.2","32834","192.168.178.95","8081","0","1","443349"
,"41.903826000","41.812673000","2794","296","192.168.178.95","8081","10.0.0.2","32834","244","452377","1"
,"41.903862000","41.812709000","2795","296","192.168.178.95","8081","10.0.0.2","32834","244","452621","1"
,"41.903900000","41.812747000","2796","296","192.168.178.95","8081","10.0.0.2","32834","244","452865","1"
,"41.903911000","41.812758000","2797","296","192.168.178.95","8081","10.0.0.2","32834","244","453109","1"
,"41.903946000","41.812793000","2798","296","192.168.178.95","8081","10.0.0.2","32834","244","453353","1"
,"41.903956000","41.812803000","2799","296","192.168.178.95","8081","10.0.0.2","32834","244","453597","1"
,"41.966007000","41.874854000","2800","52","10.0.0.2","32834","192.168.178.95","8081","0","1","444081"
,"41.966033000","41.874880000","2801","52","10.0.0.2","32834","192.168.178.95","8081","0","1","444569"
,"41.967011000","41.875858000","2802","296","192.168.178.95","8081","10.0.0.2","32834","244","453841","1"
,"41.967042000","41.875889000","2803","296","192.168.178.95","8081","10.0.0.2","32834","244","454085","1"
,"41.967081000","41.875928000","2804","296","192.168.178.95","8081","10.0.0.2","32834","244","454329","1"
,"41.967091000","41.875938000","2805","296","192.168.178.95","8081","10.0.0.2","32834","244","454573","1"
,"41.967127000","41.875974000","2806","296","192.168.178.95","8081","10.0.0.2","32834","244","454817","1"
,"41.967137000","41.875984000","2807","296","192.168.178.95","8081","10.0.0.2","32834","244","455061","1"
,"42.028132000","41.936979000","2808","52","10.0.0.2","32834","192.168.178.95","8081","0","1","445301"
,"42.028158000","41.937005000","2809","52","10.0.0.2","32834","192.168.178.95","8081","0","1","445789"
,"42.029289000","41.938136000","2810","296","192.168.178.95","8081","10.0.0.2","32834","244","455305","1"
,"42.029324000","41.938171000","2811","296","192.168.178.95","8081","10.0.0.2","32834","244","455549","1"
,"42.029364000","41.938211000","2812","296","192.168.178.95","8081","10.0.0.2","32834","244","455793","1"
,"42.029375000","41.938222000","2813","296","192.168.178.95","8081","10.0.0.2","32834","244","456037","1"
,"42.090499000","41.999346000","2814","52","10.0.0.2","32834","192.168.178.95","8081","0","1","446765"
,"42.090524000","41.999371000","2815","52","10.0.0.2","32834","192.168.178.95","8081","0","1","447009"
,"42.091540000","42.000387000","2816","296","192.168.178.95","8081","10.0.0.2","32834","244","456281","1"
,"42.091571000","42.000418000","2817","296","192.168.178.95","8081","10.0.0.2","32834","244","456525","1"
,"42.091609000","42.000456000","2818","296","192.168.178.95","8081","10.0.0.2","32834","244","456769","1"
,"42.091620000","42.000467000","2819","296","192.168.178.95","8081","10.0.0.2","32834","244","457013","1"
,"42.091655000","42.000502000","2820","296","192.168.178.95","8081","10.0.0.2","32834","244","457257","1"
,"42.091665000","42.000512000","2821","296","192.168.178.95","8081","10.0.0.2","32834","244","457501","1"
,"42.152640000","42.061487000","2822","52","10.0.0.2","32834","192.168.178.95","8081","0","1","447741"
,"42.152665000","42.061512000","2823","52","10.0.0.2","32834","192.168.178.95","8081","0","1","448229"
,"42.153825000","42.062672000","2824","296","192.168.178.95","8081","10.0.0.2","32834","244","457745","1"
,"42.153860000","42.062707000","2825","296","192.168.178.95","8081","10.0.0.2","32834","244","457989","1"
,"42.153900000","42.062747000","2826","296","192.168.178.95","8081","10.0.0.2","32834","244","458233","1"
,"42.153910000","42.062757000","2827","296","192.168.178.95","8081","10.0.0.2","32834","244","458477","1"
,"42.215934000","42.124781000","2828","52","10.0.0.2","32834","192.168.178.95","8081","0","1","448717"
,"42.215957000","42.124804000","2829","52","10.0.0.2","32834","192.168.178.95","8081","0","1","449449"
,"42.217045000","42.125892000","2830","296","192.168.178.95","8081","10.0.0.2","32834","244","458721","1"
,"42.217080000","42.125927000","2831","296","192.168.178.95","8081","10.0.0.2","32834","244","458965","1"
,"42.217118000","42.125965000","2832","296","192.168.178.95","8081","10.0.0.2","32834","244","459209","1"
,"42.217128000","42.125975000","2833","296","192.168.178.95","8081","10.0.0.2","32834","244","459453","1"
,"42.217163000","42.126010000","2834","296","192.168.178.95","8081","10.0.0.2","32834","244","459697","1"
,"42.217173000","42.126020000","2835","296","192.168.178.95","8081","10.0.0.2","32834","244","459941","1"
,"42.277535000","42.186382000","2836","52","10.0.0.2","32834","192.168.178.95","8081","0","1","450425"
,"42.277560000","42.186407000","2837","52","10.0.0.2","32834","192.168.178.95","8081","0","1","450669"
,"42.278731000","42.187578000","2838","296","192.168.178.95","8081","10.0.0.2","32834","244","460185","1"
,"42.278801000","42.187648000","2839","296","192.168.178.95","8081","10.0.0.2","32834","244","460429","1"
,"42.278847000","42.187694000","2840","296","192.168.178.95","8081","10.0.0.2","32834","244","460673","1"
,"42.278859000","42.187706000","2841","296","192.168.178.95","8081","10.0.0.2","32834","244","460917","1"
,"42.340752000","42.249599000","2842","52","10.0.0.2","32834","192.168.178.95","8081","0","1","451157"
,"42.340800000","42.249647000","2843","52","10.0.0.2","32834","192.168.178.95","8081","0","1","451889"
,"42.341900000","42.250747000","2844","296","192.168.178.95","8081","10.0.0.2","32834","244","461161","1"
,"42.341937000","42.250784000","2845","296","192.168.178.95","8081","10.0.0.2","32834","244","461405","1"
,"42.341980000","42.250827000","2846","296","192.168.178.95","8081","10.0.0.2","32834","244","461649","1"
,"42.341992000","42.250839000","2847","296","192.168.178.95","8081","10.0.0.2","32834","244","461893","1"
,"42.342031000","42.250878000","2848","296","192.168.178.95","8081","10.0.0.2","32834","244","462137","1"
,"42.342042000","42.250889000","2849","296","192.168.178.95","8081","10.0.0.2","32834","244","462381","1"
,"42.402427000","42.311274000","2850","52","10.0.0.2","32834","192.168.178.95","8081","0","1","452865"
,"42.402453000","42.311300000","2851","52","10.0.0.2","32834","192.168.178.95","8081","0","1","453109"
,"42.403498000","42.312345000","2852","296","192.168.178.95","8081","10.0.0.2","32834","244","462625","1"
,"42.403533000","42.312380000","2853","296","192.168.178.95","8081","10.0.0.2","32834","244","462869","1"
,"42.403572000","42.312419000","2854","296","192.168.178.95","8081","10.0.0.2","32834","244","463113","1"
,"42.403583000","42.312430000","2855","296","192.168.178.95","8081","10.0.0.2","32834","244","463357","1"
,"42.465759000","42.374606000","2856","52","10.0.0.2","32834","192.168.178.95","8081","0","1","453597"
,"42.465805000","42.374652000","2857","52","10.0.0.2","32834","192.168.178.95","8081","0","1","454329"
,"42.466903000","42.375750000","2858","296","192.168.178.95","8081","10.0.0.2","32834","244","463601","1"
,"42.466938000","42.375785000","2859","296","192.168.178.95","8081","10.0.0.2","32834","244","463845","1"
,"42.466979000","42.375826000","2860","296","192.168.178.95","8081","10.0.0.2","32834","244","464089","1"
,"42.466994000","42.375841000","2861","296","192.168.178.95","8081","10.0.0.2","32834","244","464333","1"
,"42.467031000","42.375878000","2862","296","192.168.178.95","8081","10.0.0.2","32834","244","464577","1"
,"42.467043000","42.375890000","2863","296","192.168.178.95","8081","10.0.0.2","32834","244","464821","1"
,"42.527705000","42.436552000","2864","52","10.0.0.2","32834","192.168.178.95","8081","0","1","455061"
,"42.527729000","42.436576000","2865","52","10.0.0.2","32834","192.168.178.95","8081","0","1","455549"
,"42.528876000","42.437723000","2866","296","192.168.178.95","8081","10.0.0.2","32834","244","465065","1"
,"42.528909000","42.437756000","2867","296","192.168.178.95","8081","10.0.0.2","32834","244","465309","1"
,"42.528945000","42.437792000","2868","296","192.168.178.95","8081","10.0.0.2","32834","244","465553","1"
,"42.528954000","42.437801000","2869","296","192.168.178.95","8081","10.0.0.2","32834","244","465797","1"
,"42.591168000","42.500015000","2870","52","10.0.0.2","32834","192.168.178.95","8081","0","1","456281"
,"42.591194000","42.500041000","2871","52","10.0.0.2","32834","192.168.178.95","8081","0","1","456769"
,"42.592334000","42.501181000","2872","296","192.168.178.95","8081","10.0.0.2","32834","244","466041","1"
,"42.592369000","42.501216000","2873","296","192.168.178.95","8081","10.0.0.2","32834","244","466285","1"
,"42.592408000","42.501255000","2874","296","192.168.178.95","8081","10.0.0.2","32834","244","466529","1"
,"42.592419000","42.501266000","2875","296","192.168.178.95","8081","10.0.0.2","32834","244","466773","1"
,"42.592453000","42.501300000","2876","296","192.168.178.95","8081","10.0.0.2","32834","244","467017","1"
,"42.592463000","42.501310000","2877","296","192.168.178.95","8081","10.0.0.2","32834","244","467261","1"
,"42.653377000","42.562224000","2878","52","10.0.0.2","32834","192.168.178.95","8081","0","1","457501"
,"42.653401000","42.562248000","2879","52","10.0.0.2","32834","192.168.178.95","8081","0","1","457989"
,"42.654503000","42.563350000","2880","296","192.168.178.95","8081","10.0.0.2","32834","244","467505","1"
,"42.654538000","42.563385000","2881","296","192.168.178.95","8081","10.0.0.2","32834","244","467749","1"
,"42.654577000","42.563424000","2882","296","192.168.178.95","8081","10.0.0.2","32834","244","467993","1"
,"42.654588000","42.563435000","2883","296","192.168.178.95","8081","10.0.0.2","32834","244","468237","1"
,"42.715626000","42.624473000","2884","52","10.0.0.2","32834","192.168.178.95","8081","0","1","458721"
,"42.715653000","42.624500000","2885","52","10.0.0.2","32834","192.168.178.95","8081","0","1","459209"
,"42.716829000","42.625676000","2886","296","192.168.178.95","8081","10.0.0.2","32834","244","468481","1"
,"42.716863000","42.625710000","2887","296","192.168.178.95","8081","10.0.0.2","32834","244","468725","1"
,"42.716905000","42.625752000","2888","296","192.168.178.95","8081","10.0.0.2","32834","244","468969","1"
,"42.716916000","42.625763000","2889","296","192.168.178.95","8081","10.0.0.2","32834","244","469213","1"
,"42.716955000","42.625802000","2890","296","192.168.178.95","8081","10.0.0.2","32834","244","469457","1"
,"42.716966000","42.625813000","2891","296","192.168.178.95","8081","10.0.0.2","32834","244","469701","1"
,"42.777922000","42.686769000","2892","52","10.0.0.2","32834","192.168.178.95","8081","0","1","459697"
,"42.777948000","42.686795000","2893","52","10.0.0.2","32834","192.168.178.95","8081","0","1","460429"
,"42.779109000","42.687956000","2894","296","192.168.178.95","8081","10.0.0.2","32834","244","469945","1"
,"42.779147000","42.687994000","2895","296","192.168.178.95","8081","10.0.0.2","32834","244","470189","1"
,"42.779191000","42.688038000","2896","296","192.168.178.95","8081","10.0.0.2","32834","244","470433","1"
,"42.779203000","42.688050000","2897","296","192.168.178.95","8081","10.0.0.2","32834","244","470677","1"
,"42.841252000","42.750099000","2898","52","10.0.0.2","32834","192.168.178.95","8081","0","1","460917"
,"42.841278000","42.750125000","2899","52","10.0.0.2","32834","192.168.178.95","8081","0","1","461649"
,"42.842386000","42.751233000","2900","296","192.168.178.95","8081","10.0.0.2","32834","244","470921","1"
,"42.842421000","42.751268000","2901","296","192.168.178.95","8081","10.0.0.2","32834","244","471165","1"
,"42.842459000","42.751306000","2902","296","192.168.178.95","8081","10.0.0.2","32834","244","471409","1"
,"42.842470000","42.751317000","2903","296","192.168.178.95","8081","10.0.0.2","32834","244","471653","1"
,"42.842505000","42.751352000","2904","296","192.168.178.95","8081","10.0.0.2","32834","244","471897","1"
,"42.842515000","42.751362000","2905","296","192.168.178.95","8081","10.0.0.2","32834","244","472141","1"
,"42.902395000","42.811242000","2906","52","10.0.0.2","32834","192.168.178.95","8081","0","1","462137"
,"42.902420000","42.811267000","2907","52","10.0.0.2","32834","192.168.178.95","8081","0","1","462869"
,"42.903519000","42.812366000","2908","296","192.168.178.95","8081","10.0.0.2","32834","244","472385","1"
,"42.903554000","42.812401000","2909","296","192.168.178.95","8081","10.0.0.2","32834","244","472629","1"
,"42.903592000","42.812439000","2910","296","192.168.178.95","8081","10.0.0.2","32834","244","472873","1"
,"42.903602000","42.812449000","2911","296","192.168.178.95","8081","10.0.0.2","32834","244","473117","1"
,"42.965831000","42.874678000","2912","52","10.0.0.2","32834","192.168.178.95","8081","0","1","463357"
,"42.965857000","42.874704000","2913","52","10.0.0.2","32834","192.168.178.95","8081","0","1","464089"
,"42.966955000","42.875802000","2914","296","192.168.178.95","8081","10.0.0.2","32834","244","473361","1"
,"42.966987000","42.875834000","2915","296","192.168.178.95","8081","10.0.0.2","32834","244","473605","1"
,"42.967025000","42.875872000","2916","296","192.168.178.95","8081","10.0.0.2","32834","244","473849","1"
,"42.967052000","42.875899000","2917","296","192.168.178.95","8081","10.0.0.2","32834","244","474093","1"
,"42.967094000","42.875941000","2918","296","192.168.178.95","8081","10.0.0.2","32834","244","474337","1"
,"42.967105000","42.875952000","2919","296","192.168.178.95","8081","10.0.0.2","32834","244","474581","1"
,"43.027999000","42.936846000","2920","52","10.0.0.2","32834","192.168.178.95","8081","0","1","464577"
,"43.028023000","42.936870000","2921","52","10.0.0.2","32834","192.168.178.95","8081","0","1","465309"
,"43.029149000","42.937996000","2922","296","192.168.178.95","8081","10.0.0.2","32834","244","474825","1"
,"43.029184000","42.938031000","2923","296","192.168.178.95","8081","10.0.0.2","32834","244","475069","1"
,"43.029222000","42.938069000","2924","296","192.168.178.95","8081","10.0.0.2","32834","244","475313","1"
,"43.029233000","42.938080000","2925","296","192.168.178.95","8081","10.0.0.2","32834","244","475557","1"
,"43.091333000","43.000180000","2926","52","10.0.0.2","32834","192.168.178.95","8081","0","1","466285"
,"43.091359000","43.000206000","2927","52","10.0.0.2","32834","192.168.178.95","8081","0","1","466529"
,"43.092469000","43.001316000","2928","296","192.168.178.95","8081","10.0.0.2","32834","244","475801","1"
,"43.092507000","43.001354000","2929","296","192.168.178.95","8081","10.0.0.2","32834","244","476045","1"
,"43.092549000","43.001396000","2930","296","192.168.178.95","8081","10.0.0.2","32834","244","476289","1"
,"43.092562000","43.001409000","2931","296","192.168.178.95","8081","10.0.0.2","32834","244","476533","1"
,"43.092600000","43.001447000","2932","296","192.168.178.95","8081","10.0.0.2","32834","244","476777","1"
,"43.092611000","43.001458000","2933","296","192.168.178.95","8081","10.0.0.2","32834","244","477021","1"
,"43.152359000","43.061206000","2934","52","10.0.0.2","32834","192.168.178.95","8081","0","1","467017"
,"43.152383000","43.061230000","2935","52","10.0.0.2","32834","192.168.178.95","8081","0","1","467749"
,"43.153371000","43.062218000","2936","296","192.168.178.95","8081","10.0.0.2","32834","244","477265","1"
,"43.153403000","43.062250000","2937","296","192.168.178.95","8081","10.0.0.2","32834","244","477509","1"
,"43.153441000","43.062288000","2938","296","192.168.178.95","8081","10.0.0.2","32834","244","477753","1"
,"43.153451000","43.062298000","2939","296","192.168.178.95","8081","10.0.0.2","32834","244","477997","1"
,"43.153486000","43.062333000","2940","296","192.168.178.95","8081","10.0.0.2","32834","244","478241","1"
,"43.153497000","43.062344000","2941","296","192.168.178.95","8081","10.0.0.2","32834","244","478485","1"
,"43.215749000","43.124596000","2942","52","10.0.0.2","32834","192.168.178.95","8081","0","1","468481"
,"43.215793000","43.124640000","2943","52","10.0.0.2","32834","192.168.178.95","8081","0","1","468969"
,"43.216863000","43.125710000","2944","296","192.168.178.95","8081","10.0.0.2","32834","244","478729","1"
,"43.216895000","43.125742000","2945","296","192.168.178.95","8081","10.0.0.2","32834","244","478973","1"
,"43.216934000","43.125781000","2946","296","192.168.178.95","8081","10.0.0.2","32834","244","479217","1"
,"43.216945000","43.125792000","2947","296","192.168.178.95","8081","10.0.0.2","32834","244","479461","1"
,"43.277704000","43.186551000","2948","52","10.0.0.2","32834","192.168.178.95","8081","0","1","469701"
,"43.277730000","43.186577000","2949","52","10.0.0.2","32834","192.168.178.95","8081","0","1","470189"
,"43.278677000","43.187524000","2950","296","192.168.178.95","8081","10.0.0.2","32834","244","479705","1"
,"43.278712000","43.187559000","2951","296","192.168.178.95","8081","10.0.0.2","32834","244","479949","1"
,"43.278754000","43.187601000","2952","296","192.168.178.95","8081","10.0.0.2","32834","244","480193","1"
,"43.278785000","43.187632000","2953","296","192.168.178.95","8081","10.0.0.2","32834","244","480437","1"
,"43.278831000","43.187678000","2954","296","192.168.178.95","8081","10.0.0.2","32834","244","480681","1"
,"43.278844000","43.187691000","2955","296","192.168.178.95","8081","10.0.0.2","32834","244","480925","1"
,"43.341217000","43.250064000","2956","52","10.0.0.2","32834","192.168.178.95","8081","0","1","471165"
,"43.341243000","43.250090000","2957","52","10.0.0.2","32834","192.168.178.95","8081","0","1","471409"
,"43.342197000","43.251044000","2958","296","192.168.178.95","8081","10.0.0.2","32834","244","481169","1"
,"43.342238000","43.251085000","2959","296","192.168.178.95","8081","10.0.0.2","32834","244","481413","1"
,"43.342278000","43.251125000","2960","296","192.168.178.95","8081","10.0.0.2","32834","244","481657","1"
,"43.342290000","43.251137000","2961","296","192.168.178.95","8081","10.0.0.2","32834","244","481901","1"
,"43.403273000","43.312120000","2962","52","10.0.0.2","32834","192.168.178.95","8081","0","1","471897"
,"43.403296000","43.312143000","2963","52","10.0.0.2","32834","192.168.178.95","8081","0","1","472629"
,"43.404407000","43.313254000","2964","296","192.168.178.95","8081","10.0.0.2","32834","244","482145","1"
,"43.404443000","43.313290000","2965","296","192.168.178.95","8081","10.0.0.2","32834","244","482389","1"
,"43.404482000","43.313329000","2966","296","192.168.178.95","8081","10.0.0.2","32834","244","482633","1"
,"43.404493000","43.313340000","2967","296","192.168.178.95","8081","10.0.0.2","32834","244","482877","1"
,"43.404527000","43.313374000","2968","296","192.168.178.95","8081","10.0.0.2","32834","244","483121","1"
,"43.404537000","43.313384000","2969","296","192.168.178.95","8081","10.0.0.2","32834","244","483365","1"
,"43.465419000","43.374266000","2970","52","10.0.0.2","32834","192.168.178.95","8081","0","1","473117"
,"43.465445000","43.374292000","2971","52","10.0.0.2","32834","192.168.178.95","8081","0","1","473849"
,"43.466547000","43.375394000","2972","296","192.168.178.95","8081","10.0.0.2","32834","244","483609","1"
,"43.466582000","43.375429000","2973","296","192.168.178.95","8081","10.0.0.2","32834","244","483853","1"
,"43.466621000","43.375468000","2974","296","192.168.178.95","8081","10.0.0.2","32834","244","484097","1"
,"43.466632000","43.375479000","2975","296","192.168.178.95","8081","10.0.0.2","32834","244","484341","1"
,"43.527730000","43.436577000","2976","52","10.0.0.2","32834","192.168.178.95","8081","0","1","474337"
,"43.527756000","43.436603000","2977","52","10.0.0.2","32834","192.168.178.95","8081","0","1","475069"
,"43.528936000","43.437783000","2978","296","192.168.178.95","8081","10.0.0.2","32834","244","484585","1"
,"43.528968000","43.437815000","2979","296","192.168.178.95","8081","10.0.0.2","32834","244","484829","1"
,"43.529008000","43.437855000","2980","296","192.168.178.95","8081","10.0.0.2","32834","244","485073","1"
,"43.529020000","43.437867000","2981","296","192.168.178.95","8081","10.0.0.2","32834","244","485317","1"
,"43.529055000","43.437902000","2982","296","192.168.178.95","8081","10.0.0.2","32834","244","485561","1"
,"43.529065000","43.437912000","2983","296","192.168.178.95","8081","10.0.0.2","32834","244","485805","1"
,"43.590981000","43.499828000","2984","52","10.0.0.2","32834","192.168.178.95","8081","0","1","475557"
,"43.591007000","43.499854000","2985","52","10.0.0.2","32834","192.168.178.95","8081","0","1","476289"
,"43.592124000","43.500971000","2986","296","192.168.178.95","8081","10.0.0.2","32834","244","486049","1"
,"43.592159000","43.501006000","2987","296","192.168.178.95","8081","10.0.0.2","32834","244","486293","1"
,"43.592197000","43.501044000","2988","296","192.168.178.95","8081","10.0.0.2","32834","244","486537","1"
,"43.592208000","43.501055000","2989","296","192.168.178.95","8081","10.0.0.2","32834","244","486781","1"
,"43.652311000","43.561158000","2990","52","10.0.0.2","32834","192.168.178.95","8081","0","1","476777"
,"43.652337000","43.561184000","2991","52","10.0.0.2","32834","192.168.178.95","8081","0","1","477509"
,"43.653452000","43.562299000","2992","296","192.168.178.95","8081","10.0.0.2","32834","244","487025","1"
,"43.653484000","43.562331000","2993","296","192.168.178.95","8081","10.0.0.2","32834","244","487269","1"
,"43.653523000","43.562370000","2994","296","192.168.178.95","8081","10.0.0.2","32834","244","487513","1"
,"43.653533000","43.562380000","2995","296","192.168.178.95","8081","10.0.0.2","32834","244","487757","1"
,"43.653569000","43.562416000","2996","296","192.168.178.95","8081","10.0.0.2","32834","244","488001","1"
,"43.653581000","43.562428000","2997","296","192.168.178.95","8081","10.0.0.2","32834","244","488245","1"
,"43.715715000","43.624562000","2998","52","10.0.0.2","32834","192.168.178.95","8081","0","1","478485"
,"43.715740000","43.624587000","2999","52","10.0.0.2","32834","192.168.178.95","8081","0","1","478729"
,"43.716735000","43.625582000","3000","296","192.168.178.95","8081","10.0.0.2","32834","244","488489","1"
,"43.716793000","43.625640000","3001","296","192.168.178.95","8081","10.0.0.2","32834","244","488733","1"
,"43.716850000","43.625697000","3002","296","192.168.178.95","8081","10.0.0.2","32834","244","488977","1"
,"43.716863000","43.625710000","3003","296","192.168.178.95","8081","10.0.0.2","32834","244","489221","1"
,"43.777763000","43.686610000","3004","52","10.0.0.2","32834","192.168.178.95","8081","0","1","479217"
,"43.777809000","43.686656000","3005","52","10.0.0.2","32834","192.168.178.95","8081","0","1","479949"
,"43.778923000","43.687770000","3006","296","192.168.178.95","8081","10.0.0.2","32834","244","489465","1"
,"43.778958000","43.687805000","3007","296","192.168.178.95","8081","10.0.0.2","32834","244","489709","1"
,"43.778997000","43.687844000","3008","296","192.168.178.95","8081","10.0.0.2","32834","244","489953","1"
,"43.779008000","43.687855000","3009","296","192.168.178.95","8081","10.0.0.2","32834","244","490197","1"
,"43.779042000","43.687889000","3010","296","192.168.178.95","8081","10.0.0.2","32834","244","490441","1"
,"43.779052000","43.687899000","3011","296","192.168.178.95","8081","10.0.0.2","32834","244","490685","1"
,"43.840923000","43.749770000","3012","52","10.0.0.2","32834","192.168.178.95","8081","0","1","480437"
,"43.840948000","43.749795000","3013","52","10.0.0.2","32834","192.168.178.95","8081","0","1","481169"
,"43.841917000","43.750764000","3014","296","192.168.178.95","8081","10.0.0.2","32834","244","490929","1"
,"43.841948000","43.750795000","3015","296","192.168.178.95","8081","10.0.0.2","32834","244","491173","1"
,"43.841987000","43.750834000","3016","296","192.168.178.95","8081","10.0.0.2","32834","244","491417","1"
,"43.841998000","43.750845000","3017","296","192.168.178.95","8081","10.0.0.2","32834","244","491661","1"
,"43.902485000","43.811332000","3018","52","10.0.0.2","32834","192.168.178.95","8081","0","1","481657"
,"43.902510000","43.811357000","3019","52","10.0.0.2","32834","192.168.178.95","8081","0","1","482389"
,"43.903590000","43.812437000","3020","296","192.168.178.95","8081","10.0.0.2","32834","244","491905","1"
,"43.903627000","43.812474000","3021","296","192.168.178.95","8081","10.0.0.2","32834","244","492149","1"
,"43.903669000","43.812516000","3022","296","192.168.178.95","8081","10.0.0.2","32834","244","492393","1"
,"43.903680000","43.812527000","3023","296","192.168.178.95","8081","10.0.0.2","32834","244","492637","1"
,"43.903719000","43.812566000","3024","296","192.168.178.95","8081","10.0.0.2","32834","244","492881","1"
,"43.903731000","43.812578000","3025","296","192.168.178.95","8081","10.0.0.2","32834","244","493125","1"
,"43.965607000","43.874454000","3026","52","10.0.0.2","32834","192.168.178.95","8081","0","1","483121"
,"43.965632000","43.874479000","3027","52","10.0.0.2","32834","192.168.178.95","8081","0","1","483609"
,"43.966788000","43.875635000","3028","296","192.168.178.95","8081","10.0.0.2","32834","244","493369","1"
,"43.966827000","43.875674000","3029","296","192.168.178.95","8081","10.0.0.2","32834","244","493613","1"
,"43.966869000","43.875716000","3030","296","192.168.178.95","8081","10.0.0.2","32834","244","493857","1"
,"43.966879000","43.875726000","3031","296","192.168.178.95","8081","10.0.0.2","32834","244","494101","1"
,"44.028134000","43.936981000","3032","52","10.0.0.2","32834","192.168.178.95","8081","0","1","484585"
,"44.028161000","43.937008000","3033","52","10.0.0.2","32834","192.168.178.95","8081","0","1","484829"
,"44.029209000","43.938056000","3034","296","192.168.178.95","8081","10.0.0.2","32834","244","494345","1"
,"44.029240000","43.938087000","3035","296","192.168.178.95","8081","10.0.0.2","32834","244","494589","1"
,"44.029279000","43.938126000","3036","296","192.168.178.95","8081","10.0.0.2","32834","244","494833","1"
,"44.029291000","43.938138000","3037","296","192.168.178.95","8081","10.0.0.2","32834","244","495077","1"
,"44.029328000","43.938175000","3038","296","192.168.178.95","8081","10.0.0.2","32834","244","495321","1"
,"44.029341000","43.938188000","3039","296","192.168.178.95","8081","10.0.0.2","32834","244","495565","1"
,"44.090589000","43.999436000","3040","52","10.0.0.2","32834","192.168.178.95","8081","0","1","485317"
,"44.090615000","43.999462000","3041","52","10.0.0.2","32834","192.168.178.95","8081","0","1","486049"
,"44.091750000","44.000597000","3042","296","192.168.178.95","8081","10.0.0.2","32834","244","495809","1"
,"44.091812000","44.000659000","3043","296","192.168.178.95","8081","10.0.0.2","32834","244","496053","1"
,"44.091854000","44.000701000","3044","296","192.168.178.95","8081","10.0.0.2","32834","244","496297","1"
,"44.091865000","44.000712000","3045","296","192.168.178.95","8081","10.0.0.2","32834","244","496541","1"
,"44.152553000","44.061400000","3046","52","10.0.0.2","32834","192.168.178.95","8081","0","1","486537"
,"44.152576000","44.061423000","3047","52","10.0.0.2","32834","192.168.178.95","8081","0","1","487269"
,"44.153693000","44.062540000","3048","296","192.168.178.95","8081","10.0.0.2","32834","244","496785","1"
,"44.153728000","44.062575000","3049","296","192.168.178.95","8081","10.0.0.2","32834","244","497029","1"
,"44.153792000","44.062639000","3050","296","192.168.178.95","8081","10.0.0.2","32834","244","497273","1"
,"44.153804000","44.062651000","3051","296","192.168.178.95","8081","10.0.0.2","32834","244","497517","1"
,"44.153840000","44.062687000","3052","296","192.168.178.95","8081","10.0.0.2","32834","244","497761","1"
,"44.153851000","44.062698000","3053","296","192.168.178.95","8081","10.0.0.2","32834","244","498005","1"
,"44.216017000","44.124864000","3054","52","10.0.0.2","32834","192.168.178.95","8081","0","1","488001"
,"44.216041000","44.124888000","3055","52","10.0.0.2","32834","192.168.178.95","8081","0","1","488489"
,"44.217122000","44.125969000","3056","296","192.168.178.95","8081","10.0.0.2","32834","244","498249","1"
,"44.217156000","44.126003000","3057","296","192.168.178.95","8081","10.0.0.2","32834","244","498493","1"
,"44.217198000","44.126045000","3058","296","192.168.178.95","8081","10.0.0.2","32834","244","498737","1"
,"44.217209000","44.126056000","3059","296","192.168.178.95","8081","10.0.0.2","32834","244","498981","1"
,"44.277977000","44.186824000","3060","52","10.0.0.2","32834","192.168.178.95","8081","0","1","488977"
,"44.278001000","44.186848000","3061","52","10.0.0.2","32834","192.168.178.95","8081","0","1","489709"
,"44.278900000","44.187747000","3062","296","192.168.178.95","8081","10.0.0.2","32834","244","499225","1"
,"44.278933000","44.187780000","3063","296","192.168.178.95","8081","10.0.0.2","32834","244","499469","1"
,"44.278971000","44.187818000","3064","296","192.168.178.95","8081","10.0.0.2","32834","244","499713","1"
,"44.278982000","44.187829000","3065","296","192.168.178.95","8081","10.0.0.2","32834","244","499957","1"
,"44.279017000","44.187864000","3066","296","192.168.178.95","8081","10.0.0.2","32834","244","500201","1"
,"44.279027000","44.187874000","3067","296","192.168.178.95","8081","10.0.0.2","32834","244","500445","1"
,"44.340474000","44.249321000","3068","52","10.0.0.2","32834","192.168.178.95","8081","0","1","490441"
,"44.340499000","44.249346000","3069","52","10.0.0.2","32834","192.168.178.95","8081","0","1","490929"
,"44.341434000","44.250281000","3070","296","192.168.178.95","8081","10.0.0.2","32834","244","500689","1"
,"44.341467000","44.250314000","3071","296","192.168.178.95","8081","10.0.0.2","32834","244","500933","1"
,"44.341504000","44.250351000","3072","296","192.168.178.95","8081","10.0.0.2","32834","244","501177","1"
,"44.341514000","44.250361000","3073","296","192.168.178.95","8081","10.0.0.2","32834","244","501421","1"
,"44.341548000","44.250395000","3074","296","192.168.178.95","8081","10.0.0.2","32834","244","501665","1"
,"44.341558000","44.250405000","3075","296","192.168.178.95","8081","10.0.0.2","32834","244","501909","1"
,"44.402736000","44.311583000","3076","52","10.0.0.2","32834","192.168.178.95","8081","0","1","491417"
,"44.402761000","44.311608000","3077","52","10.0.0.2","32834","192.168.178.95","8081","0","1","492149"
,"44.403914000","44.312761000","3078","296","192.168.178.95","8081","10.0.0.2","32834","244","502153","1"
,"44.403949000","44.312796000","3079","296","192.168.178.95","8081","10.0.0.2","32834","244","502397","1"
,"44.403991000","44.312838000","3080","296","192.168.178.95","8081","10.0.0.2","32834","244","502641","1"
,"44.404004000","44.312851000","3081","296","192.168.178.95","8081","10.0.0.2","32834","244","502885","1"
,"44.465978000","44.374825000","3082","52","10.0.0.2","32834","192.168.178.95","8081","0","1","492637"
,"44.466004000","44.374851000","3083","52","10.0.0.2","32834","192.168.178.95","8081","0","1","493369"
,"44.467116000","44.375963000","3084","296","192.168.178.95","8081","10.0.0.2","32834","244","503129","1"
,"44.467160000","44.376007000","3085","296","192.168.178.95","8081","10.0.0.2","32834","244","503373","1"
,"44.467203000","44.376050000","3086","296","192.168.178.95","8081","10.0.0.2","32834","244","503617","1"
,"44.467215000","44.376062000","3087","296","192.168.178.95","8081","10.0.0.2","32834","244","503861","1"
,"44.467253000","44.376100000","3088","296","192.168.178.95","8081","10.0.0.2","32834","244","504105","1"
,"44.467264000","44.376111000","3089","296","192.168.178.95","8081","10.0.0.2","32834","244","504349","1"
,"44.528073000","44.436920000","3090","52","10.0.0.2","32834","192.168.178.95","8081","0","1","493857"
,"44.528097000","44.436944000","3091","52","10.0.0.2","32834","192.168.178.95","8081","0","1","494589"
,"44.529077000","44.437924000","3092","296","192.168.178.95","8081","10.0.0.2","32834","244","504593","1"
,"44.529111000","44.437958000","3093","296","192.168.178.95","8081","10.0.0.2","32834","244","504837","1"
,"44.529150000","44.437997000","3094","296","192.168.178.95","8081","10.0.0.2","32834","244","505081","1"
,"44.529160000","44.438007000","3095","296","192.168.178.95","8081","10.0.0.2","32834","244","505325","1"
,"44.590579000","44.499426000","3096","52","10.0.0.2","32834","192.168.178.95","8081","0","1","495077"
,"44.590603000","44.499450000","3097","52","10.0.0.2","32834","192.168.178.95","8081","0","1","495809"
,"44.591510000","44.500357000","3098","296","192.168.178.95","8081","10.0.0.2","32834","244","505569","1"
,"44.591540000","44.500387000","3099","296","192.168.178.95","8081","10.0.0.2","32834","244","505813","1"
,"44.591577000","44.500424000","3100","296","192.168.178.95","8081","10.0.0.2","32834","244","506057","1"
,"44.591587000","44.500434000","3101","296","192.168.178.95","8081","10.0.0.2","32834","244","506301","1"
,"44.591626000","44.500473000","3102","296","192.168.178.95","8081","10.0.0.2","32834","244","506545","1"
,"44.591643000","44.500490000","3103","296","192.168.178.95","8081","10.0.0.2","32834","244","506789","1"
,"44.652665000","44.561512000","3104","52","10.0.0.2","32834","192.168.178.95","8081","0","1","496785"
,"44.652690000","44.561537000","3105","52","10.0.0.2","32834","192.168.178.95","8081","0","1","497029"
,"44.653849000","44.562696000","3106","296","192.168.178.95","8081","10.0.0.2","32834","244","507033","1"
,"44.653881000","44.562728000","3107","296","192.168.178.95","8081","10.0.0.2","32834","244","507277","1"
,"44.653920000","44.562767000","3108","296","192.168.178.95","8081","10.0.0.2","32834","244","507521","1"
,"44.653930000","44.562777000","3109","296","192.168.178.95","8081","10.0.0.2","32834","244","507765","1"
,"44.715801000","44.624648000","3110","52","10.0.0.2","32834","192.168.178.95","8081","0","1","497761"
,"44.715829000","44.624676000","3111","52","10.0.0.2","32834","192.168.178.95","8081","0","1","498249"
,"44.716901000","44.625748000","3112","296","192.168.178.95","8081","10.0.0.2","32834","244","508009","1"
,"44.716936000","44.625783000","3113","296","192.168.178.95","8081","10.0.0.2","32834","244","508253","1"
,"44.716976000","44.625823000","3114","296","192.168.178.95","8081","10.0.0.2","32834","244","508497","1"
,"44.716987000","44.625834000","3115","296","192.168.178.95","8081","10.0.0.2","32834","244","508741","1"
,"44.717022000","44.625869000","3116","296","192.168.178.95","8081","10.0.0.2","32834","244","508985","1"
,"44.717032000","44.625879000","3117","296","192.168.178.95","8081","10.0.0.2","32834","244","509229","1"
,"44.778208000","44.687055000","3118","52","10.0.0.2","32834","192.168.178.95","8081","0","1","498737"
,"44.778233000","44.687080000","3119","52","10.0.0.2","32834","192.168.178.95","8081","0","1","499469"
,"44.779343000","44.688190000","3120","296","192.168.178.95","8081","10.0.0.2","32834","244","509473","1"
,"44.779378000","44.688225000","3121","296","192.168.178.95","8081","10.0.0.2","32834","244","509717","1"
,"44.779417000","44.688264000","3122","296","192.168.178.95","8081","10.0.0.2","32834","244","509961","1"
,"44.779427000","44.688274000","3123","296","192.168.178.95","8081","10.0.0.2","32834","244","510205","1"
,"44.840436000","44.749283000","3124","52","10.0.0.2","32834","192.168.178.95","8081","0","1","499957"
,"44.840462000","44.749309000","3125","52","10.0.0.2","32834","192.168.178.95","8081","0","1","500689"
,"44.841569000","44.750416000","3126","296","192.168.178.95","8081","10.0.0.2","32834","244","510449","1"
,"44.841604000","44.750451000","3127","296","192.168.178.95","8081","10.0.0.2","32834","244","510693","1"
,"44.841642000","44.750489000","3128","296","192.168.178.95","8081","10.0.0.2","32834","244","510937","1"
,"44.841652000","44.750499000","3129","296","192.168.178.95","8081","10.0.0.2","32834","244","511181","1"
,"44.841688000","44.750535000","3130","296","192.168.178.95","8081","10.0.0.2","32834","244","511425","1"
,"44.841699000","44.750546000","3131","296","192.168.178.95","8081","10.0.0.2","32834","244","511669","1"
,"44.902498000","44.811345000","3132","52","10.0.0.2","32834","192.168.178.95","8081","0","1","501421"
,"44.902523000","44.811370000","3133","52","10.0.0.2","32834","192.168.178.95","8081","0","1","501909"
,"44.903664000","44.812511000","3134","296","192.168.178.95","8081","10.0.0.2","32834","244","511913","1"
,"44.903701000","44.812548000","3135","296","192.168.178.95","8081","10.0.0.2","32834","244","512157","1"
,"44.903743000","44.812590000","3136","296","192.168.178.95","8081","10.0.0.2","32834","244","512401","1"
,"44.903754000","44.812601000","3137","296","192.168.178.95","8081","10.0.0.2","32834","244","512645","1"
,"44.965887000","44.874734000","3138","52","10.0.0.2","32834","192.168.178.95","8081","0","1","502397"
,"44.965913000","44.874760000","3139","52","10.0.0.2","32834","192.168.178.95","8081","0","1","503129"
,"44.966898000","44.875745000","3140","296","192.168.178.95","8081","10.0.0.2","32834","244","512889","1"
,"44.966929000","44.875776000","3141","296","192.168.178.95","8081","10.0.0.2","32834","244","513133","1"
,"44.966968000","44.875815000","3142","296","192.168.178.95","8081","10.0.0.2","32834","244","513377","1"
,"44.966978000","44.875825000","3143","296","192.168.178.95","8081","10.0.0.2","32834","244","513621","1"
,"44.967013000","44.875860000","3144","296","192.168.178.95","8081","10.0.0.2","32834","244","513865","1"
,"44.967023000","44.875870000","3145","296","192.168.178.95","8081","10.0.0.2","32834","244","514109","1"
,"45.027905000","44.936752000","3146","52","10.0.0.2","32834","192.168.178.95","8081","0","1","503617"
,"45.027929000","44.936776000","3147","52","10.0.0.2","32834","192.168.178.95","8081","0","1","504349"
,"45.028952000","44.937799000","3148","296","192.168.178.95","8081","10.0.0.2","32834","244","514353","1"
,"45.028984000","44.937831000","3149","296","192.168.178.95","8081","10.0.0.2","32834","244","514597","1"
,"45.029019000","44.937866000","3150","296","192.168.178.95","8081","10.0.0.2","32834","244","514841","1"
,"45.029029000","44.937876000","3151","296","192.168.178.95","8081","10.0.0.2","32834","244","515085","1"
,"45.091402000","45.000249000","3152","52","10.0.0.2","32834","192.168.178.95","8081","0","1","504837"
,"45.091424000","45.000271000","3153","52","10.0.0.2","32834","192.168.178.95","8081","0","1","505569"
,"45.092570000","45.001417000","3154","296","192.168.178.95","8081","10.0.0.2","32834","244","515329","1"
,"45.092602000","45.001449000","3155","296","192.168.178.95","8081","10.0.0.2","32834","244","515573","1"
,"45.092637000","45.001484000","3156","296","192.168.178.95","8081","10.0.0.2","32834","244","515817","1"
,"45.092647000","45.001494000","3157","296","192.168.178.95","8081","10.0.0.2","32834","244","516061","1"
,"45.092678000","45.001525000","3158","296","192.168.178.95","8081","10.0.0.2","32834","244","516305","1"
,"45.092688000","45.001535000","3159","296","192.168.178.95","8081","10.0.0.2","32834","244","516549","1"
,"45.152552000","45.061399000","3160","52","10.0.0.2","32834","192.168.178.95","8081","0","1","506301"
,"45.152577000","45.061424000","3161","52","10.0.0.2","32834","192.168.178.95","8081","0","1","507033"
,"45.153654000","45.062501000","3162","296","192.168.178.95","8081","10.0.0.2","32834","244","516793","1"
,"45.153690000","45.062537000","3163","296","192.168.178.95","8081","10.0.0.2","32834","244","517037","1"
,"45.153729000","45.062576000","3164","296","192.168.178.95","8081","10.0.0.2","32834","244","517281","1"
,"45.153740000","45.062587000","3165","296","192.168.178.95","8081","10.0.0.2","32834","244","517525","1"
,"45.153798000","45.062645000","3166","296","192.168.178.95","8081","10.0.0.2","32834","244","517769","1"
,"45.153810000","45.062657000","3167","296","192.168.178.95","8081","10.0.0.2","32834","244","518013","1"
,"45.215541000","45.124388000","3168","52","10.0.0.2","32834","192.168.178.95","8081","0","1","507521"
,"45.215565000","45.124412000","3169","52","10.0.0.2","32834","192.168.178.95","8081","0","1","508253"
,"45.216692000","45.125539000","3170","296","192.168.178.95","8081","10.0.0.2","32834","244","518257","1"
,"45.216727000","45.125574000","3171","296","192.168.178.95","8081","10.0.0.2","32834","244","518501","1"
,"45.216783000","45.125630000","3172","296","192.168.178.95","8081","10.0.0.2","32834","244","518745","1"
,"45.216795000","45.125642000","3173","296","192.168.178.95","8081","10.0.0.2","32834","244","518989","1"
,"45.278014000","45.186861000","3174","52","10.0.0.2","32834","192.168.178.95","8081","0","1","508985"
,"45.278038000","45.186885000","3175","52","10.0.0.2","32834","192.168.178.95","8081","0","1","509473"
,"45.279070000","45.187917000","3176","296","192.168.178.95","8081","10.0.0.2","32834","244","519233","1"
,"45.279103000","45.187950000","3177","296","192.168.178.95","8081","10.0.0.2","32834","244","519477","1"
,"45.279141000","45.187988000","3178","296","192.168.178.95","8081","10.0.0.2","32834","244","519721","1"
,"45.279151000","45.187998000","3179","296","192.168.178.95","8081","10.0.0.2","32834","244","519965","1"
,"45.279187000","45.188034000","3180","296","192.168.178.95","8081","10.0.0.2","32834","244","520209","1"
,"45.279198000","45.188045000","3181","296","192.168.178.95","8081","10.0.0.2","32834","244","520453","1"
,"45.341217000","45.250064000","3182","52","10.0.0.2","32834","192.168.178.95","8081","0","1","510205"
,"45.341242000","45.250089000","3183","52","10.0.0.2","32834","192.168.178.95","8081","0","1","510693"
,"45.342361000","45.251208000","3184","296","192.168.178.95","8081","10.0.0.2","32834","244","520697","1"
,"45.342396000","45.251243000","3185","296","192.168.178.95","8081","10.0.0.2","32834","244","520941","1"
,"45.342435000","45.251282000","3186","296","192.168.178.95","8081","10.0.0.2","32834","244","521185","1"
,"45.342446000","45.251293000","3187","296","192.168.178.95","8081","10.0.0.2","32834","244","521429","1"
,"45.403400000","45.312247000","3188","52","10.0.0.2","32834","192.168.178.95","8081","0","1","511181"
,"45.403426000","45.312273000","3189","52","10.0.0.2","32834","192.168.178.95","8081","0","1","511913"
,"45.404540000","45.313387000","3190","296","192.168.178.95","8081","10.0.0.2","32834","244","521673","1"
,"45.404574000","45.313421000","3191","296","192.168.178.95","8081","10.0.0.2","32834","244","521917","1"
,"45.404613000","45.313460000","3192","296","192.168.178.95","8081","10.0.0.2","32834","244","522161","1"
,"45.404624000","45.313471000","3193","296","192.168.178.95","8081","10.0.0.2","32834","244","522405","1"
,"45.404659000","45.313506000","3194","296","192.168.178.95","8081","10.0.0.2","32834","244","522649","1"
,"45.404669000","45.313516000","3195","296","192.168.178.95","8081","10.0.0.2","32834","244","522893","1"
,"45.465700000","45.374547000","3196","52","10.0.0.2","32834","192.168.178.95","8081","0","1","512401"
,"45.465724000","45.374571000","3197","52","10.0.0.2","32834","192.168.178.95","8081","0","1","513133"
,"45.466859000","45.375706000","3198","296","192.168.178.95","8081","10.0.0.2","32834","244","523137","1"
,"45.466892000","45.375739000","3199","296","192.168.178.95","8081","10.0.0.2","32834","244","523381","1"
,"45.466932000","45.375779000","3200","296","192.168.178.95","8081","10.0.0.2","32834","244","523625","1"
,"45.466943000","45.375790000","3201","296","192.168.178.95","8081","10.0.0.2","32834","244","523869","1"
,"45.527826000","45.436673000","3202","52","10.0.0.2","32834","192.168.178.95","8081","0","1","513865"
,"45.527853000","45.436700000","3203","52","10.0.0.2","32834","192.168.178.95","8081","0","1","514353"
,"45.528983000","45.437830000","3204","296","192.168.178.95","8081","10.0.0.2","32834","244","524113","1"
,"45.529018000","45.437865000","3205","296","192.168.178.95","8081","10.0.0.2","32834","244","524357","1"
,"45.529057000","45.437904000","3206","296","192.168.178.95","8081","10.0.0.2","32834","244","524601","1"
,"45.529067000","45.437914000","3207","296","192.168.178.95","8081","10.0.0.2","32834","244","524845","1"
,"45.529102000","45.437949000","3208","296","192.168.178.95","8081","10.0.0.2","32834","244","525089","1"
,"45.529112000","45.437959000","3209","296","192.168.178.95","8081","10.0.0.2","32834","244","525333","1"
,"45.591290000","45.500137000","3210","52","10.0.0.2","32834","192.168.178.95","8081","0","1","514841"
,"45.591316000","45.500163000","3211","52","10.0.0.2","32834","192.168.178.95","8081","0","1","515573"
,"45.592469000","45.501316000","3212","296","192.168.178.95","8081","10.0.0.2","32834","244","525577","1"
,"45.592507000","45.501354000","3213","296","192.168.178.95","8081","10.0.0.2","32834","244","525821","1"
,"45.592550000","45.501397000","3214","296","192.168.178.95","8081","10.0.0.2","32834","244","526065","1"
,"45.592561000","45.501408000","3215","296","192.168.178.95","8081","10.0.0.2","32834","244","526309","1"
,"45.592599000","45.501446000","3216","296","192.168.178.95","8081","10.0.0.2","32834","244","526553","1"
,"45.592610000","45.501457000","3217","296","192.168.178.95","8081","10.0.0.2","32834","244","526797","1"
,"45.652638000","45.561485000","3218","52","10.0.0.2","32834","192.168.178.95","8081","0","1","516061"
,"45.652662000","45.561509000","3219","52","10.0.0.2","32834","192.168.178.95","8081","0","1","516793"
,"45.653871000","45.562718000","3220","296","192.168.178.95","8081","10.0.0.2","32834","244","527041","1"
,"45.653902000","45.562749000","3221","296","192.168.178.95","8081","10.0.0.2","32834","244","527285","1"
,"45.653942000","45.562789000","3222","296","192.168.178.95","8081","10.0.0.2","32834","244","527529","1"
,"45.653953000","45.562800000","3223","296","192.168.178.95","8081","10.0.0.2","32834","244","527773","1"
,"45.716175000","45.625022000","3224","52","10.0.0.2","32834","192.168.178.95","8081","0","1","517281"
,"45.716201000","45.625048000","3225","52","10.0.0.2","32834","192.168.178.95","8081","0","1","517769"
,"45.716211000","45.625058000","3226","52","10.0.0.2","32834","192.168.178.95","8081","0","1","518013"
,"45.717235000","45.626082000","3227","296","192.168.178.95","8081","10.0.0.2","32834","244","528017","1"
,"45.717270000","45.626117000","3228","296","192.168.178.95","8081","10.0.0.2","32834","244","528261","1"
,"45.717310000","45.626157000","3229","296","192.168.178.95","8081","10.0.0.2","32834","244","528505","1"
,"45.717323000","45.626170000","3230","296","192.168.178.95","8081","10.0.0.2","32834","244","528749","1"
,"45.717360000","45.626207000","3231","296","192.168.178.95","8081","10.0.0.2","32834","244","528993","1"
,"45.717373000","45.626220000","3232","296","192.168.178.95","8081","10.0.0.2","32834","244","529237","1"
,"45.777495000","45.686342000","3233","52","10.0.0.2","32834","192.168.178.95","8081","0","1","518501"
,"45.777520000","45.686367000","3234","52","10.0.0.2","32834","192.168.178.95","8081","0","1","519233"
,"45.778622000","45.687469000","3235","296","192.168.178.95","8081","10.0.0.2","32834","244","529481","1"
,"45.778654000","45.687501000","3236","296","192.168.178.95","8081","10.0.0.2","32834","244","529725","1"
,"45.778694000","45.687541000","3237","296","192.168.178.95","8081","10.0.0.2","32834","244","529969","1"
,"45.778706000","45.687553000","3238","296","192.168.178.95","8081","10.0.0.2","32834","244","530213","1"
,"45.840492000","45.749339000","3239","52","10.0.0.2","32834","192.168.178.95","8081","0","1","519721"
,"45.840517000","45.749364000","3240","52","10.0.0.2","32834","192.168.178.95","8081","0","1","520453"
,"45.841604000","45.750451000","3241","296","192.168.178.95","8081","10.0.0.2","32834","244","530457","1"
,"45.841642000","45.750489000","3242","296","192.168.178.95","8081","10.0.0.2","32834","244","530701","1"
,"45.841684000","45.750531000","3243","296","192.168.178.95","8081","10.0.0.2","32834","244","530945","1"
,"45.841696000","45.750543000","3244","296","192.168.178.95","8081","10.0.0.2","32834","244","531189","1"
,"45.841734000","45.750581000","3245","296","192.168.178.95","8081","10.0.0.2","32834","244","531433","1"
,"45.841746000","45.750593000","3246","296","192.168.178.95","8081","10.0.0.2","32834","244","531677","1"
,"45.902954000","45.811801000","3247","52","10.0.0.2","32834","192.168.178.95","8081","0","1","520941"
,"45.902978000","45.811825000","3248","52","10.0.0.2","32834","192.168.178.95","8081","0","1","521673"
,"45.904084000","45.812931000","3249","296","192.168.178.95","8081","10.0.0.2","32834","244","531921","1"
,"45.904116000","45.812963000","3250","296","192.168.178.95","8081","10.0.0.2","32834","244","532165","1"
,"45.904154000","45.813001000","3251","296","192.168.178.95","8081","10.0.0.2","32834","244","532409","1"
,"45.904165000","45.813012000","3252","296","192.168.178.95","8081","10.0.0.2","32834","244","532653","1"
,"45.966003000","45.874850000","3253","52","10.0.0.2","32834","192.168.178.95","8081","0","1","522161"
,"45.966039000","45.874886000","3254","52","10.0.0.2","32834","192.168.178.95","8081","0","1","522893"
,"45.966984000","45.875831000","3255","296","192.168.178.95","8081","10.0.0.2","32834","244","532897","1"
,"45.967008000","45.875855000","3256","296","192.168.178.95","8081","10.0.0.2","32834","244","533141","1"
,"45.967047000","45.875894000","3257","296","192.168.178.95","8081","10.0.0.2","32834","244","533385","1"
,"45.967058000","45.875905000","3258","296","192.168.178.95","8081","10.0.0.2","32834","244","533629","1"
,"45.967095000","45.875942000","3259","296","192.168.178.95","8081","10.0.0.2","32834","244","533873","1"
,"45.967106000","45.875953000","3260","296","192.168.178.95","8081","10.0.0.2","32834","244","534117","1"
,"46.027330000","45.936177000","3261","52","10.0.0.2","32834","192.168.178.95","8081","0","1","523381"
,"46.027353000","45.936200000","3262","52","10.0.0.2","32834","192.168.178.95","8081","0","1","524113"
,"46.028317000","45.937164000","3263","296","192.168.178.95","8081","10.0.0.2","32834","244","534361","1"
,"46.028341000","45.937188000","3264","296","192.168.178.95","8081","10.0.0.2","32834","244","534605","1"
,"46.028394000","45.937241000","3265","296","192.168.178.95","8081","10.0.0.2","32834","244","534849","1"
,"46.028412000","45.937259000","3266","296","192.168.178.95","8081","10.0.0.2","32834","244","535093","1"
,"46.090759000","45.999606000","3267","52","10.0.0.2","32834","192.168.178.95","8081","0","1","524601"
,"46.090811000","45.999658000","3268","52","10.0.0.2","32834","192.168.178.95","8081","0","1","525333"
,"46.091863000","46.000710000","3269","296","192.168.178.95","8081","10.0.0.2","32834","244","535337","1"
,"46.091902000","46.000749000","3270","296","192.168.178.95","8081","10.0.0.2","32834","244","535581","1"
,"46.091952000","46.000799000","3271","296","192.168.178.95","8081","10.0.0.2","32834","244","535825","1"
,"46.091966000","46.000813000","3272","296","192.168.178.95","8081","10.0.0.2","32834","244","536069","1"
,"46.092001000","46.000848000","3273","296","192.168.178.95","8081","10.0.0.2","32834","244","536313","1"
,"46.092012000","46.000859000","3274","296","192.168.178.95","8081","10.0.0.2","32834","244","536557","1"
,"46.152567000","46.061414000","3275","52","10.0.0.2","32834","192.168.178.95","8081","0","1","526553"
,"46.153671000","46.062518000","3276","296","192.168.178.95","8081","10.0.0.2","32834","244","536801","1"
,"46.153700000","46.062547000","3277","296","192.168.178.95","8081","10.0.0.2","32834","244","537045","1"
,"46.153740000","46.062587000","3278","296","192.168.178.95","8081","10.0.0.2","32834","244","537289","1"
,"46.153751000","46.062598000","3279","296","192.168.178.95","8081","10.0.0.2","32834","244","537533","1"
,"46.216033000","46.124880000","3280","52","10.0.0.2","32834","192.168.178.95","8081","0","1","527529"
,"46.216060000","46.124907000","3281","52","10.0.0.2","32834","192.168.178.95","8081","0","1","527773"
,"46.217149000","46.125996000","3282","296","192.168.178.95","8081","10.0.0.2","32834","244","537777","1"
,"46.217180000","46.126027000","3283","296","192.168.178.95","8081","10.0.0.2","32834","244","538021","1"
,"46.217239000","46.126086000","3284","296","192.168.178.95","8081","10.0.0.2","32834","244","538265","1"
,"46.217272000","46.126119000","3285","296","192.168.178.95","8081","10.0.0.2","32834","244","538509","1"
,"46.217329000","46.126176000","3286","296","192.168.178.95","8081","10.0.0.2","32834","244","538753","1"
,"46.217347000","46.126194000","3287","296","192.168.178.95","8081","10.0.0.2","32834","244","538997","1"
,"46.277426000","46.186273000","3288","52","10.0.0.2","32834","192.168.178.95","8081","0","1","528261"
,"46.277448000","46.186295000","3289","52","10.0.0.2","32834","192.168.178.95","8081","0","1","528993"
,"46.278537000","46.187384000","3290","296","192.168.178.95","8081","10.0.0.2","32834","244","539241","1"
,"46.278562000","46.187409000","3291","296","192.168.178.95","8081","10.0.0.2","32834","244","539485","1"
,"46.278596000","46.187443000","3292","296","192.168.178.95","8081","10.0.0.2","32834","244","539729","1"
,"46.278606000","46.187453000","3293","296","192.168.178.95","8081","10.0.0.2","32834","244","539973","1"
,"46.340476000","46.249323000","3294","52","10.0.0.2","32834","192.168.178.95","8081","0","1","529725"
,"46.340501000","46.249348000","3295","52","10.0.0.2","32834","192.168.178.95","8081","0","1","530213"
,"46.341603000","46.250450000","3296","296","192.168.178.95","8081","10.0.0.2","32834","244","540217","1"
,"46.341630000","46.250477000","3297","296","192.168.178.95","8081","10.0.0.2","32834","244","540461","1"
,"46.341667000","46.250514000","3298","296","192.168.178.95","8081","10.0.0.2","32834","244","540705","1"
,"46.341678000","46.250525000","3299","296","192.168.178.95","8081","10.0.0.2","32834","244","540949","1"
,"46.341712000","46.250559000","3300","296","192.168.178.95","8081","10.0.0.2","32834","244","541193","1"
,"46.341723000","46.250570000","3301","296","192.168.178.95","8081","10.0.0.2","32834","244","541437","1"
,"46.402726000","46.311573000","3302","52","10.0.0.2","32834","192.168.178.95","8081","0","1","530945"
,"46.402748000","46.311595000","3303","52","10.0.0.2","32834","192.168.178.95","8081","0","1","531433"
,"46.403857000","46.312704000","3304","296","192.168.178.95","8081","10.0.0.2","32834","244","541681","1"
,"46.403886000","46.312733000","3305","296","192.168.178.95","8081","10.0.0.2","32834","244","541925","1"
,"46.403923000","46.312770000","3306","296","192.168.178.95","8081","10.0.0.2","32834","244","542169","1"
,"46.403933000","46.312780000","3307","296","192.168.178.95","8081","10.0.0.2","32834","244","542413","1"
,"46.466134000","46.374981000","3308","52","10.0.0.2","32834","192.168.178.95","8081","0","1","531921"
,"46.466157000","46.375004000","3309","52","10.0.0.2","32834","192.168.178.95","8081","0","1","532653"
,"46.467250000","46.376097000","3310","296","192.168.178.95","8081","10.0.0.2","32834","244","542657","1"
,"46.467272000","46.376119000","3311","296","192.168.178.95","8081","10.0.0.2","32834","244","542901","1"
,"46.467312000","46.376159000","3312","296","192.168.178.95","8081","10.0.0.2","32834","244","543145","1"
,"46.467327000","46.376174000","3313","296","192.168.178.95","8081","10.0.0.2","32834","244","543389","1"
,"46.467378000","46.376225000","3314","296","192.168.178.95","8081","10.0.0.2","32834","244","543633","1"
,"46.467396000","46.376243000","3315","296","192.168.178.95","8081","10.0.0.2","32834","244","543877","1"
,"46.528238000","46.437085000","3316","52","10.0.0.2","32834","192.168.178.95","8081","0","1","533385"
,"46.528263000","46.437110000","3317","52","10.0.0.2","32834","192.168.178.95","8081","0","1","533873"
,"46.529302000","46.438149000","3318","296","192.168.178.95","8081","10.0.0.2","32834","244","544121","1"
,"46.529329000","46.438176000","3319","296","192.168.178.95","8081","10.0.0.2","32834","244","544365","1"
,"46.529366000","46.438213000","3320","296","192.168.178.95","8081","10.0.0.2","32834","244","544609","1"
,"46.529376000","46.438223000","3321","296","192.168.178.95","8081","10.0.0.2","32834","244","544853","1"
,"46.590540000","46.499387000","3322","52","10.0.0.2","32834","192.168.178.95","8081","0","1","534605"
,"46.590565000","46.499412000","3323","52","10.0.0.2","32834","192.168.178.95","8081","0","1","535093"
,"46.591712000","46.500559000","3324","296","192.168.178.95","8081","10.0.0.2","32834","244","545097","1"
,"46.591747000","46.500594000","3325","296","192.168.178.95","8081","10.0.0.2","32834","244","545341","1"
,"46.591829000","46.500676000","3326","296","192.168.178.95","8081","10.0.0.2","32834","244","545585","1"
,"46.591854000","46.500701000","3327","296","192.168.178.95","8081","10.0.0.2","32834","244","545829","1"
,"46.591901000","46.500748000","3328","296","192.168.178.95","8081","10.0.0.2","32834","244","546073","1"
,"46.591914000","46.500761000","3329","296","192.168.178.95","8081","10.0.0.2","32834","244","546317","1"
,"46.652683000","46.561530000","3330","52","10.0.0.2","32834","192.168.178.95","8081","0","1","535825"
,"46.652708000","46.561555000","3331","52","10.0.0.2","32834","192.168.178.95","8081","0","1","536313"
,"46.653659000","46.562506000","3332","296","192.168.178.95","8081","10.0.0.2","32834","244","546561","1"
,"46.653682000","46.562529000","3333","296","192.168.178.95","8081","10.0.0.2","32834","244","546805","1"
,"46.653718000","46.562565000","3334","296","192.168.178.95","8081","10.0.0.2","32834","244","547049","1"
,"46.653728000","46.562575000","3335","296","192.168.178.95","8081","10.0.0.2","32834","244","547293","1"
,"46.715957000","46.624804000","3336","52","10.0.0.2","32834","192.168.178.95","8081","0","1","537045"
,"46.715982000","46.624829000","3337","52","10.0.0.2","32834","192.168.178.95","8081","0","1","537533"
,"46.717086000","46.625933000","3338","296","192.168.178.95","8081","10.0.0.2","32834","244","547537","1"
,"46.717110000","46.625957000","3339","296","192.168.178.95","8081","10.0.0.2","32834","244","547781","1"
,"46.717155000","46.626002000","3340","296","192.168.178.95","8081","10.0.0.2","32834","244","548025","1"
,"46.717173000","46.626020000","3341","296","192.168.178.95","8081","10.0.0.2","32834","244","548269","1"
,"46.717227000","46.626074000","3342","296","192.168.178.95","8081","10.0.0.2","32834","244","548513","1"
,"46.717250000","46.626097000","3343","296","192.168.178.95","8081","10.0.0.2","32834","244","548757","1"
,"46.777997000","46.686844000","3344","52","10.0.0.2","32834","192.168.178.95","8081","0","1","538021"
,"46.778020000","46.686867000","3345","52","10.0.0.2","32834","192.168.178.95","8081","0","1","538753"
,"46.778889000","46.687736000","3346","296","192.168.178.95","8081","10.0.0.2","32834","244","549001","1"
,"46.778916000","46.687763000","3347","296","192.168.178.95","8081","10.0.0.2","32834","244","549245","1"
,"46.778952000","46.687799000","3348","296","192.168.178.95","8081","10.0.0.2","32834","244","549489","1"
,"46.778963000","46.687810000","3349","296","192.168.178.95","8081","10.0.0.2","32834","244","549733","1"
,"46.840456000","46.749303000","3350","52","10.0.0.2","32834","192.168.178.95","8081","0","1","539241"
,"46.840481000","46.749328000","3351","52","10.0.0.2","32834","192.168.178.95","8081","0","1","539973"
,"46.841555000","46.750402000","3352","296","192.168.178.95","8081","10.0.0.2","32834","244","549977","1"
,"46.841582000","46.750429000","3353","296","192.168.178.95","8081","10.0.0.2","32834","244","550221","1"
,"46.841619000","46.750466000","3354","296","192.168.178.95","8081","10.0.0.2","32834","244","550465","1"
,"46.841629000","46.750476000","3355","296","192.168.178.95","8081","10.0.0.2","32834","244","550709","1"
,"46.841663000","46.750510000","3356","296","192.168.178.95","8081","10.0.0.2","32834","244","550953","1"
,"46.841674000","46.750521000","3357","296","192.168.178.95","8081","10.0.0.2","32834","244","551197","1"
,"46.902702000","46.811549000","3358","52","10.0.0.2","32834","192.168.178.95","8081","0","1","540461"
,"46.902727000","46.811574000","3359","52","10.0.0.2","32834","192.168.178.95","8081","0","1","541193"
,"46.903853000","46.812700000","3360","296","192.168.178.95","8081","10.0.0.2","32834","244","551441","1"
,"46.903881000","46.812728000","3361","296","192.168.178.95","8081","10.0.0.2","32834","244","551685","1"
,"46.903919000","46.812766000","3362","296","192.168.178.95","8081","10.0.0.2","32834","244","551929","1"
,"46.903930000","46.812777000","3363","296","192.168.178.95","8081","10.0.0.2","32834","244","552173","1"
,"46.903967000","46.812814000","3364","296","192.168.178.95","8081","10.0.0.2","32834","244","552417","1"
,"46.903978000","46.812825000","3365","296","192.168.178.95","8081","10.0.0.2","32834","244","552661","1"
,"46.966109000","46.874956000","3366","52","10.0.0.2","32834","192.168.178.95","8081","0","1","541681"
,"46.966137000","46.874984000","3367","52","10.0.0.2","32834","192.168.178.95","8081","0","1","542413"
,"46.967196000","46.876043000","3368","296","192.168.178.95","8081","10.0.0.2","32834","244","552905","1"
,"46.967223000","46.876070000","3369","296","192.168.178.95","8081","10.0.0.2","32834","244","553149","1"
,"46.967263000","46.876110000","3370","296","192.168.178.95","8081","10.0.0.2","32834","244","553393","1"
,"46.967275000","46.876122000","3371","296","192.168.178.95","8081","10.0.0.2","32834","244","553637","1"
,"47.028037000","46.936884000","3372","52","10.0.0.2","32834","192.168.178.95","8081","0","1","542901"
,"47.028064000","46.936911000","3373","52","10.0.0.2","32834","192.168.178.95","8081","0","1","543633"
,"47.029029000","46.937876000","3374","296","192.168.178.95","8081","10.0.0.2","32834","244","553881","1"
,"47.029056000","46.937903000","3375","296","192.168.178.95","8081","10.0.0.2","32834","244","554125","1"
,"47.029096000","46.937943000","3376","296","192.168.178.95","8081","10.0.0.2","32834","244","554369","1"
,"47.029107000","46.937954000","3377","296","192.168.178.95","8081","10.0.0.2","32834","244","554613","1"
,"47.029145000","46.937992000","3378","296","192.168.178.95","8081","10.0.0.2","32834","244","554857","1"
,"47.029156000","46.938003000","3379","296","192.168.178.95","8081","10.0.0.2","32834","244","555101","1"
,"47.090492000","46.999339000","3380","52","10.0.0.2","32834","192.168.178.95","8081","0","1","544121"
,"47.090519000","46.999366000","3381","52","10.0.0.2","32834","192.168.178.95","8081","0","1","544853"
,"47.091623000","47.000470000","3382","296","192.168.178.95","8081","10.0.0.2","32834","244","555345","1"
,"47.091662000","47.000509000","3383","296","192.168.178.95","8081","10.0.0.2","32834","244","555589","1"
,"47.091712000","47.000559000","3384","296","192.168.178.95","8081","10.0.0.2","32834","244","555833","1"
,"47.091726000","47.000573000","3385","296","192.168.178.95","8081","10.0.0.2","32834","244","556077","1"
,"47.152861000","47.061708000","3386","52","10.0.0.2","32834","192.168.178.95","8081","0","1","545585"
,"47.152884000","47.061731000","3387","52","10.0.0.2","32834","192.168.178.95","8081","0","1","546073"
,"47.153864000","47.062711000","3388","296","192.168.178.95","8081","10.0.0.2","32834","244","556321","1"
,"47.153885000","47.062732000","3389","296","192.168.178.95","8081","10.0.0.2","32834","244","556565","1"
,"47.153930000","47.062777000","3390","296","192.168.178.95","8081","10.0.0.2","32834","244","556809","1"
,"47.153948000","47.062795000","3391","296","192.168.178.95","8081","10.0.0.2","32834","244","557053","1"
,"47.154000000","47.062847000","3392","296","192.168.178.95","8081","10.0.0.2","32834","244","557297","1"
,"47.154021000","47.062868000","3393","296","192.168.178.95","8081","10.0.0.2","32834","244","557541","1"
,"47.215724000","47.124571000","3394","52","10.0.0.2","32834","192.168.178.95","8081","0","1","546561"
,"47.215747000","47.124594000","3395","52","10.0.0.2","32834","192.168.178.95","8081","0","1","547293"
,"47.216854000","47.125701000","3396","296","192.168.178.95","8081","10.0.0.2","32834","244","557785","1"
,"47.216880000","47.125727000","3397","296","192.168.178.95","8081","10.0.0.2","32834","244","558029","1"
,"47.216916000","47.125763000","3398","296","192.168.178.95","8081","10.0.0.2","32834","244","558273","1"
,"47.216927000","47.125774000","3399","296","192.168.178.95","8081","10.0.0.2","32834","244","558517","1"
,"47.277422000","47.186269000","3400","52","10.0.0.2","32834","192.168.178.95","8081","0","1","547781"
,"47.277447000","47.186294000","3401","52","10.0.0.2","32834","192.168.178.95","8081","0","1","548513"
,"47.278516000","47.187363000","3402","296","192.168.178.95","8081","10.0.0.2","32834","244","558761","1"
,"47.278553000","47.187400000","3403","296","192.168.178.95","8081","10.0.0.2","32834","244","559005","1"
,"47.278598000","47.187445000","3404","296","192.168.178.95","8081","10.0.0.2","32834","244","559249","1"
,"47.278610000","47.187457000","3405","296","192.168.178.95","8081","10.0.0.2","32834","244","559493","1"
,"47.278645000","47.187492000","3406","296","192.168.178.95","8081","10.0.0.2","32834","244","559737","1"
,"47.278656000","47.187503000","3407","296","192.168.178.95","8081","10.0.0.2","32834","244","559981","1"
,"47.341351000","47.250198000","3408","52","10.0.0.2","32834","192.168.178.95","8081","0","1","549001"
,"47.341377000","47.250224000","3409","52","10.0.0.2","32834","192.168.178.95","8081","0","1","549733"
,"47.342271000","47.251118000","3410","296","192.168.178.95","8081","10.0.0.2","32834","244","560225","1"
,"47.342298000","47.251145000","3411","296","192.168.178.95","8081","10.0.0.2","32834","244","560469","1"
,"47.342335000","47.251182000","3412","296","192.168.178.95","8081","10.0.0.2","32834","244","560713","1"
,"47.342345000","47.251192000","3413","296","192.168.178.95","8081","10.0.0.2","32834","244","560957","1"
,"47.402513000","47.311360000","3414","52","10.0.0.2","32834","192.168.178.95","8081","0","1","550221"
,"47.402539000","47.311386000","3415","52","10.0.0.2","32834","192.168.178.95","8081","0","1","550953"
,"47.403634000","47.312481000","3416","296","192.168.178.95","8081","10.0.0.2","32834","244","561201","1"
,"47.403665000","47.312512000","3417","296","192.168.178.95","8081","10.0.0.2","32834","244","561445","1"
,"47.403724000","47.312571000","3418","296","192.168.178.95","8081","10.0.0.2","32834","244","561689","1"
,"47.403749000","47.312596000","3419","296","192.168.178.95","8081","10.0.0.2","32834","244","561933","1"
,"47.403836000","47.312683000","3420","296","192.168.178.95","8081","10.0.0.2","32834","244","562177","1"
,"47.403859000","47.312706000","3421","296","192.168.178.95","8081","10.0.0.2","32834","244","562421","1"
,"47.466213000","47.375060000","3422","52","10.0.0.2","32834","192.168.178.95","8081","0","1","551441"
,"47.466238000","47.375085000","3423","52","10.0.0.2","32834","192.168.178.95","8081","0","1","552173"
,"47.467178000","47.376025000","3424","296","192.168.178.95","8081","10.0.0.2","32834","244","562665","1"
,"47.467207000","47.376054000","3425","296","192.168.178.95","8081","10.0.0.2","32834","244","562909","1"
,"47.467260000","47.376107000","3426","296","192.168.178.95","8081","10.0.0.2","32834","244","563153","1"
,"47.467284000","47.376131000","3427","296","192.168.178.95","8081","10.0.0.2","32834","244","563397","1"
,"47.527992000","47.436839000","3428","52","10.0.0.2","32834","192.168.178.95","8081","0","1","552905"
,"47.528016000","47.436863000","3429","52","10.0.0.2","32834","192.168.178.95","8081","0","1","553393"
,"47.528949000","47.437796000","3430","296","192.168.178.95","8081","10.0.0.2","32834","244","563641","1"
,"47.528975000","47.437822000","3431","296","192.168.178.95","8081","10.0.0.2","32834","244","563885","1"
,"47.529013000","47.437860000","3432","296","192.168.178.95","8081","10.0.0.2","32834","244","564129","1"
,"47.529023000","47.437870000","3433","296","192.168.178.95","8081","10.0.0.2","32834","244","564373","1"
,"47.529057000","47.437904000","3434","296","192.168.178.95","8081","10.0.0.2","32834","244","564617","1"
,"47.529067000","47.437914000","3435","296","192.168.178.95","8081","10.0.0.2","32834","244","564861","1"
,"47.590407000","47.499254000","3436","52","10.0.0.2","32834","192.168.178.95","8081","0","1","554125"
,"47.590433000","47.499280000","3437","52","10.0.0.2","32834","192.168.178.95","8081","0","1","554613"
,"47.591518000","47.500365000","3438","296","192.168.178.95","8081","10.0.0.2","32834","244","565105","1"
,"47.591557000","47.500404000","3439","296","192.168.178.95","8081","10.0.0.2","32834","244","565349","1"
,"47.591608000","47.500455000","3440","296","192.168.178.95","8081","10.0.0.2","32834","244","565593","1"
,"47.591621000","47.500468000","3441","296","192.168.178.95","8081","10.0.0.2","32834","244","565837","1"
,"47.652697000","47.561544000","3442","52","10.0.0.2","32834","192.168.178.95","8081","0","1","555101"
,"47.652721000","47.561568000","3443","52","10.0.0.2","32834","192.168.178.95","8081","0","1","555833"
,"47.653906000","47.562753000","3444","296","192.168.178.95","8081","10.0.0.2","32834","244","566081","1"
,"47.653936000","47.562783000","3445","296","192.168.178.95","8081","10.0.0.2","32834","244","566325","1"
,"47.653994000","47.562841000","3446","296","192.168.178.95","8081","10.0.0.2","32834","244","566569","1"
,"47.654017000","47.562864000","3447","296","192.168.178.95","8081","10.0.0.2","32834","244","566813","1"
,"47.654069000","47.562916000","3448","296","192.168.178.95","8081","10.0.0.2","32834","244","567057","1"
,"47.654086000","47.562933000","3449","296","192.168.178.95","8081","10.0.0.2","32834","244","567301","1"
,"47.715794000","47.624641000","3450","52","10.0.0.2","32834","192.168.178.95","8081","0","1","556321"
,"47.715827000","47.624674000","3451","52","10.0.0.2","32834","192.168.178.95","8081","0","1","557053"
,"47.716739000","47.625586000","3452","296","192.168.178.95","8081","10.0.0.2","32834","244","567545","1"
,"47.716787000","47.625634000","3453","296","192.168.178.95","8081","10.0.0.2","32834","244","567789","1"
,"47.716829000","47.625676000","3454","296","192.168.178.95","8081","10.0.0.2","32834","244","568033","1"
,"47.716840000","47.625687000","3455","296","192.168.178.95","8081","10.0.0.2","32834","244","568277","1"
,"47.778207000","47.687054000","3456","52","10.0.0.2","32834","192.168.178.95","8081","0","1","557785"
,"47.778231000","47.687078000","3457","52","10.0.0.2","32834","192.168.178.95","8081","0","1","558273"
,"47.779291000","47.688138000","3458","296","192.168.178.95","8081","10.0.0.2","32834","244","568521","1"
,"47.779326000","47.688173000","3459","296","192.168.178.95","8081","10.0.0.2","32834","244","568765","1"
,"47.779371000","47.688218000","3460","296","192.168.178.95","8081","10.0.0.2","32834","244","569009","1"
,"47.779383000","47.688230000","3461","296","192.168.178.95","8081","10.0.0.2","32834","244","569253","1"
,"47.779417000","47.688264000","3462","296","192.168.178.95","8081","10.0.0.2","32834","244","569497","1"
,"47.779428000","47.688275000","3463","296","192.168.178.95","8081","10.0.0.2","32834","244","569741","1"
,"47.840729000","47.749576000","3464","52","10.0.0.2","32834","192.168.178.95","8081","0","1","559005"
,"47.840738000","47.749585000","3465","52","10.0.0.2","32834","192.168.178.95","8081","0","1","559493"
,"47.841670000","47.750517000","3466","296","192.168.178.95","8081","10.0.0.2","32834","244","569985","1"
,"47.841684000","47.750531000","3467","296","192.168.178.95","8081","10.0.0.2","32834","244","570229","1"
,"47.841699000","47.750546000","3468","296","192.168.178.95","8081","10.0.0.2","32834","244","570473","1"
,"47.841702000","47.750549000","3469","296","192.168.178.95","8081","10.0.0.2","32834","244","570717","1"
,"47.903210000","47.812057000","3470","52","10.0.0.2","32834","192.168.178.95","8081","0","1","560225"
,"47.903231000","47.812078000","3471","52","10.0.0.2","32834","192.168.178.95","8081","0","1","560713"
,"47.904168000","47.813015000","3472","296","192.168.178.95","8081","10.0.0.2","32834","244","570961","1"
,"47.904189000","47.813036000","3473","296","192.168.178.95","8081","10.0.0.2","32834","244","571205","1"
,"47.904223000","47.813070000","3474","296","192.168.178.95","8081","10.0.0.2","32834","244","571449","1"
,"47.904232000","47.813079000","3475","296","192.168.178.95","8081","10.0.0.2","32834","244","571693","1"
,"47.904263000","47.813110000","3476","296","192.168.178.95","8081","10.0.0.2","32834","244","571937","1"
,"47.904272000","47.813119000","3477","296","192.168.178.95","8081","10.0.0.2","32834","244","572181","1"
,"47.965805000","47.874652000","3478","52","10.0.0.2","32834","192.168.178.95","8081","0","1","561445"
,"47.965838000","47.874685000","3479","52","10.0.0.2","32834","192.168.178.95","8081","0","1","561933"
,"47.966851000","47.875698000","3480","296","192.168.178.95","8081","10.0.0.2","32834","244","572425","1"
,"47.966881000","47.875728000","3481","296","192.168.178.95","8081","10.0.0.2","32834","244","572669","1"
,"47.966922000","47.875769000","3482","296","192.168.178.95","8081","10.0.0.2","32834","244","572913","1"
,"47.966934000","47.875781000","3483","296","192.168.178.95","8081","10.0.0.2","32834","244","573157","1"
,"48.028189000","47.937036000","3484","52","10.0.0.2","32834","192.168.178.95","8081","0","1","562421"
,"48.028215000","47.937062000","3485","52","10.0.0.2","32834","192.168.178.95","8081","0","1","563153"
,"48.029317000","47.938164000","3486","296","192.168.178.95","8081","10.0.0.2","32834","244","573401","1"
,"48.029356000","47.938203000","3487","296","192.168.178.95","8081","10.0.0.2","32834","244","573645","1"
,"48.029410000","47.938257000","3488","296","192.168.178.95","8081","10.0.0.2","32834","244","573889","1"
,"48.029424000","47.938271000","3489","296","192.168.178.95","8081","10.0.0.2","32834","244","574133","1"
,"48.029461000","47.938308000","3490","296","192.168.178.95","8081","10.0.0.2","32834","244","574377","1"
,"48.029471000","47.938318000","3491","296","192.168.178.95","8081","10.0.0.2","32834","244","574621","1"
,"48.090740000","47.999587000","3492","52","10.0.0.2","32834","192.168.178.95","8081","0","1","563641"
,"48.090778000","47.999625000","3493","52","10.0.0.2","32834","192.168.178.95","8081","0","1","564373"
,"48.091897000","48.000744000","3494","296","192.168.178.95","8081","10.0.0.2","32834","244","574865","1"
,"48.091935000","48.000782000","3495","296","192.168.178.95","8081","10.0.0.2","32834","244","575109","1"
,"48.091988000","48.000835000","3496","296","192.168.178.95","8081","10.0.0.2","32834","244","575353","1"
,"48.092006000","48.000853000","3497","296","192.168.178.95","8081","10.0.0.2","32834","244","575597","1"
,"48.152387000","48.061234000","3498","52","10.0.0.2","32834","192.168.178.95","8081","0","1","564861"
,"48.152412000","48.061259000","3499","52","10.0.0.2","32834","192.168.178.95","8081","0","1","565593"
,"48.153514000","48.062361000","3500","296","192.168.178.95","8081","10.0.0.2","32834","244","575841","1"
,"48.153542000","48.062389000","3501","296","192.168.178.95","8081","10.0.0.2","32834","244","576085","1"
,"48.153583000","48.062430000","3502","296","192.168.178.95","8081","10.0.0.2","32834","244","576329","1"
,"48.153594000","48.062441000","3503","296","192.168.178.95","8081","10.0.0.2","32834","244","576573","1"
,"48.153631000","48.062478000","3504","296","192.168.178.95","8081","10.0.0.2","32834","244","576817","1"
,"48.153642000","48.062489000","3505","296","192.168.178.95","8081","10.0.0.2","32834","244","577061","1"
,"48.215971000","48.124818000","3506","52","10.0.0.2","32834","192.168.178.95","8081","0","1","566325"
,"48.215995000","48.124842000","3507","52","10.0.0.2","32834","192.168.178.95","8081","0","1","566813"
,"48.216921000","48.125768000","3508","296","192.168.178.95","8081","10.0.0.2","32834","244","577305","1"
,"48.216945000","48.125792000","3509","296","192.168.178.95","8081","10.0.0.2","32834","244","577549","1"
,"48.216982000","48.125829000","3510","296","192.168.178.95","8081","10.0.0.2","32834","244","577793","1"
,"48.216993000","48.125840000","3511","296","192.168.178.95","8081","10.0.0.2","32834","244","578037","1"
,"48.217027000","48.125874000","3512","296","192.168.178.95","8081","10.0.0.2","32834","244","578281","1"
,"48.217037000","48.125884000","3513","296","192.168.178.95","8081","10.0.0.2","32834","244","578525","1"
,"48.277865000","48.186712000","3514","52","10.0.0.2","32834","192.168.178.95","8081","0","1","567301"
,"48.277889000","48.186736000","3515","52","10.0.0.2","32834","192.168.178.95","8081","0","1","568033"
,"48.278745000","48.187592000","3516","296","192.168.178.95","8081","10.0.0.2","32834","244","578769","1"
,"48.278793000","48.187640000","3517","296","192.168.178.95","8081","10.0.0.2","32834","244","579013","1"
,"48.278832000","48.187679000","3518","296","192.168.178.95","8081","10.0.0.2","32834","244","579257","1"
,"48.278843000","48.187690000","3519","296","192.168.178.95","8081","10.0.0.2","32834","244","579501","1"
,"48.340368000","48.249215000","3520","52","10.0.0.2","32834","192.168.178.95","8081","0","1","569009"
,"48.340393000","48.249240000","3521","52","10.0.0.2","32834","192.168.178.95","8081","0","1","569253"
,"48.341453000","48.250300000","3522","296","192.168.178.95","8081","10.0.0.2","32834","244","579745","1"
,"48.341480000","48.250327000","3523","296","192.168.178.95","8081","10.0.0.2","32834","244","579989","1"
,"48.341516000","48.250363000","3524","296","192.168.178.95","8081","10.0.0.2","32834","244","580233","1"
,"48.341526000","48.250373000","3525","296","192.168.178.95","8081","10.0.0.2","32834","244","580477","1"
,"48.341561000","48.250408000","3526","296","192.168.178.95","8081","10.0.0.2","32834","244","580721","1"
,"48.341571000","48.250418000","3527","296","192.168.178.95","8081","10.0.0.2","32834","244","580965","1"
,"48.402793000","48.311640000","3528","52","10.0.0.2","32834","192.168.178.95","8081","0","1","569985"
,"48.402827000","48.311674000","3529","52","10.0.0.2","32834","192.168.178.95","8081","0","1","570473"
,"48.403904000","48.312751000","3530","296","192.168.178.95","8081","10.0.0.2","32834","244","581209","1"
,"48.403931000","48.312778000","3531","296","192.168.178.95","8081","10.0.0.2","32834","244","581453","1"
,"48.403984000","48.312831000","3532","296","192.168.178.95","8081","10.0.0.2","32834","244","581697","1"
,"48.404006000","48.312853000","3533","296","192.168.178.95","8081","10.0.0.2","32834","244","581941","1"
,"48.465834000","48.374681000","3534","52","10.0.0.2","32834","192.168.178.95","8081","0","1","570961"
,"48.465859000","48.374706000","3535","52","10.0.0.2","32834","192.168.178.95","8081","0","1","571693"
,"48.467001000","48.375848000","3536","296","192.168.178.95","8081","10.0.0.2","32834","244","582185","1"
,"48.467028000","48.375875000","3537","296","192.168.178.95","8081","10.0.0.2","32834","244","582429","1"
,"48.467065000","48.375912000","3538","296","192.168.178.95","8081","10.0.0.2","32834","244","582673","1"
,"48.467076000","48.375923000","3539","296","192.168.178.95","8081","10.0.0.2","32834","244","582917","1"
,"48.467111000","48.375958000","3540","296","192.168.178.95","8081","10.0.0.2","32834","244","583161","1"
,"48.467122000","48.375969000","3541","296","192.168.178.95","8081","10.0.0.2","32834","244","583405","1"
,"48.528125000","48.436972000","3542","52","10.0.0.2","32834","192.168.178.95","8081","0","1","572181"
,"48.528150000","48.436997000","3543","52","10.0.0.2","32834","192.168.178.95","8081","0","1","572913"
,"48.529188000","48.438035000","3544","296","192.168.178.95","8081","10.0.0.2","32834","244","583649","1"
,"48.529214000","48.438061000","3545","296","192.168.178.95","8081","10.0.0.2","32834","244","583893","1"
,"48.529251000","48.438098000","3546","296","192.168.178.95","8081","10.0.0.2","32834","244","584137","1"
,"48.529261000","48.438108000","3547","296","192.168.178.95","8081","10.0.0.2","32834","244","584381","1"
,"48.590342000","48.499189000","3548","52","10.0.0.2","32834","192.168.178.95","8081","0","1","573645"
,"48.590365000","48.499212000","3549","52","10.0.0.2","32834","192.168.178.95","8081","0","1","574133"
,"48.591492000","48.500339000","3550","296","192.168.178.95","8081","10.0.0.2","32834","244","584625","1"
,"48.591515000","48.500362000","3551","296","192.168.178.95","8081","10.0.0.2","32834","244","584869","1"
,"48.591549000","48.500396000","3552","296","192.168.178.95","8081","10.0.0.2","32834","244","585113","1"
,"48.591559000","48.500406000","3553","296","192.168.178.95","8081","10.0.0.2","32834","244","585357","1"
,"48.591598000","48.500445000","3554","296","192.168.178.95","8081","10.0.0.2","32834","244","585601","1"
,"48.591616000","48.500463000","3555","296","192.168.178.95","8081","10.0.0.2","32834","244","585845","1"
,"48.652662000","48.561509000","3556","52","10.0.0.2","32834","192.168.178.95","8081","0","1","574865"
,"48.652684000","48.561531000","3557","52","10.0.0.2","32834","192.168.178.95","8081","0","1","575353"
,"48.653763000","48.562610000","3558","296","192.168.178.95","8081","10.0.0.2","32834","244","586089","1"
,"48.653809000","48.562656000","3559","296","192.168.178.95","8081","10.0.0.2","32834","244","586333","1"
,"48.653845000","48.562692000","3560","296","192.168.178.95","8081","10.0.0.2","32834","244","586577","1"
,"48.653855000","48.562702000","3561","296","192.168.178.95","8081","10.0.0.2","32834","244","586821","1"
,"48.715683000","48.624530000","3562","52","10.0.0.2","32834","192.168.178.95","8081","0","1","576085"
,"48.715708000","48.624555000","3563","52","10.0.0.2","32834","192.168.178.95","8081","0","1","576573"
,"48.716660000","48.625507000","3564","296","192.168.178.95","8081","10.0.0.2","32834","244","587065","1"
,"48.716682000","48.625529000","3565","296","192.168.178.95","8081","10.0.0.2","32834","244","587309","1"
,"48.716719000","48.625566000","3566","296","192.168.178.95","8081","10.0.0.2","32834","244","587553","1"
,"48.716730000","48.625577000","3567","296","192.168.178.95","8081","10.0.0.2","32834","244","587797","1"
,"48.716779000","48.625626000","3568","296","192.168.178.95","8081","10.0.0.2","32834","244","588041","1"
,"48.716791000","48.625638000","3569","296","192.168.178.95","8081","10.0.0.2","32834","244","588285","1"
,"48.778190000","48.687037000","3570","52","10.0.0.2","32834","192.168.178.95","8081","0","1","577061"
,"48.778215000","48.687062000","3571","52","10.0.0.2","32834","192.168.178.95","8081","0","1","577793"
,"48.779275000","48.688122000","3572","296","192.168.178.95","8081","10.0.0.2","32834","244","588529","1"
,"48.779314000","48.688161000","3573","296","192.168.178.95","8081","10.0.0.2","32834","244","588773","1"
,"48.779365000","48.688212000","3574","296","192.168.178.95","8081","10.0.0.2","32834","244","589017","1"
,"48.779378000","48.688225000","3575","296","192.168.178.95","8081","10.0.0.2","32834","244","589261","1"
,"48.841043000","48.749890000","3576","52","10.0.0.2","32834","192.168.178.95","8081","0","1","578281"
,"48.841069000","48.749916000","3577","52","10.0.0.2","32834","192.168.178.95","8081","0","1","579013"
,"48.842038000","48.750885000","3578","296","192.168.178.95","8081","10.0.0.2","32834","244","589505","1"
,"48.842065000","48.750912000","3579","296","192.168.178.95","8081","10.0.0.2","32834","244","589749","1"
,"48.842105000","48.750952000","3580","296","192.168.178.95","8081","10.0.0.2","32834","244","589993","1"
,"48.842116000","48.750963000","3581","296","192.168.178.95","8081","10.0.0.2","32834","244","590237","1"
,"48.842154000","48.751001000","3582","296","192.168.178.95","8081","10.0.0.2","32834","244","590481","1"
,"48.842165000","48.751012000","3583","296","192.168.178.95","8081","10.0.0.2","32834","244","590725","1"
,"48.902446000","48.811293000","3584","52","10.0.0.2","32834","192.168.178.95","8081","0","1","579501"
,"48.902472000","48.811319000","3585","52","10.0.0.2","32834","192.168.178.95","8081","0","1","580233"
,"48.903558000","48.812405000","3586","296","192.168.178.95","8081","10.0.0.2","32834","244","590969","1"
,"48.903599000","48.812446000","3587","296","192.168.178.95","8081","10.0.0.2","32834","244","591213","1"
,"48.903650000","48.812497000","3588","296","192.168.178.95","8081","10.0.0.2","32834","244","591457","1"
,"48.903664000","48.812511000","3589","296","192.168.178.95","8081","10.0.0.2","32834","244","591701","1"
,"48.965987000","48.874834000","3590","52","10.0.0.2","32834","192.168.178.95","8081","0","1","580721"
,"48.966013000","48.874860000","3591","52","10.0.0.2","32834","192.168.178.95","8081","0","1","581453"
,"48.967094000","48.875941000","3592","296","192.168.178.95","8081","10.0.0.2","32834","244","591945","1"
,"48.967131000","48.875978000","3593","296","192.168.178.95","8081","10.0.0.2","32834","244","592189","1"
,"48.967178000","48.876025000","3594","296","192.168.178.95","8081","10.0.0.2","32834","244","592433","1"
,"48.967190000","48.876037000","3595","296","192.168.178.95","8081","10.0.0.2","32834","244","592677","1"
,"48.967225000","48.876072000","3596","296","192.168.178.95","8081","10.0.0.2","32834","244","592921","1"
,"48.967235000","48.876082000","3597","296","192.168.178.95","8081","10.0.0.2","32834","244","593165","1"
,"49.027859000","48.936706000","3598","52","10.0.0.2","32834","192.168.178.95","8081","0","1","582185"
,"49.027883000","48.936730000","3599","52","10.0.0.2","32834","192.168.178.95","8081","0","1","582673"
,"49.028753000","48.937600000","3600","296","192.168.178.95","8081","10.0.0.2","32834","244","593409","1"
,"49.028801000","48.937648000","3601","296","192.168.178.95","8081","10.0.0.2","32834","244","593653","1"
,"49.028839000","48.937686000","3602","296","192.168.178.95","8081","10.0.0.2","32834","244","593897","1"
,"49.028850000","48.937697000","3603","296","192.168.178.95","8081","10.0.0.2","32834","244","594141","1"
,"49.090787000","48.999634000","3604","52","10.0.0.2","32834","192.168.178.95","8081","0","1","583649"
,"49.090817000","48.999664000","3605","52","10.0.0.2","32834","192.168.178.95","8081","0","1","583893"
,"49.091973000","49.000820000","3606","296","192.168.178.95","8081","10.0.0.2","32834","244","594385","1"
,"49.092000000","49.000847000","3607","296","192.168.178.95","8081","10.0.0.2","32834","244","594629","1"
,"49.092078000","49.000925000","3608","296","192.168.178.95","8081","10.0.0.2","32834","244","594873","1"
,"49.092092000","49.000939000","3609","296","192.168.178.95","8081","10.0.0.2","32834","244","595117","1"
,"49.092127000","49.000974000","3610","296","192.168.178.95","8081","10.0.0.2","32834","244","595361","1"
,"49.092137000","49.000984000","3611","296","192.168.178.95","8081","10.0.0.2","32834","244","595605","1"
,"49.153012000","49.061859000","3612","52","10.0.0.2","32834","192.168.178.95","8081","0","1","584381"
,"49.153036000","49.061883000","3613","52","10.0.0.2","32834","192.168.178.95","8081","0","1","585113"
,"49.153968000","49.062815000","3614","296","192.168.178.95","8081","10.0.0.2","32834","244","595849","1"
,"49.153991000","49.062838000","3615","296","192.168.178.95","8081","10.0.0.2","32834","244","596093","1"
,"49.154027000","49.062874000","3616","296","192.168.178.95","8081","10.0.0.2","32834","244","596337","1"
,"49.154038000","49.062885000","3617","296","192.168.178.95","8081","10.0.0.2","32834","244","596581","1"
,"49.215363000","49.124210000","3618","52","10.0.0.2","32834","192.168.178.95","8081","0","1","585601"
,"49.215387000","49.124234000","3619","52","10.0.0.2","32834","192.168.178.95","8081","0","1","586089"
,"49.215398000","49.124245000","3620","52","10.0.0.2","32834","192.168.178.95","8081","0","1","586333"
,"49.216456000","49.125303000","3621","296","192.168.178.95","8081","10.0.0.2","32834","244","596825","1"
,"49.216484000","49.125331000","3622","296","192.168.178.95","8081","10.0.0.2","32834","244","597069","1"
,"49.216521000","49.125368000","3623","296","192.168.178.95","8081","10.0.0.2","32834","244","597313","1"
,"49.216532000","49.125379000","3624","296","192.168.178.95","8081","10.0.0.2","32834","244","597557","1"
,"49.216567000","49.125414000","3625","296","192.168.178.95","8081","10.0.0.2","32834","244","597801","1"
,"49.216577000","49.125424000","3626","296","192.168.178.95","8081","10.0.0.2","32834","244","598045","1"
,"49.277663000","49.186510000","3627","52","10.0.0.2","32834","192.168.178.95","8081","0","1","586821"
,"49.277687000","49.186534000","3628","52","10.0.0.2","32834","192.168.178.95","8081","0","1","587553"
,"49.278846000","49.187693000","3629","296","192.168.178.95","8081","10.0.0.2","32834","244","598289","1"
,"49.278870000","49.187717000","3630","296","192.168.178.95","8081","10.0.0.2","32834","244","598533","1"
,"49.278906000","49.187753000","3631","296","192.168.178.95","8081","10.0.0.2","32834","244","598777","1"
,"49.278917000","49.187764000","3632","296","192.168.178.95","8081","10.0.0.2","32834","244","599021","1"
,"49.340622000","49.249469000","3633","52","10.0.0.2","32834","192.168.178.95","8081","0","1","588041"
,"49.340649000","49.249496000","3634","52","10.0.0.2","32834","192.168.178.95","8081","0","1","588773"
,"49.341792000","49.250639000","3635","296","192.168.178.95","8081","10.0.0.2","32834","244","599265","1"
,"49.341824000","49.250671000","3636","296","192.168.178.95","8081","10.0.0.2","32834","244","599509","1"
,"49.341862000","49.250709000","3637","296","192.168.178.95","8081","10.0.0.2","32834","244","599753","1"
,"49.341873000","49.250720000","3638","296","192.168.178.95","8081","10.0.0.2","32834","244","599997","1"
,"49.341908000","49.250755000","3639","296","192.168.178.95","8081","10.0.0.2","32834","244","600241","1"
,"49.341918000","49.250765000","3640","296","192.168.178.95","8081","10.0.0.2","32834","244","600485","1"
,"49.403074000","49.311921000","3641","52","10.0.0.2","32834","192.168.178.95","8081","0","1","589993"
,"49.404125000","49.312972000","3642","296","192.168.178.95","8081","10.0.0.2","32834","244","600729","1"
,"49.404153000","49.313000000","3643","296","192.168.178.95","8081","10.0.0.2","32834","244","600973","1"
,"49.404193000","49.313040000","3644","296","192.168.178.95","8081","10.0.0.2","32834","244","601217","1"
,"49.404205000","49.313052000","3645","296","192.168.178.95","8081","10.0.0.2","32834","244","601461","1"
,"49.466327000","49.375174000","3646","52","10.0.0.2","32834","192.168.178.95","8081","0","1","591213"
,"49.467422000","49.376269000","3647","296","192.168.178.95","8081","10.0.0.2","32834","244","601705","1"
,"49.467451000","49.376298000","3648","296","192.168.178.95","8081","10.0.0.2","32834","244","601949","1"
,"49.467492000","49.376339000","3649","296","192.168.178.95","8081","10.0.0.2","32834","244","602193","1"
,"49.467503000","49.376350000","3650","296","192.168.178.95","8081","10.0.0.2","32834","244","602437","1"
,"49.467541000","49.376388000","3651","296","192.168.178.95","8081","10.0.0.2","32834","244","602681","1"
,"49.467554000","49.376401000","3652","296","192.168.178.95","8081","10.0.0.2","32834","244","602925","1"
,"49.527878000","49.436725000","3653","52","10.0.0.2","32834","192.168.178.95","8081","0","1","592433"
,"49.528934000","49.437781000","3654","296","192.168.178.95","8081","10.0.0.2","32834","244","603169","1"
,"49.528960000","49.437807000","3655","296","192.168.178.95","8081","10.0.0.2","32834","244","603413","1"
,"49.528997000","49.437844000","3656","296","192.168.178.95","8081","10.0.0.2","32834","244","603657","1"
,"49.529008000","49.437855000","3657","296","192.168.178.95","8081","10.0.0.2","32834","244","603901","1"
,"49.529043000","49.437890000","3658","296","192.168.178.95","8081","10.0.0.2","32834","244","604145","1"
,"49.529054000","49.437901000","3659","296","192.168.178.95","8081","10.0.0.2","32834","244","604389","1"
,"49.591114000","49.499961000","3660","52","10.0.0.2","32834","192.168.178.95","8081","0","1","592921"
,"49.591140000","49.499987000","3661","52","10.0.0.2","32834","192.168.178.95","8081","0","1","593653"
,"49.592320000","49.501167000","3662","296","192.168.178.95","8081","10.0.0.2","32834","244","604633","1"
,"49.592346000","49.501193000","3663","296","192.168.178.95","8081","10.0.0.2","32834","244","604877","1"
,"49.592384000","49.501231000","3664","296","192.168.178.95","8081","10.0.0.2","32834","244","605121","1"
,"49.592394000","49.501241000","3665","296","192.168.178.95","8081","10.0.0.2","32834","244","605365","1"
,"49.653117000","49.561964000","3666","52","10.0.0.2","32834","192.168.178.95","8081","0","1","594873"
,"49.654055000","49.562902000","3667","296","192.168.178.95","8081","10.0.0.2","32834","244","605609","1"
,"49.654081000","49.562928000","3668","296","192.168.178.95","8081","10.0.0.2","32834","244","605853","1"
,"49.654117000","49.562964000","3669","296","192.168.178.95","8081","10.0.0.2","32834","244","606097","1"
,"49.654127000","49.562974000","3670","296","192.168.178.95","8081","10.0.0.2","32834","244","606341","1"
,"49.654160000","49.563007000","3671","296","192.168.178.95","8081","10.0.0.2","32834","244","606585","1"
,"49.654170000","49.563017000","3672","296","192.168.178.95","8081","10.0.0.2","32834","244","606829","1"
,"49.715469000","49.624316000","3673","52","10.0.0.2","32834","192.168.178.95","8081","0","1","596093"
,"49.716413000","49.625260000","3674","296","192.168.178.95","8081","10.0.0.2","32834","244","607073","1"
,"49.716435000","49.625282000","3675","296","192.168.178.95","8081","10.0.0.2","32834","244","607317","1"
,"49.716471000","49.625318000","3676","296","192.168.178.95","8081","10.0.0.2","32834","244","607561","1"
,"49.716482000","49.625329000","3677","296","192.168.178.95","8081","10.0.0.2","32834","244","607805","1"
,"49.777959000","49.686806000","3678","52","10.0.0.2","32834","192.168.178.95","8081","0","1","597313"
,"49.778967000","49.687814000","3679","296","192.168.178.95","8081","10.0.0.2","32834","244","608049","1"
,"49.778994000","49.687841000","3680","296","192.168.178.95","8081","10.0.0.2","32834","244","608293","1"
,"49.779032000","49.687879000","3681","296","192.168.178.95","8081","10.0.0.2","32834","244","608537","1"
,"49.779043000","49.687890000","3682","296","192.168.178.95","8081","10.0.0.2","32834","244","608781","1"
,"49.779077000","49.687924000","3683","296","192.168.178.95","8081","10.0.0.2","32834","244","609025","1"
,"49.779088000","49.687935000","3684","296","192.168.178.95","8081","10.0.0.2","32834","244","609269","1"
,"49.840785000","49.749632000","3685","52","10.0.0.2","32834","192.168.178.95","8081","0","1","598777"
,"49.841706000","49.750553000","3686","296","192.168.178.95","8081","10.0.0.2","32834","244","609513","1"
,"49.841733000","49.750580000","3687","296","192.168.178.95","8081","10.0.0.2","32834","244","609757","1"
,"49.841791000","49.750638000","3688","296","192.168.178.95","8081","10.0.0.2","32834","244","610001","1"
,"49.841803000","49.750650000","3689","296","192.168.178.95","8081","10.0.0.2","32834","244","610245","1"
,"49.841838000","49.750685000","3690","296","192.168.178.95","8081","10.0.0.2","32834","244","610489","1"
,"49.841848000","49.750695000","3691","296","192.168.178.95","8081","10.0.0.2","32834","244","610733","1"
,"49.903043000","49.811890000","3692","52","10.0.0.2","32834","192.168.178.95","8081","0","1","599997"
,"49.904127000","49.812974000","3693","296","192.168.178.95","8081","10.0.0.2","32834","244","610977","1"
,"49.904153000","49.813000000","3694","296","192.168.178.95","8081","10.0.0.2","32834","244","611221","1"
,"49.904193000","49.813040000","3695","296","192.168.178.95","8081","10.0.0.2","32834","244","611465","1"
,"49.904208000","49.813055000","3696","296","192.168.178.95","8081","10.0.0.2","32834","244","611709","1"
,"49.965597000","49.874444000","3697","52","10.0.0.2","32834","192.168.178.95","8081","0","1","601217"
,"49.966565000","49.875412000","3698","296","192.168.178.95","8081","10.0.0.2","32834","244","611953","1"
,"49.966590000","49.875437000","3699","296","192.168.178.95","8081","10.0.0.2","32834","244","612197","1"
,"49.966631000","49.875478000","3700","296","192.168.178.95","8081","10.0.0.2","32834","244","612441","1"
,"49.966643000","49.875490000","3701","296","192.168.178.95","8081","10.0.0.2","32834","244","612685","1"
,"49.966680000","49.875527000","3702","296","192.168.178.95","8081","10.0.0.2","32834","244","612929","1"
,"49.966691000","49.875538000","3703","296","192.168.178.95","8081","10.0.0.2","32834","244","613173","1"
,"50.027469000","49.936316000","3704","52","10.0.0.2","32834","192.168.178.95","8081","0","1","602437"
,"50.028566000","49.937413000","3705","296","192.168.178.95","8081","10.0.0.2","32834","244","613417","1"
,"50.028593000","49.937440000","3706","296","192.168.178.95","8081","10.0.0.2","32834","244","613661","1"
,"50.028629000","49.937476000","3707","296","192.168.178.95","8081","10.0.0.2","32834","244","613905","1"
,"50.028640000","49.937487000","3708","296","192.168.178.95","8081","10.0.0.2","32834","244","614149","1"
,"50.090858000","49.999705000","3709","52","10.0.0.2","32834","192.168.178.95","8081","0","1","603657"
,"50.091903000","50.000750000","3710","296","192.168.178.95","8081","10.0.0.2","32834","244","614393","1"
,"50.091926000","50.000773000","3711","296","192.168.178.95","8081","10.0.0.2","32834","244","614637","1"
,"50.091963000","50.000810000","3712","296","192.168.178.95","8081","10.0.0.2","32834","244","614881","1"
,"50.091973000","50.000820000","3713","296","192.168.178.95","8081","10.0.0.2","32834","244","615125","1"
,"50.092007000","50.000854000","3714","296","192.168.178.95","8081","10.0.0.2","32834","244","615369","1"
,"50.092018000","50.000865000","3715","296","192.168.178.95","8081","10.0.0.2","32834","244","615613","1"
,"50.152922000","50.061769000","3716","52","10.0.0.2","32834","192.168.178.95","8081","0","1","604877"
,"50.153895000","50.062742000","3717","296","192.168.178.95","8081","10.0.0.2","32834","244","615857","1"
,"50.153924000","50.062771000","3718","296","192.168.178.95","8081","10.0.0.2","32834","244","616101","1"
,"50.153968000","50.062815000","3719","296","192.168.178.95","8081","10.0.0.2","32834","244","616345","1"
,"50.153986000","50.062833000","3720","296","192.168.178.95","8081","10.0.0.2","32834","244","616589","1"
,"50.216392000","50.125239000","3721","52","10.0.0.2","32834","192.168.178.95","8081","0","1","606097"
,"50.217437000","50.126284000","3722","296","192.168.178.95","8081","10.0.0.2","32834","244","616833","1"
,"50.217465000","50.126312000","3723","296","192.168.178.95","8081","10.0.0.2","32834","244","617077","1"
,"50.217502000","50.126349000","3724","296","192.168.178.95","8081","10.0.0.2","32834","244","617321","1"
,"50.217513000","50.126360000","3725","296","192.168.178.95","8081","10.0.0.2","32834","244","617565","1"
,"50.217559000","50.126406000","3726","296","192.168.178.95","8081","10.0.0.2","32834","244","617809","1"
,"50.217576000","50.126423000","3727","296","192.168.178.95","8081","10.0.0.2","32834","244","618053","1"
,"50.277579000","50.186426000","3728","52","10.0.0.2","32834","192.168.178.95","8081","0","1","607317"
,"50.278663000","50.187510000","3729","296","192.168.178.95","8081","10.0.0.2","32834","244","618297","1"
,"50.278688000","50.187535000","3730","296","192.168.178.95","8081","10.0.0.2","32834","244","618541","1"
,"50.278722000","50.187569000","3731","296","192.168.178.95","8081","10.0.0.2","32834","244","618785","1"
,"50.278731000","50.187578000","3732","296","192.168.178.95","8081","10.0.0.2","32834","244","619029","1"
,"50.340524000","50.249371000","3733","52","10.0.0.2","32834","192.168.178.95","8081","0","1","608537"
,"50.341636000","50.250483000","3734","296","192.168.178.95","8081","10.0.0.2","32834","244","619273","1"
,"50.341662000","50.250509000","3735","296","192.168.178.95","8081","10.0.0.2","32834","244","619517","1"
,"50.341700000","50.250547000","3736","296","192.168.178.95","8081","10.0.0.2","32834","244","619761","1"
,"50.341711000","50.250558000","3737","296","192.168.178.95","8081","10.0.0.2","32834","244","620005","1"
,"50.341745000","50.250592000","3738","296","192.168.178.95","8081","10.0.0.2","32834","244","620249","1"
,"50.341755000","50.250602000","3739","296","192.168.178.95","8081","10.0.0.2","32834","244","620493","1"
,"50.402906000","50.311753000","3740","52","10.0.0.2","32834","192.168.178.95","8081","0","1","609757"
,"50.404019000","50.312866000","3741","296","192.168.178.95","8081","10.0.0.2","32834","244","620737","1"
,"50.404048000","50.312895000","3742","296","192.168.178.95","8081","10.0.0.2","32834","244","620981","1"
,"50.404084000","50.312931000","3743","296","192.168.178.95","8081","10.0.0.2","32834","244","621225","1"
,"50.404094000","50.312941000","3744","296","192.168.178.95","8081","10.0.0.2","32834","244","621469","1"
,"50.466147000","50.374994000","3745","52","10.0.0.2","32834","192.168.178.95","8081","0","1","610977"
,"50.467244000","50.376091000","3746","296","192.168.178.95","8081","10.0.0.2","32834","244","621713","1"
,"50.467271000","50.376118000","3747","296","192.168.178.95","8081","10.0.0.2","32834","244","621957","1"
,"50.467308000","50.376155000","3748","296","192.168.178.95","8081","10.0.0.2","32834","244","622201","1"
,"50.467318000","50.376165000","3749","296","192.168.178.95","8081","10.0.0.2","32834","244","622445","1"
,"50.467352000","50.376199000","3750","296","192.168.178.95","8081","10.0.0.2","32834","244","622689","1"
,"50.467362000","50.376209000","3751","296","192.168.178.95","8081","10.0.0.2","32834","244","622933","1"
,"50.527522000","50.436369000","3752","52","10.0.0.2","32834","192.168.178.95","8081","0","1","612197"
,"50.528602000","50.437449000","3753","296","192.168.178.95","8081","10.0.0.2","32834","244","623177","1"
,"50.528626000","50.437473000","3754","296","192.168.178.95","8081","10.0.0.2","32834","244","623421","1"
,"50.528663000","50.437510000","3755","296","192.168.178.95","8081","10.0.0.2","32834","244","623665","1"
,"50.528672000","50.437519000","3756","296","192.168.178.95","8081","10.0.0.2","32834","244","623909","1"
,"50.590804000","50.499651000","3757","52","10.0.0.2","32834","192.168.178.95","8081","0","1","613417"
,"50.591972000","50.500819000","3758","296","192.168.178.95","8081","10.0.0.2","32834","244","624153","1"
,"50.591997000","50.500844000","3759","296","192.168.178.95","8081","10.0.0.2","32834","244","624397","1"
,"50.592036000","50.500883000","3760","296","192.168.178.95","8081","10.0.0.2","32834","244","624641","1"
,"50.592049000","50.500896000","3761","296","192.168.178.95","8081","10.0.0.2","32834","244","624885","1"
,"50.592087000","50.500934000","3762","296","192.168.178.95","8081","10.0.0.2","32834","244","625129","1"
,"50.592101000","50.500948000","3763","296","192.168.178.95","8081","10.0.0.2","32834","244","625373","1"
,"50.653001000","50.561848000","3764","52","10.0.0.2","32834","192.168.178.95","8081","0","1","614637"
,"50.654079000","50.562926000","3765","296","192.168.178.95","8081","10.0.0.2","32834","244","625617","1"
,"50.654107000","50.562954000","3766","296","192.168.178.95","8081","10.0.0.2","32834","244","625861","1"
,"50.654144000","50.562991000","3767","296","192.168.178.95","8081","10.0.0.2","32834","244","626105","1"
,"50.654154000","50.563001000","3768","296","192.168.178.95","8081","10.0.0.2","32834","244","626349","1"
,"50.716279000","50.625126000","3769","52","10.0.0.2","32834","192.168.178.95","8081","0","1","615857"
,"50.717358000","50.626205000","3770","296","192.168.178.95","8081","10.0.0.2","32834","244","626593","1"
,"50.717385000","50.626232000","3771","296","192.168.178.95","8081","10.0.0.2","32834","244","626837","1"
,"50.717421000","50.626268000","3772","296","192.168.178.95","8081","10.0.0.2","32834","244","627081","1"
,"50.717432000","50.626279000","3773","296","192.168.178.95","8081","10.0.0.2","32834","244","627325","1"
,"50.717466000","50.626313000","3774","296","192.168.178.95","8081","10.0.0.2","32834","244","627569","1"
,"50.717477000","50.626324000","3775","296","192.168.178.95","8081","10.0.0.2","32834","244","627813","1"
,"50.777779000","50.686626000","3776","52","10.0.0.2","32834","192.168.178.95","8081","0","1","617077"
,"50.778879000","50.687726000","3777","296","192.168.178.95","8081","10.0.0.2","32834","244","628057","1"
,"50.778907000","50.687754000","3778","296","192.168.178.95","8081","10.0.0.2","32834","244","628301","1"
,"50.778948000","50.687795000","3779","296","192.168.178.95","8081","10.0.0.2","32834","244","628545","1"
,"50.778961000","50.687808000","3780","296","192.168.178.95","8081","10.0.0.2","32834","244","628789","1"
,"50.840892000","50.749739000","3781","52","10.0.0.2","32834","192.168.178.95","8081","0","1","617565"
,"50.840916000","50.749763000","3782","52","10.0.0.2","32834","192.168.178.95","8081","0","1","618297"
,"50.842013000","50.750860000","3783","296","192.168.178.95","8081","10.0.0.2","32834","244","629033","1"
,"50.842041000","50.750888000","3784","296","192.168.178.95","8081","10.0.0.2","32834","244","629277","1"
,"50.842081000","50.750928000","3785","296","192.168.178.95","8081","10.0.0.2","32834","244","629521","1"
,"50.842092000","50.750939000","3786","296","192.168.178.95","8081","10.0.0.2","32834","244","629765","1"
,"50.842129000","50.750976000","3787","296","192.168.178.95","8081","10.0.0.2","32834","244","630009","1"
,"50.842140000","50.750987000","3788","296","192.168.178.95","8081","10.0.0.2","32834","244","630253","1"
,"50.903085000","50.811932000","3789","52","10.0.0.2","32834","192.168.178.95","8081","0","1","619517"
,"50.904151000","50.812998000","3790","296","192.168.178.95","8081","10.0.0.2","32834","244","630497","1"
,"50.904178000","50.813025000","3791","296","192.168.178.95","8081","10.0.0.2","32834","244","630741","1"
,"50.904215000","50.813062000","3792","296","192.168.178.95","8081","10.0.0.2","32834","244","630985","1"
,"50.904225000","50.813072000","3793","296","192.168.178.95","8081","10.0.0.2","32834","244","631229","1"
,"50.904259000","50.813106000","3794","296","192.168.178.95","8081","10.0.0.2","32834","244","631473","1"
,"50.904269000","50.813116000","3795","296","192.168.178.95","8081","10.0.0.2","32834","244","631717","1"
,"50.966404000","50.875251000","3796","52","10.0.0.2","32834","192.168.178.95","8081","0","1","620737"
,"50.967506000","50.876353000","3797","296","192.168.178.95","8081","10.0.0.2","32834","244","631961","1"
,"50.967533000","50.876380000","3798","296","192.168.178.95","8081","10.0.0.2","32834","244","632205","1"
,"50.967570000","50.876417000","3799","296","192.168.178.95","8081","10.0.0.2","32834","244","632449","1"
,"50.967580000","50.876427000","3800","296","192.168.178.95","8081","10.0.0.2","32834","244","632693","1"
,"51.027839000","50.936686000","3801","52","10.0.0.2","32834","192.168.178.95","8081","0","1","621957"
,"51.028965000","50.937812000","3802","296","192.168.178.95","8081","10.0.0.2","32834","244","632937","1"
,"51.028992000","50.937839000","3803","296","192.168.178.95","8081","10.0.0.2","32834","244","633181","1"
,"51.029029000","50.937876000","3804","296","192.168.178.95","8081","10.0.0.2","32834","244","633425","1"
,"51.029040000","50.937887000","3805","296","192.168.178.95","8081","10.0.0.2","32834","244","633669","1"
,"51.029075000","50.937922000","3806","296","192.168.178.95","8081","10.0.0.2","32834","244","633913","1"
,"51.029086000","50.937933000","3807","296","192.168.178.95","8081","10.0.0.2","32834","244","634157","1"
,"51.090741000","50.999588000","3808","52","10.0.0.2","32834","192.168.178.95","8081","0","1","623177"
,"51.091755000","51.000602000","3809","296","192.168.178.95","8081","10.0.0.2","32834","244","634401","1"
,"51.091808000","51.000655000","3810","296","192.168.178.95","8081","10.0.0.2","32834","244","634645","1"
,"51.091846000","51.000693000","3811","296","192.168.178.95","8081","10.0.0.2","32834","244","634889","1"
,"51.091857000","51.000704000","3812","296","192.168.178.95","8081","10.0.0.2","32834","244","635133","1"
,"51.153192000","51.062039000","3813","52","10.0.0.2","32834","192.168.178.95","8081","0","1","624397"
,"51.154201000","51.063048000","3814","296","192.168.178.95","8081","10.0.0.2","32834","244","635377","1"
,"51.154238000","51.063085000","3815","296","192.168.178.95","8081","10.0.0.2","32834","244","635621","1"
,"51.154296000","51.063143000","3816","296","192.168.178.95","8081","10.0.0.2","32834","244","635865","1"
,"51.154310000","51.063157000","3817","296","192.168.178.95","8081","10.0.0.2","32834","244","636109","1"
,"51.154347000","51.063194000","3818","296","192.168.178.95","8081","10.0.0.2","32834","244","636353","1"
,"51.154357000","51.063204000","3819","296","192.168.178.95","8081","10.0.0.2","32834","244","636597","1"
,"51.215657000","51.124504000","3820","52","10.0.0.2","32834","192.168.178.95","8081","0","1","625617"
,"51.216782000","51.125629000","3821","296","192.168.178.95","8081","10.0.0.2","32834","244","636841","1"
,"51.216812000","51.125659000","3822","296","192.168.178.95","8081","10.0.0.2","32834","244","637085","1"
,"51.216851000","51.125698000","3823","296","192.168.178.95","8081","10.0.0.2","32834","244","637329","1"
,"51.216862000","51.125709000","3824","296","192.168.178.95","8081","10.0.0.2","32834","244","637573","1"
,"51.278339000","51.187186000","3825","52","10.0.0.2","32834","192.168.178.95","8081","0","1","626837"
,"51.279340000","51.188187000","3826","296","192.168.178.95","8081","10.0.0.2","32834","244","637817","1"
,"51.279367000","51.188214000","3827","296","192.168.178.95","8081","10.0.0.2","32834","244","638061","1"
,"51.279404000","51.188251000","3828","296","192.168.178.95","8081","10.0.0.2","32834","244","638305","1"
,"51.279414000","51.188261000","3829","296","192.168.178.95","8081","10.0.0.2","32834","244","638549","1"
,"51.279448000","51.188295000","3830","296","192.168.178.95","8081","10.0.0.2","32834","244","638793","1"
,"51.279459000","51.188306000","3831","296","192.168.178.95","8081","10.0.0.2","32834","244","639037","1"
,"51.341049000","51.249896000","3832","52","10.0.0.2","32834","192.168.178.95","8081","0","1","628057"
,"51.342013000","51.250860000","3833","296","192.168.178.95","8081","10.0.0.2","32834","244","639281","1"
,"51.342039000","51.250886000","3834","296","192.168.178.95","8081","10.0.0.2","32834","244","639525","1"
,"51.342075000","51.250922000","3835","296","192.168.178.95","8081","10.0.0.2","32834","244","639769","1"
,"51.342085000","51.250932000","3836","296","192.168.178.95","8081","10.0.0.2","32834","244","640013","1"
,"51.402569000","51.311416000","3837","52","10.0.0.2","32834","192.168.178.95","8081","0","1","629277"
,"51.403559000","51.312406000","3838","296","192.168.178.95","8081","10.0.0.2","32834","244","640257","1"
,"51.403585000","51.312432000","3839","296","192.168.178.95","8081","10.0.0.2","32834","244","640501","1"
,"51.403622000","51.312469000","3840","296","192.168.178.95","8081","10.0.0.2","32834","244","640745","1"
,"51.403633000","51.312480000","3841","296","192.168.178.95","8081","10.0.0.2","32834","244","640989","1"
,"51.403668000","51.312515000","3842","296","192.168.178.95","8081","10.0.0.2","32834","244","641233","1"
,"51.403679000","51.312526000","3843","296","192.168.178.95","8081","10.0.0.2","32834","244","641477","1"
,"51.466033000","51.374880000","3844","52","10.0.0.2","32834","192.168.178.95","8081","0","1","630497"
,"51.466962000","51.375809000","3845","296","192.168.178.95","8081","10.0.0.2","32834","244","641721","1"
,"51.466985000","51.375832000","3846","296","192.168.178.95","8081","10.0.0.2","32834","244","641965","1"
,"51.467023000","51.375870000","3847","296","192.168.178.95","8081","10.0.0.2","32834","244","642209","1"
,"51.467034000","51.375881000","3848","296","192.168.178.95","8081","10.0.0.2","32834","244","642453","1"
,"51.527823000","51.436670000","3849","52","10.0.0.2","32834","192.168.178.95","8081","0","1","631717"
,"51.528895000","51.437742000","3850","296","192.168.178.95","8081","10.0.0.2","32834","244","642697","1"
,"51.528923000","51.437770000","3851","296","192.168.178.95","8081","10.0.0.2","32834","244","642941","1"
,"51.528959000","51.437806000","3852","296","192.168.178.95","8081","10.0.0.2","32834","244","643185","1"
,"51.528970000","51.437817000","3853","296","192.168.178.95","8081","10.0.0.2","32834","244","643429","1"
,"51.529004000","51.437851000","3854","296","192.168.178.95","8081","10.0.0.2","32834","244","643673","1"
,"51.529014000","51.437861000","3855","296","192.168.178.95","8081","10.0.0.2","32834","244","643917","1"
,"51.591159000","51.500006000","3856","52","10.0.0.2","32834","192.168.178.95","8081","0","1","632937"
,"51.592321000","51.501168000","3857","296","192.168.178.95","8081","10.0.0.2","32834","244","644161","1"
,"51.592348000","51.501195000","3858","296","192.168.178.95","8081","10.0.0.2","32834","244","644405","1"
,"51.592384000","51.501231000","3859","296","192.168.178.95","8081","10.0.0.2","32834","244","644649","1"
,"51.592395000","51.501242000","3860","296","192.168.178.95","8081","10.0.0.2","32834","244","644893","1"
,"51.652327000","51.561174000","3861","52","10.0.0.2","32834","192.168.178.95","8081","0","1","634157"
,"51.653335000","51.562182000","3862","296","192.168.178.95","8081","10.0.0.2","32834","244","645137","1"
,"51.653362000","51.562209000","3863","296","192.168.178.95","8081","10.0.0.2","32834","244","645381","1"
,"51.653399000","51.562246000","3864","296","192.168.178.95","8081","10.0.0.2","32834","244","645625","1"
,"51.653409000","51.562256000","3865","296","192.168.178.95","8081","10.0.0.2","32834","244","645869","1"
,"51.653444000","51.562291000","3866","296","192.168.178.95","8081","10.0.0.2","32834","244","646113","1"
,"51.653454000","51.562301000","3867","296","192.168.178.95","8081","10.0.0.2","32834","244","646357","1"
,"51.715610000","51.624457000","3868","52","10.0.0.2","32834","192.168.178.95","8081","0","1","635377"
,"51.716734000","51.625581000","3869","296","192.168.178.95","8081","10.0.0.2","32834","244","646601","1"
,"51.716760000","51.625607000","3870","296","192.168.178.95","8081","10.0.0.2","32834","244","646845","1"
,"51.716830000","51.625677000","3871","296","192.168.178.95","8081","10.0.0.2","32834","244","647089","1"
,"51.716846000","51.625693000","3872","296","192.168.178.95","8081","10.0.0.2","32834","244","647333","1"
,"51.777793000","51.686640000","3873","52","10.0.0.2","32834","192.168.178.95","8081","0","1","636597"
,"51.778856000","51.687703000","3874","296","192.168.178.95","8081","10.0.0.2","32834","244","647577","1"
,"51.778880000","51.687727000","3875","296","192.168.178.95","8081","10.0.0.2","32834","244","647821","1"
,"51.778916000","51.687763000","3876","296","192.168.178.95","8081","10.0.0.2","32834","244","648065","1"
,"51.778926000","51.687773000","3877","296","192.168.178.95","8081","10.0.0.2","32834","244","648309","1"
,"51.778960000","51.687807000","3878","296","192.168.178.95","8081","10.0.0.2","32834","244","648553","1"
,"51.778970000","51.687817000","3879","296","192.168.178.95","8081","10.0.0.2","32834","244","648797","1"
,"51.841104000","51.749951000","3880","52","10.0.0.2","32834","192.168.178.95","8081","0","1","637817"
,"51.842186000","51.751033000","3881","296","192.168.178.95","8081","10.0.0.2","32834","244","649041","1"
,"51.842215000","51.751062000","3882","296","192.168.178.95","8081","10.0.0.2","32834","244","649285","1"
,"51.842255000","51.751102000","3883","296","192.168.178.95","8081","10.0.0.2","32834","244","649529","1"
,"51.842266000","51.751113000","3884","296","192.168.178.95","8081","10.0.0.2","32834","244","649773","1"
,"51.903368000","51.812215000","3885","52","10.0.0.2","32834","192.168.178.95","8081","0","1","639037"
,"51.904496000","51.813343000","3886","296","192.168.178.95","8081","10.0.0.2","32834","244","650017","1"
,"51.904523000","51.813370000","3887","296","192.168.178.95","8081","10.0.0.2","32834","244","650261","1"
,"51.904560000","51.813407000","3888","296","192.168.178.95","8081","10.0.0.2","32834","244","650505","1"
,"51.904570000","51.813417000","3889","296","192.168.178.95","8081","10.0.0.2","32834","244","650749","1"
,"51.904603000","51.813450000","3890","296","192.168.178.95","8081","10.0.0.2","32834","244","650993","1"
,"51.904614000","51.813461000","3891","296","192.168.178.95","8081","10.0.0.2","32834","244","651237","1"
,"51.965602000","51.874449000","3892","52","10.0.0.2","32834","192.168.178.95","8081","0","1","640257"
,"51.966613000","51.875460000","3893","296","192.168.178.95","8081","10.0.0.2","32834","244","651481","1"
,"51.966637000","51.875484000","3894","296","192.168.178.95","8081","10.0.0.2","32834","244","651725","1"
,"51.966677000","51.875524000","3895","296","192.168.178.95","8081","10.0.0.2","32834","244","651969","1"
,"51.966688000","51.875535000","3896","296","192.168.178.95","8081","10.0.0.2","32834","244","652213","1"
,"52.027680000","51.936527000","3897","52","10.0.0.2","32834","192.168.178.95","8081","0","1","641477"
,"52.028851000","51.937698000","3898","296","192.168.178.95","8081","10.0.0.2","32834","244","652457","1"
,"52.028879000","51.937726000","3899","296","192.168.178.95","8081","10.0.0.2","32834","244","652701","1"
,"52.028920000","51.937767000","3900","296","192.168.178.95","8081","10.0.0.2","32834","244","652945","1"
,"52.028932000","51.937779000","3901","296","192.168.178.95","8081","10.0.0.2","32834","244","653189","1"
,"52.028969000","51.937816000","3902","296","192.168.178.95","8081","10.0.0.2","32834","244","653433","1"
,"52.028980000","51.937827000","3903","296","192.168.178.95","8081","10.0.0.2","32834","244","653677","1"
,"52.091145000","51.999992000","3904","52","10.0.0.2","32834","192.168.178.95","8081","0","1","642697"
,"52.092279000","52.001126000","3905","296","192.168.178.95","8081","10.0.0.2","32834","244","653921","1"
,"52.092303000","52.001150000","3906","296","192.168.178.95","8081","10.0.0.2","32834","244","654165","1"
,"52.092339000","52.001186000","3907","296","192.168.178.95","8081","10.0.0.2","32834","244","654409","1"
,"52.092350000","52.001197000","3908","296","192.168.178.95","8081","10.0.0.2","32834","244","654653","1"
,"52.153129000","52.061976000","3909","52","10.0.0.2","32834","192.168.178.95","8081","0","1","643917"
,"52.154101000","52.062948000","3910","296","192.168.178.95","8081","10.0.0.2","32834","244","654897","1"
,"52.154125000","52.062972000","3911","296","192.168.178.95","8081","10.0.0.2","32834","244","655141","1"
,"52.154165000","52.063012000","3912","296","192.168.178.95","8081","10.0.0.2","32834","244","655385","1"
,"52.154176000","52.063023000","3913","296","192.168.178.95","8081","10.0.0.2","32834","244","655629","1"
,"52.154213000","52.063060000","3914","296","192.168.178.95","8081","10.0.0.2","32834","244","655873","1"
,"52.154224000","52.063071000","3915","296","192.168.178.95","8081","10.0.0.2","32834","244","656117","1"
,"52.215797000","52.124644000","3916","52","10.0.0.2","32834","192.168.178.95","8081","0","1","645137"
,"52.216693000","52.125540000","3917","296","192.168.178.95","8081","10.0.0.2","32834","244","656361","1"
,"52.216719000","52.125566000","3918","296","192.168.178.95","8081","10.0.0.2","32834","244","656605","1"
,"52.216755000","52.125602000","3919","296","192.168.178.95","8081","10.0.0.2","32834","244","656849","1"
,"52.216780000","52.125627000","3920","296","192.168.178.95","8081","10.0.0.2","32834","244","657093","1"
,"52.277831000","52.186678000","3921","52","10.0.0.2","32834","192.168.178.95","8081","0","1","646357"
,"52.278928000","52.187775000","3922","296","192.168.178.95","8081","10.0.0.2","32834","244","657337","1"
,"52.278953000","52.187800000","3923","296","192.168.178.95","8081","10.0.0.2","32834","244","657581","1"
,"52.278990000","52.187837000","3924","296","192.168.178.95","8081","10.0.0.2","32834","244","657825","1"
,"52.279001000","52.187848000","3925","296","192.168.178.95","8081","10.0.0.2","32834","244","658069","1"
,"52.279036000","52.187883000","3926","296","192.168.178.95","8081","10.0.0.2","32834","244","658313","1"
,"52.279045000","52.187892000","3927","296","192.168.178.95","8081","10.0.0.2","32834","244","658557","1"
,"52.340744000","52.249591000","3928","52","10.0.0.2","32834","192.168.178.95","8081","0","1","647577"
,"52.341682000","52.250529000","3929","296","192.168.178.95","8081","10.0.0.2","32834","244","658801","1"
,"52.341705000","52.250552000","3930","296","192.168.178.95","8081","10.0.0.2","32834","244","659045","1"
,"52.341742000","52.250589000","3931","296","192.168.178.95","8081","10.0.0.2","32834","244","659289","1"
,"52.341752000","52.250599000","3932","296","192.168.178.95","8081","10.0.0.2","32834","244","659533","1"
,"52.403359000","52.312206000","3933","52","10.0.0.2","32834","192.168.178.95","8081","0","1","648797"
,"52.404313000","52.313160000","3934","296","192.168.178.95","8081","10.0.0.2","32834","244","659777","1"
,"52.404341000","52.313188000","3935","296","192.168.178.95","8081","10.0.0.2","32834","244","660021","1"
,"52.404380000","52.313227000","3936","296","192.168.178.95","8081","10.0.0.2","32834","244","660265","1"
,"52.404391000","52.313238000","3937","296","192.168.178.95","8081","10.0.0.2","32834","244","660509","1"
,"52.404429000","52.313276000","3938","296","192.168.178.95","8081","10.0.0.2","32834","244","660753","1"
,"52.404442000","52.313289000","3939","296","192.168.178.95","8081","10.0.0.2","32834","244","660997","1"
,"52.465491000","52.374338000","3940","52","10.0.0.2","32834","192.168.178.95","8081","0","1","650017"
,"52.466610000","52.375457000","3941","296","192.168.178.95","8081","10.0.0.2","32834","244","661241","1"
,"52.466636000","52.375483000","3942","296","192.168.178.95","8081","10.0.0.2","32834","244","661485","1"
,"52.466678000","52.375525000","3943","296","192.168.178.95","8081","10.0.0.2","32834","244","661729","1"
,"52.466690000","52.375537000","3944","296","192.168.178.95","8081","10.0.0.2","32834","244","661973","1"
,"52.466727000","52.375574000","3945","296","192.168.178.95","8081","10.0.0.2","32834","244","662217","1"
,"52.466738000","52.375585000","3946","296","192.168.178.95","8081","10.0.0.2","32834","244","662461","1"
,"52.527341000","52.436188000","3947","52","10.0.0.2","32834","192.168.178.95","8081","0","1","651237"
,"52.528493000","52.437340000","3948","296","192.168.178.95","8081","10.0.0.2","32834","244","662705","1"
,"52.528521000","52.437368000","3949","296","192.168.178.95","8081","10.0.0.2","32834","244","662949","1"
,"52.528558000","52.437405000","3950","296","192.168.178.95","8081","10.0.0.2","32834","244","663193","1"
,"52.528568000","52.437415000","3951","296","192.168.178.95","8081","10.0.0.2","32834","244","663437","1"
,"52.590942000","52.499789000","3952","52","10.0.0.2","32834","192.168.178.95","8081","0","1","652457"
,"52.591873000","52.500720000","3953","296","192.168.178.95","8081","10.0.0.2","32834","244","663681","1"
,"52.591894000","52.500741000","3954","296","192.168.178.95","8081","10.0.0.2","32834","244","663925","1"
,"52.591929000","52.500776000","3955","296","192.168.178.95","8081","10.0.0.2","32834","244","664169","1"
,"52.591939000","52.500786000","3956","296","192.168.178.95","8081","10.0.0.2","32834","244","664413","1"
,"52.591972000","52.500819000","3957","296","192.168.178.95","8081","10.0.0.2","32834","244","664657","1"
,"52.591982000","52.500829000","3958","296","192.168.178.95","8081","10.0.0.2","32834","244","664901","1"
,"52.652863000","52.561710000","3959","52","10.0.0.2","32834","192.168.178.95","8081","0","1","653677"
,"52.653872000","52.562719000","3960","296","192.168.178.95","8081","10.0.0.2","32834","244","665145","1"
,"52.653896000","52.562743000","3961","296","192.168.178.95","8081","10.0.0.2","32834","244","665389","1"
,"52.653932000","52.562779000","3962","296","192.168.178.95","8081","10.0.0.2","32834","244","665633","1"
,"52.653942000","52.562789000","3963","296","192.168.178.95","8081","10.0.0.2","32834","244","665877","1"
,"52.716110000","52.624957000","3964","52","10.0.0.2","32834","192.168.178.95","8081","0","1","654897"
,"52.717021000","52.625868000","3965","296","192.168.178.95","8081","10.0.0.2","32834","244","666121","1"
,"52.717043000","52.625890000","3966","296","192.168.178.95","8081","10.0.0.2","32834","244","666365","1"
,"52.717080000","52.625927000","3967","296","192.168.178.95","8081","10.0.0.2","32834","244","666609","1"
,"52.717091000","52.625938000","3968","296","192.168.178.95","8081","10.0.0.2","32834","244","666853","1"
,"52.717125000","52.625972000","3969","296","192.168.178.95","8081","10.0.0.2","32834","244","667097","1"
,"52.717135000","52.625982000","3970","296","192.168.178.95","8081","10.0.0.2","32834","244","667341","1"
,"52.778140000","52.686987000","3971","52","10.0.0.2","32834","192.168.178.95","8081","0","1","656117"
,"52.779025000","52.687872000","3972","296","192.168.178.95","8081","10.0.0.2","32834","244","667585","1"
,"52.779050000","52.687897000","3973","296","192.168.178.95","8081","10.0.0.2","32834","244","667829","1"
,"52.779089000","52.687936000","3974","296","192.168.178.95","8081","10.0.0.2","32834","244","668073","1"
,"52.779101000","52.687948000","3975","296","192.168.178.95","8081","10.0.0.2","32834","244","668317","1"
,"52.840505000","52.749352000","3976","52","10.0.0.2","32834","192.168.178.95","8081","0","1","657337"
,"52.841565000","52.750412000","3977","296","192.168.178.95","8081","10.0.0.2","32834","244","668561","1"
,"52.841592000","52.750439000","3978","296","192.168.178.95","8081","10.0.0.2","32834","244","668805","1"
,"52.841630000","52.750477000","3979","296","192.168.178.95","8081","10.0.0.2","32834","244","669049","1"
,"52.841641000","52.750488000","3980","296","192.168.178.95","8081","10.0.0.2","32834","244","669293","1"
,"52.841676000","52.750523000","3981","296","192.168.178.95","8081","10.0.0.2","32834","244","669537","1"
,"52.841689000","52.750536000","3982","296","192.168.178.95","8081","10.0.0.2","32834","244","669781","1"
,"52.842699000","52.751546000","3983","183","192.168.178.95","8081","10.0.0.2","32834","131","670025","1"
,"52.902733000","52.811580000","3984","52","10.0.0.2","32834","192.168.178.95","8081","0","1","658557"
,"52.965806000","52.874653000","3985","52","10.0.0.2","32834","192.168.178.95","8081","0","1","659777"
,"53.028040000","52.936887000","3986","52","10.0.0.2","32834","192.168.178.95","8081","0","1","660997"
,"53.090850000","52.999697000","3987","52","10.0.0.2","32834","192.168.178.95","8081","0","1","662217"
,"53.152830000","53.061677000","3988","52","10.0.0.2","32834","192.168.178.95","8081","0","1","662705"
,"53.152855000","53.061702000","3989","52","10.0.0.2","32834","192.168.178.95","8081","0","1","663437"
,"53.215927000","53.124774000","3990","52","10.0.0.2","32834","192.168.178.95","8081","0","1","664657"
,"53.278359000","53.187206000","3991","52","10.0.0.2","32834","192.168.178.95","8081","0","1","665877"
,"53.340723000","53.249570000","3992","52","10.0.0.2","32834","192.168.178.95","8081","0","1","667097"
,"53.403170000","53.312017000","3993","52","10.0.0.2","32834","192.168.178.95","8081","0","1","668317"
,"53.465454000","53.374301000","3994","52","10.0.0.2","32834","192.168.178.95","8081","0","1","669537"
,"53.527764000","53.436611000","3995","52","10.0.0.2","32834","192.168.178.95","8081","0","1","670157"
,"53.527810000","53.436657000","3996","52","10.0.0.2","32834","192.168.178.95","8081","0","1","670157"
,"53.531350000","53.440197000","3997","52","192.168.178.95","8081","10.0.0.2","32834","0","670157","2"
